count,wgs_lng,wgs_lat,time
1.0,113.33067760578687,23.14394060009075,2018-10-14-05-00-20
1.0,113.33417059052954,23.143934049665283,2018-10-14-05-00-20
1.0,113.33491910385798,23.14393265932554,2018-10-14-05-00-20
1.0,113.32718470458337,23.144197128931694,2018-10-14-05-00-20
1.0,113.3354180993825,23.144181636392755,2018-10-14-05-00-20
1.0,113.33716466816362,23.144178423214782,2018-10-14-05-00-20
1.0,113.32793313912724,23.144695505868672,2018-10-14-05-00-20
1.0,113.33192503582248,23.144687952982718,2018-10-14-05-00-20
1.0,113.33741414722853,23.144677768964772,2018-10-14-05-00-20
1.0,113.32543823772619,23.144950164406232,2018-10-14-05-00-20
1.0,113.32693516472354,23.144947307499834,2018-10-14-05-00-20
1.0,113.33591706388901,23.144930418090365,2018-10-14-05-00-20
1.0,113.33716461703233,23.144928126289244,2018-10-14-05-00-20
1.0,113.32918056018305,23.145192938232437,2018-10-14-05-00-20
1.0,113.33267349727478,23.145186350464247,2018-10-14-05-00-20
1.0,113.33641606563523,23.145179400415955,2018-10-14-05-00-20
1.0,113.33691508769633,23.145178484360766,2018-10-14-05-00-20
1.0,113.32593717832285,23.145449013647557,2018-10-14-05-00-20
1.0,113.32893105134528,23.145443312722165,2018-10-14-05-00-20
1.0,113.33017851493197,23.145440949233347,2018-10-14-05-00-20
1.0,113.33042800905467,23.145440477597823,2018-10-14-05-00-20
1.0,113.33092699881244,23.145439535487807,2018-10-14-05-00-20
1.0,113.33392096828496,23.14568382167169,2018-10-14-05-00-20
1.0,113.3344199750223,23.145682893042714,2018-10-14-05-00-20
1.0,113.33691505360954,23.14567828664121,2018-10-14-05-00-20
1.0,113.3261866319981,23.14594833974374,2018-10-14-05-00-20
1.0,113.32843203491991,23.14594406271507,2018-10-14-05-00-20
1.0,113.32893101732134,23.145943115071454,2018-10-14-05-00-20
1.0,113.32992898726364,23.145941223588377,2018-10-14-05-00-20
1.0,113.33267344619428,23.14593605393669,2018-10-14-05-00-20
1.0,113.33392095125302,23.14593372286206,2018-10-14-05-00-20
1.0,113.33516847347214,23.145931405668318,2018-10-14-05-00-20
1.0,113.3354179801213,23.1459309440301,2018-10-14-05-00-20
1.0,113.33591699573098,23.145930022652035,2018-10-14-05-00-20
1.0,113.33417043723777,23.146183159487283,2018-10-14-05-00-20
1.0,113.33067743560048,23.14643961117531,2018-10-14-05-00-20
1.0,113.32468965857329,23.146700903202174,2018-10-14-05-00-20
1.0,113.32618656399256,23.146947944842694,2018-10-14-05-00-20
1.0,113.3339208831236,23.14693332795587,2018-10-14-05-00-20
1.0,113.33591692757027,23.14692962774451,2018-10-14-05-00-20
1.0,113.33766350783365,23.146926424133557,2018-10-14-05-00-20
1.0,113.32518859780893,23.147199752130984,2018-10-14-05-00-20
1.0,113.33167536826704,23.147187434211297,2018-10-14-05-00-20
1.0,113.33516838828545,23.147180912117896,2018-10-14-05-00-20
1.0,113.33566740234006,23.14717998946976,2018-10-14-05-00-20
1.0,113.33591691052968,23.147179529100985,2018-10-14-05-00-20
1.0,113.33092686264868,23.14743874568032,2018-10-14-05-00-20
1.0,113.33292284374154,23.147434994526844,2018-10-14-05-00-20
1.0,113.33566738530027,23.14742989085974,2018-10-14-05-00-20
1.0,113.3314258204496,23.14793760808191,2018-10-14-05-00-20
1.0,113.3306773164601,23.14818892091179,2018-10-14-05-00-20
1.0,113.33392079795809,23.14818283507508,2018-10-14-05-00-20
1.0,113.33142578640235,23.148437411098392,2018-10-14-05-00-20
1.0,113.33317227596594,23.14843413367826,2018-10-14-05-00-20
1.0,113.32967930692554,23.148690611256594,2018-10-14-05-00-20
1.0,113.33491876313246,23.14893068480932,2018-10-14-05-00-20
1.0,113.33566728305804,23.148929299905383,2018-10-14-05-00-20
1.0,113.32893077913518,23.14944173525739,2018-10-14-05-00-20
1.0,113.33417021579247,23.149431878437497,2018-10-14-05-00-20
1.0,113.33491871201788,23.14968038978876,2018-10-14-05-00-20
1.0,113.32543789774594,23.149948192593623,2018-10-14-05-00-20
1.0,113.3311761880729,23.149937290990035,2018-10-14-05-00-20
1.0,113.33142568425659,23.149936820959386,2018-10-14-05-00-20
1.0,113.33167518099344,23.149936351360974,2018-10-14-05-00-20
1.0,113.33242367465652,23.149934945282435,2018-10-14-05-00-20
1.0,113.32768327508373,23.15019381165582,2018-10-14-05-00-20
1.0,113.33242365762767,23.150184847044706,2018-10-14-05-00-20
1.0,113.33292265641161,23.150183912045982,2018-10-14-05-00-20
1.0,113.32468940362247,23.15044942660915,2018-10-14-05-00-20
1.0,113.32618632595226,23.15044656692125,2018-10-14-05-00-20
1.0,113.3301781745625,23.150438978747808,2018-10-14-05-00-20
1.0,113.32818220409912,23.15094256783754,2018-10-14-05-00-20
1.0,113.32918016884838,23.15094067257171,2018-10-14-05-00-20
1.0,113.33417011357744,23.15093128911224,2018-10-14-05-00-20
1.0,113.33566714672573,23.15092851386405,2018-10-14-05-00-20
1.0,113.33741372105597,23.150925305420667,2018-10-14-05-00-20
1.0,113.32893066002985,23.15119104783709,2018-10-14-05-00-20
1.0,113.32992862988796,23.151189156350537,2018-10-14-05-00-20
1.0,113.3331720886178,23.15118305269014,2018-10-14-05-00-20
1.0,113.33491860978421,23.151179800667716,2018-10-14-05-00-20
1.0,113.33741370400689,23.15117520731898,2018-10-14-05-00-20
1.0,113.32843164364306,23.151691799385194,2018-10-14-05-00-20
1.0,113.32942959301293,23.151939807332127,2018-10-14-05-00-20
1.0,113.32493875412307,23.152448165292608,2018-10-14-05-00-20
1.0,113.32843159260044,23.152441505497972,2018-10-14-05-00-20
1.0,113.33167501072724,23.152435370527684,2018-10-14-05-00-20
1.0,113.33541753707962,23.152428386782727,2018-10-14-05-00-20
1.0,113.32942954195778,23.152689513548154,2018-10-14-05-00-20
1.0,113.3369145763246,23.152675532682558,2018-10-14-05-00-20
1.0,113.33142547994707,23.152935644373798,2018-10-14-05-00-20
1.0,113.33516799637299,23.152928652668074,2018-10-14-05-00-20
1.0,113.32818205098036,23.153191686177763,2018-10-14-05-00-20
1.0,113.3314254629202,23.153185546549533,2018-10-14-05-00-20
1.0,113.33217395480492,23.153184139098713,2018-10-14-05-00-20
1.0,113.32743356446294,23.153443012735444,2018-10-14-05-00-20
1.0,113.32868101550889,23.153440640162277,2018-10-14-05-00-20
1.0,113.33292243499568,23.153432638081,2018-10-14-05-00-20
1.0,113.32693456950214,23.15369386573956,2018-10-14-05-00-20
1.0,113.33117593269718,23.153685821036763,2018-10-14-05-00-20
1.0,113.32468916563462,23.153948055392217,2018-10-14-05-00-20
1.0,113.33042743035296,23.153937135881197,2018-10-14-05-00-20
1.0,113.33491910385798,23.14393265932554,2018-10-14-05-00-20
1.0,113.3354180993825,23.144181636392755,2018-10-14-05-00-20
1.0,113.33716466816362,23.144178423214782,2018-10-14-05-00-20
1.0,113.3384122427821,23.1441761492642,2018-10-14-05-00-20
1.0,113.34040841090399,23.144172551849785,2018-10-14-05-00-20
1.0,113.33741414722853,23.144677768964772,2018-10-14-05-00-20
1.0,113.34415137458963,23.144665763735375,2018-10-14-05-00-20
1.0,113.33591706388901,23.144930418090365,2018-10-14-05-00-20
1.0,113.33716461703233,23.144928126289244,2018-10-14-05-00-20
1.0,113.33891122785501,23.14492494809514,2018-10-14-05-00-20
1.0,113.33641606563523,23.145179400415955,2018-10-14-05-00-20
1.0,113.33691508769633,23.145178484360766,2018-10-14-05-00-20
1.0,113.3344199750223,23.145682893042714,2018-10-14-05-00-20
1.0,113.33691505360954,23.14567828664121,2018-10-14-05-00-20
1.0,113.33891117670207,23.14567465146526,2018-10-14-05-00-20
1.0,113.33516847347214,23.145931405668318,2018-10-14-05-00-20
1.0,113.3354179801213,23.1459309440301,2018-10-14-05-00-20
1.0,113.33591699573098,23.145930022652035,2018-10-14-05-00-20
1.0,113.33990924358075,23.14592275385009,2018-10-14-05-00-20
1.0,113.3404082915085,23.145921859481245,2018-10-14-05-00-20
1.0,113.33891114259927,23.146174453877506,2018-10-14-05-00-20
1.0,113.33941016555599,23.14642345408516,2018-10-14-05-00-20
1.0,113.33591692757027,23.14692962774451,2018-10-14-05-00-20
1.0,113.33766350783365,23.146926424133557,2018-10-14-05-00-20
1.0,113.33516838828545,23.147180912117896,2018-10-14-05-00-20
1.0,113.33566740234006,23.14717998946976,2018-10-14-05-00-20
1.0,113.33591691052968,23.147179529100985,2018-10-14-05-00-20
1.0,113.33566738530027,23.14742989085974,2018-10-14-05-00-20
1.0,113.34015863058242,23.14792151694984,2018-10-14-05-00-20
1.0,113.34090720707309,23.147920179308752,2018-10-14-05-00-20
1.0,113.33965953352026,23.148672117596405,2018-10-14-05-00-20
1.0,113.33491876313246,23.14893068480932,2018-10-14-05-00-20
1.0,113.33566728305804,23.148929299905383,2018-10-14-05-00-20
1.0,113.3396595164641,23.14892201918764,2018-10-14-05-00-20
1.0,113.33491871201788,23.14968038978876,2018-10-14-05-00-20
1.0,113.34365193481011,23.14991455883598,2018-10-14-05-00-20
1.0,113.3468960018522,23.15065871324391,2018-10-14-05-00-20
1.0,113.33566714672573,23.15092851386405,2018-10-14-05-00-20
1.0,113.33741372105597,23.150925305420667,2018-10-14-05-00-20
1.0,113.34165558828427,23.150917669833056,2018-10-14-05-00-20
1.0,113.33491860978421,23.151179800667716,2018-10-14-05-00-20
1.0,113.33741370400689,23.15117520731898,2018-10-14-05-00-20
1.0,113.34190506790358,23.151666934277987,2018-10-14-05-00-20
1.0,113.346396824136,23.1516591625882,2018-10-14-05-00-20
1.0,113.33541753707962,23.152428386782727,2018-10-14-05-00-20
1.0,113.3369145763246,23.152675532682558,2018-10-14-05-00-20
1.0,113.33516799637299,23.152928652668074,2018-10-14-05-00-20
1.0,113.33891063097714,23.15367150626486,2018-10-14-05-00-20
1.0,113.34589758344254,23.153659225862576,2018-10-14-05-00-20
1.0,113.35463341559745,23.143898987586486,2018-10-14-05-00-20
1.0,113.35613107179327,23.14389674871998,2018-10-14-05-00-20
1.0,113.35463339849176,23.144148888542652,2018-10-14-05-00-20
1.0,113.34415137458963,23.144665763735375,2018-10-14-05-00-20
1.0,113.35613102046158,23.144646451686086,2018-10-14-05-00-20
1.0,113.35538216730234,23.14489746518007,2018-10-14-05-00-20
1.0,113.34889285366252,23.145407463202137,2018-10-14-05-00-20
1.0,113.34914242173362,23.14540705394526,2018-10-14-05-00-20
1.0,113.35438369263068,23.145648673504915,2018-10-14-05-00-20
1.0,113.35662994544299,23.149143942037608,2018-10-14-05-00-20
1.0,113.3541338174254,23.149647476554396,2018-10-14-05-00-20
1.0,113.3468960018522,23.15065871324391,2018-10-14-05-00-20
1.0,113.35014033279238,23.15090326296239,2018-10-14-05-00-20
1.0,113.35014029860108,23.15140306678901,2018-10-14-05-00-20
1.0,113.346396824136,23.1516591625882,2018-10-14-05-00-20
1.0,113.35662977428075,23.151642960133216,2018-10-14-05-00-20
1.0,113.34889230677625,23.1534043168593,2018-10-14-05-00-20
1.0,113.34589758344254,23.153659225862576,2018-10-14-05-00-20
1.0,113.33142547994707,23.152935644373798,2018-10-14-05-00-20
1.0,113.33516799637299,23.152928652668074,2018-10-14-05-00-20
1.0,113.32818205098036,23.153191686177763,2018-10-14-05-00-20
1.0,113.3314254629202,23.153185546549533,2018-10-14-05-00-20
1.0,113.33217395480492,23.153184139098713,2018-10-14-05-00-20
1.0,113.32743356446294,23.153443012735444,2018-10-14-05-00-20
1.0,113.32868101550889,23.153440640162277,2018-10-14-05-00-20
1.0,113.33292243499568,23.153432638081,2018-10-14-05-00-20
1.0,113.32693456950214,23.15369386573956,2018-10-14-05-00-20
1.0,113.33117593269718,23.153685821036763,2018-10-14-05-00-20
1.0,113.33042743035296,23.153937135881197,2018-10-14-05-00-20
1.0,113.32893045583032,23.154189873329706,2018-10-14-05-00-20
1.0,113.33067690791681,23.15418656694258,2018-10-14-05-00-20
1.0,113.32868094744306,23.15444024935546,2018-10-14-05-00-20
1.0,113.32917993060153,23.154439302314213,2018-10-14-05-00-20
1.0,113.33741348235377,23.15442393514392,2018-10-14-05-00-20
1.0,113.32917991358265,23.1546892047,2018-10-14-05-00-20
1.0,113.33292233279421,23.154932052076827,2018-10-14-05-00-20
1.0,113.33491833713171,23.15517823575807,2018-10-14-05-00-20
1.0,113.3351677748182,23.15617738367539,2018-10-14-05-00-20
1.0,113.32893030266493,23.156438995754137,2018-10-14-05-00-20
1.0,113.33167473826663,23.15643380842232,2018-10-14-05-00-20
1.0,113.33466874680335,23.156428211424537,2018-10-14-05-00-20
1.0,113.32743332629137,23.15694164737824,2018-10-14-05-00-20
1.0,113.32643532066452,23.15769325806354,2018-10-14-05-00-20
1.0,113.33641521336237,23.15767449820951,2018-10-14-05-00-20
1.0,113.3254373366331,23.158194969114817,2018-10-14-05-00-20
1.0,113.32593631112155,23.158194016133724,2018-10-14-05-00-20
1.0,113.33142512234765,23.15818359744778,2018-10-14-05-00-20
1.0,113.3316746190517,23.158183127847998,2018-10-14-05-00-20
1.0,113.32568680674747,23.158444395469573,2018-10-14-05-00-20
1.0,113.32618578173769,23.15844344279684,2018-10-14-05-00-20
1.0,113.32843118420566,23.15843916574956,2018-10-14-05-00-20
1.0,113.33142503719411,23.159433112399956,2018-10-14-05-00-20
1.0,113.32493822703347,23.160195147004657,2018-10-14-05-00-20
1.0,113.32518767968347,23.1606944766347,2018-10-14-05-00-20
1.0,113.32518766267657,23.16094437991636,2018-10-14-05-00-20
1.0,113.32668458769373,23.160941521994573,2018-10-14-05-00-20
1.0,113.33391992903162,23.160927857018233,2018-10-14-05-00-20
1.0,113.3251876456695,23.161194283234543,2018-10-14-05-00-20
1.0,113.32868048792906,23.161187626271172,2018-10-14-05-00-20
1.0,113.32967843884335,23.161435636822763,2018-10-14-05-00-20
1.0,113.32967842181779,23.161685540213426,2018-10-14-05-00-20
1.0,113.32793193119088,23.16243856616711,2018-10-14-05-00-20
1.0,113.3349178428402,23.16242542251846,2018-10-14-05-00-20
1.0,113.33516734867203,23.16242496026099,2018-10-14-05-00-20
1.0,113.32593600494718,23.16269227423028,2018-10-14-05-00-20
3.0,113.32543701348594,23.162943130788257,2018-10-14-05-00-20
1.0,113.32568650058833,23.162942654222906,2018-10-14-05-00-20
1.0,113.32693394004643,23.162940273864002,2018-10-14-05-00-20
1.0,113.33516799637299,23.152928652668074,2018-10-14-05-00-20
1.0,113.33891063097714,23.15367150626486,2018-10-14-05-00-20
1.0,113.34589758344254,23.153659225862576,2018-10-14-05-00-20
1.0,113.33741348235377,23.15442393514392,2018-10-14-05-00-20
1.0,113.34714528519858,23.15465672810433,2018-10-14-05-00-20
1.0,113.33491833713171,23.15517823575807,2018-10-14-05-00-20
1.0,113.34614701520584,23.15540811882056,2018-10-14-05-00-20
1.0,113.3463965507876,23.155657598762954,2018-10-14-05-00-20
1.0,113.3384114413266,23.155921532286825,2018-10-14-05-00-20
1.0,113.3463965337019,23.155907501322098,2018-10-14-05-00-20
1.0,113.347394757839,23.155905822649043,2018-10-14-05-00-20
1.0,113.3351677748182,23.15617738367539,2018-10-14-05-00-20
1.0,113.33466874680335,23.156428211424537,2018-10-14-05-00-20
1.0,113.33791237477993,23.15642224485939,2018-10-14-05-00-20
1.0,113.34365147380962,23.156661918510903,2018-10-14-05-00-20
1.0,113.34489918605246,23.15665976160249,2018-10-14-05-00-20
1.0,113.34340191792425,23.15691225571745,2018-10-14-05-00-20
1.0,113.3429028096953,23.15741293326684,2018-10-14-05-00-20
1.0,113.34390096258282,23.157411193243163,2018-10-14-05-00-20
1.0,113.34514868098253,23.157409041637184,2018-10-14-05-00-20
1.0,113.33641521336237,23.15767449820951,2018-10-14-05-00-20
1.0,113.34015791402099,23.158417409172547,2018-10-14-05-00-20
1.0,113.34065670788395,23.16216506462979,2018-10-14-05-00-20
1.0,113.3436510980894,23.16215978626552,2018-10-14-05-00-20
1.0,113.3349178428402,23.16242542251846,2018-10-14-05-00-20
1.0,113.33516734867203,23.16242496026099,2018-10-14-05-00-20
1.0,113.34340152514116,23.16266002780541,2018-10-14-05-00-20
1.0,113.3439006039128,23.162659159819004,2018-10-14-05-00-20
1.0,113.34889230677625,23.1534043168593,2018-10-14-05-00-20
1.0,113.34589758344254,23.153659225862576,2018-10-14-05-00-20
1.0,113.3476444198426,23.154405991127344,2018-10-14-05-00-20
1.0,113.35213674117004,23.154398708699613,2018-10-14-05-00-20
1.0,113.34714528519858,23.15465672810433,2018-10-14-05-00-20
1.0,113.34614701520584,23.15540811882056,2018-10-14-05-00-20
1.0,113.3463965507876,23.155657598762954,2018-10-14-05-00-20
1.0,113.3463965337019,23.155907501322098,2018-10-14-05-00-20
1.0,113.347394757839,23.155905822649043,2018-10-14-05-00-20
1.0,113.34489918605246,23.15665976160249,2018-10-14-05-00-20
1.0,113.34514868098253,23.157409041637184,2018-10-14-05-00-20
1.0,113.35238591870767,23.160395983925575,2018-10-14-05-00-20
1.0,113.32793193119088,23.16243856616711,2018-10-14-05-00-20
1.0,113.3349178428402,23.16242542251846,2018-10-14-05-00-20
1.0,113.33516734867203,23.16242496026099,2018-10-14-05-00-20
1.0,113.32593600494718,23.16269227423028,2018-10-14-05-00-20
3.0,113.32543701348594,23.162943130788257,2018-10-14-05-00-20
1.0,113.32568650058833,23.162942654222906,2018-10-14-05-00-20
1.0,113.32693394004643,23.162940273864002,2018-10-14-05-00-20
1.0,113.32568648357791,23.16319255783523,2018-10-14-05-00-20
1.0,113.32743290090386,23.163189226714934,2018-10-14-05-00-20
1.0,113.32593595391289,23.16344198506718,2018-10-14-05-00-20
1.0,113.32618544151707,23.16344150881019,2018-10-14-05-00-20
1.0,113.32693388899949,23.16368998481148,2018-10-14-05-00-20
1.0,113.32743286686836,23.16368903405013,2018-10-14-05-00-20
1.0,113.32643489536552,23.16394084013571,2018-10-14-05-00-20
1.0,113.32768233928562,23.16393846273839,2018-10-14-05-00-20
1.0,113.32493795492468,23.16419360274669,2018-10-14-05-00-20
1.0,113.33367020521163,23.16417706816171,2018-10-14-05-00-20
1.0,113.33566624325432,23.164173363142332,2018-10-14-05-00-20
1.0,113.33367018816834,23.164426971958385,2018-10-14-05-00-20
1.0,113.32793177801224,23.164687699343272,2018-10-14-05-00-20
1.0,113.32768227120792,23.164938078003775,2018-10-14-05-00-20
1.0,113.32793176099156,23.164937603215552,2018-10-14-05-00-20
1.0,113.33516717818435,23.16492399729738,2018-10-14-05-00-20
1.0,113.33441861178312,23.16567509770988,2018-10-14-05-00-20
1.0,113.33466811613623,23.165674634255584,2018-10-14-05-00-20
1.0,113.33441859473588,23.165925001731058,2018-10-14-05-00-20
1.0,113.33591563200945,23.16592223013003,2018-10-14-05-00-20
1.0,113.33716318474575,23.16591993831131,2018-10-14-05-00-20
1.0,113.33766221175811,23.165919026496777,2018-10-14-05-00-20
1.0,113.33441857768847,23.166174905789862,2018-10-14-05-00-20
1.0,113.3349175871171,23.166173979473125,2018-10-14-05-00-20
1.0,113.33591561495616,23.16617213418858,2018-10-14-05-00-20
1.0,113.33491757006756,23.166423883569525,2018-10-14-05-00-20
1.0,113.33441854359313,23.166674714020576,2018-10-14-05-00-20
1.0,113.33516705883305,23.16667332544549,2018-10-14-05-00-20
1.0,113.3359155808491,23.166671942418798,2018-10-14-05-00-20
1.0,113.32493776782518,23.166942546586636,2018-10-14-05-00-20
1.0,113.33416902291016,23.166925082226875,2018-10-14-05-00-20
1.0,113.33441852654522,23.1669246181926,2018-10-14-05-00-20
1.0,113.32568621138851,23.16719102070523,2018-10-14-05-00-20
1.0,113.3261851863079,23.1671900680296,2018-10-14-05-00-20
1.0,113.33441850949714,23.16717452240247,2018-10-14-05-00-20
1.0,113.33491751891793,23.167173596085398,2018-10-14-05-00-20
1.0,113.3274326115809,23.167437593829238,2018-10-14-05-00-20
1.0,113.33566602157651,23.167422115419875,2018-10-14-05-00-20
1.0,113.32568617736186,23.16769082924164,2018-10-14-05-00-20
1.0,113.33566598746972,23.16792192402893,2018-10-14-05-00-20
1.0,113.33591547852392,23.16817136801825,2018-10-14-05-00-20
1.0,113.32568610930652,23.16869044677105,2018-10-14-05-00-20
1.0,113.3249376147288,23.16919168585877,2018-10-14-05-00-20
1.0,113.32518699927775,23.170690636937408,2018-10-14-05-00-20
1.0,113.32768187970947,23.17068587750335,2018-10-14-05-00-20
1.0,113.33292125931627,23.17067597782207,2018-10-14-05-00-20
1.0,113.33342024342441,23.17092494962531,2018-10-14-05-00-20
1.0,113.33366974498409,23.17092448392463,2018-10-14-05-00-20
1.0,113.32543645208757,23.171189969845106,2018-10-14-05-00-20
1.0,113.3266838900186,23.171187588615552,2018-10-14-05-00-20
1.0,113.33242219252294,23.171676532198113,2018-10-14-05-00-20
1.0,113.32693332738427,23.1719368276179,2018-10-14-05-00-20
1.0,113.34065670788395,23.16216506462979,2018-10-14-05-00-20
1.0,113.3436510980894,23.16215978626552,2018-10-14-05-00-20
1.0,113.3349178428402,23.16242542251846,2018-10-14-05-00-20
1.0,113.33516734867203,23.16242496026099,2018-10-14-05-00-20
1.0,113.34340152514116,23.16266002780541,2018-10-14-05-00-20
1.0,113.3439006039128,23.162659159819004,2018-10-14-05-00-20
1.0,113.34265288167215,23.163161144539597,2018-10-14-05-00-20
1.0,113.3431519192211,23.163660077836674,2018-10-14-05-00-20
1.0,113.33566624325432,23.164173363142332,2018-10-14-05-00-20
1.0,113.34215374624239,23.16416163729416,2018-10-14-05-00-20
1.0,113.3386603788864,23.16441778826387,2018-10-14-05-00-20
1.0,113.3389098973899,23.164417336532495,2018-10-14-05-00-20
1.0,113.34090608072921,23.16441375244882,2018-10-14-05-00-20
1.0,113.34215372916647,23.164411541089407,2018-10-14-05-00-20
1.0,113.34240326215973,23.164411101633288,2018-10-14-05-00-20
1.0,113.34415000844244,23.16465795699196,2018-10-14-05-00-20
1.0,113.33516717818435,23.16492399729738,2018-10-14-05-00-20
1.0,113.33841077600894,23.165667760321945,2018-10-14-05-00-20
1.0,113.33591563200945,23.16592223013003,2018-10-14-05-00-20
1.0,113.33716318474575,23.16591993831131,2018-10-14-05-00-20
1.0,113.33766221175811,23.165919026496777,2018-10-14-05-00-20
1.0,113.3349175871171,23.166173979473125,2018-10-14-05-00-20
1.0,113.33591561495616,23.16617213418858,2018-10-14-05-00-20
1.0,113.33491757006756,23.166423883569525,2018-10-14-05-00-20
1.0,113.33516705883305,23.16667332544549,2018-10-14-05-00-20
1.0,113.3359155808491,23.166671942418798,2018-10-14-05-00-20
1.0,113.33491751891793,23.167173596085398,2018-10-14-05-00-20
1.0,113.33566602157651,23.167422115419875,2018-10-14-05-00-20
1.0,113.33566598746972,23.16792192402893,2018-10-14-05-00-20
1.0,113.33591547852392,23.16817136801825,2018-10-14-05-00-20
1.0,113.34140486365717,23.16841133097301,2018-10-14-05-00-20
1.0,113.34165437623986,23.168660793125422,2018-10-14-05-00-20
1.0,113.34065622988952,23.169162376717125,2018-10-14-05-00-20
1.0,113.34265247177548,23.169158842401107,2018-10-14-05-00-20
1.0,113.34564697402071,23.169153660182587,2018-10-14-05-00-20
1.0,113.34739385186974,23.169150710334176,2018-10-14-05-00-20
1.0,113.34015716302135,23.16941317391596,2018-10-14-05-00-20
1.0,113.34090573926909,23.169411836263958,2018-10-14-05-00-20
1.0,113.34040667033139,23.169662631747393,2018-10-14-05-00-20
1.0,113.34290197286373,23.16965821403013,2018-10-14-05-00-20
1.0,113.34040665325834,23.1699125363762,2018-10-14-05-00-20
1.0,113.34564692274404,23.169903373951026,2018-10-14-05-00-20
1.0,113.3399075884406,23.170163335420547,2018-10-14-05-00-20
1.0,113.34040663618512,23.170162441043505,2018-10-14-05-00-20
1.0,113.34614600692561,23.17015243003464,2018-10-14-05-00-20
1.0,113.33816093516886,23.17041639649293,2018-10-14-05-00-20
1.0,113.34165425669687,23.170410125257195,2018-10-14-05-00-20
1.0,113.34714420834725,23.170400651372283,2018-10-14-05-00-20
1.0,113.34689463459313,23.170650975203767,2018-10-14-05-00-20
1.0,113.34390002305247,23.171155902345998,2018-10-14-05-00-20
1.0,113.34464865021435,23.17115460817006,2018-10-14-05-00-20
1.0,113.34714415705203,23.17115036571832,2018-10-14-05-00-20
1.0,113.34290185328356,23.17140754723928,2018-10-14-05-00-20
1.0,113.34439908950817,23.171404943365282,2018-10-14-05-00-20
1.0,113.34489817798793,23.171404083767023,2018-10-14-05-00-20
1.0,113.34439907241912,23.171654848264073,2018-10-14-05-00-20
2.0,113.3414046245784,23.171909996588962,2018-10-14-05-00-20
1.0,113.34165415422491,23.17190955430389,2018-10-14-05-00-20
1.0,113.34739366377941,23.171899662513287,2018-10-14-05-00-20
1.0,113.35463199525432,23.164640883663665,2018-10-14-05-00-20
1.0,113.35213600551985,23.16514454353853,2018-10-14-05-00-20
1.0,113.35388310533473,23.16589154351612,2018-10-14-05-00-20
1.0,113.35013916991193,23.16789667295915,2018-10-14-05-00-20
1.0,113.35338375691732,23.168141448937643,2018-10-14-05-00-20
1.0,113.35288455215577,23.168392126768424,2018-10-14-05-00-20
1.0,113.34564697402071,23.169153660182587,2018-10-14-05-00-20
1.0,113.34739385186974,23.169150710334176,2018-10-14-05-00-20
1.0,113.34939036704232,23.16914741129064,2018-10-14-05-00-20
1.0,113.35413246538042,23.1693898221905,2018-10-14-05-00-20
1.0,113.35687817771905,23.169385726528702,2018-10-14-05-00-20
1.0,113.35488125771144,23.169638591171772,2018-10-14-05-00-20
1.0,113.34564692274404,23.169903373951026,2018-10-14-05-00-20
1.0,113.34939031572608,23.169897125057137,2018-10-14-05-00-20
1.0,113.34614600692561,23.17015243003464,2018-10-14-05-00-20
1.0,113.35038859140856,23.17014541081771,2018-10-14-05-00-20
1.0,113.34714420834725,23.170400651372283,2018-10-14-05-00-20
1.0,113.34789288660306,23.170399401283806,2018-10-14-05-00-20
1.0,113.34939028151443,23.170396934427224,2018-10-14-05-00-20
1.0,113.34689463459313,23.170650975203767,2018-10-14-05-00-20
1.0,113.35188604257642,23.1706428322031,2018-10-14-05-00-20
1.0,113.35637885555619,23.17063598037039,2018-10-14-05-00-20
1.0,113.34839197826355,23.170898383510817,2018-10-14-05-00-20
1.0,113.35263478965416,23.170891561737438,2018-10-14-05-00-20
1.0,113.35438196407068,23.170888870245335,2018-10-14-05-00-20
1.0,113.35538038709548,23.17088736526407,2018-10-14-05-00-20
1.0,113.34464865021435,23.17115460817006,2018-10-14-05-00-20
1.0,113.34714415705203,23.17115036571832,2018-10-14-05-00-20
1.0,113.34789283529993,23.17114911562945,2018-10-14-05-00-20
1.0,113.34489817798793,23.171404083767023,2018-10-14-05-00-20
1.0,113.347892801097,23.171648925387,2018-10-14-05-00-20
1.0,113.35013891328981,23.171645242373746,2018-10-14-05-00-20
1.0,113.35213556055766,23.171642058394042,2018-10-14-05-00-20
1.0,113.32543645208757,23.171189969845106,2018-10-14-05-00-20
1.0,113.3266838900186,23.171187588615552,2018-10-14-05-00-20
1.0,113.33242219252294,23.171676532198113,2018-10-14-05-00-20
1.0,113.32693332738427,23.1719368276179,2018-10-14-05-00-20
1.0,113.33292115704573,23.1721754071104,2018-10-14-05-00-20
1.0,113.33516668367568,23.172171226054363,2018-10-14-05-00-20
1.0,113.32793125029367,23.172434737025853,2018-10-14-05-00-20
1.0,113.3284302309114,23.172433788237253,2018-10-14-05-00-20
1.0,113.32992718261677,23.17243094908421,2018-10-14-05-00-20
1.0,113.33267164038621,23.172425779384103,2018-10-14-05-00-20
1.0,113.33666371765241,23.17241837089055,2018-10-14-05-00-20
1.0,113.3271827650546,23.1726860671803,2018-10-14-05-00-20
1.0,113.32843021388354,23.172683693294594,2018-10-14-05-00-20
1.0,113.33267162334137,23.172675684440737,2018-10-14-05-00-20
1.0,113.33691321193203,23.172667818259164,2018-10-14-05-00-20
1.0,113.32643428275217,23.172937399374113,2018-10-14-05-00-20
1.0,113.32693325929738,23.172936447770265,2018-10-14-05-00-20
1.0,113.32768172649045,23.17293502196935,2018-10-14-05-00-20
1.0,113.32793121624182,23.172934547179803,2018-10-14-05-00-20
1.0,113.32843017982732,23.173183503526634,2018-10-14-05-00-20
1.0,113.33366959154787,23.173173628732112,2018-10-14-05-00-20
1.0,113.33491710966682,23.17317130861681,2018-10-14-05-00-20
1.0,113.33516661545657,23.173170846357543,2018-10-14-05-00-20
1.0,113.32643424871178,23.173437209685176,2018-10-14-05-00-20
1.0,113.32718271398515,23.173435782587763,2018-10-14-05-00-20
1.0,113.32743220304303,23.173435307316588,2018-10-14-05-00-20
1.0,113.32818067230451,23.17343388296006,2018-10-14-05-00-20
1.0,113.32843016279895,23.173433408701438,2018-10-14-05-00-20
1.0,113.32917863669181,23.173431987679326,2018-10-14-05-00-20
1.0,113.32942812883726,23.173431514631073,2018-10-14-05-00-20
1.0,113.32967762142893,23.173431041916313,2018-10-14-05-00-20
1.0,113.32992711448023,23.1734305695474,2018-10-14-05-00-20
1.0,113.33466758756352,23.173421676654105,2018-10-14-05-00-20
1.0,113.32867963665655,23.173682839940895,2018-10-14-05-00-20
1.0,113.32942811180472,23.17368141984498,2018-10-14-05-00-20
1.0,113.33441804913582,23.173921950575156,2018-10-14-05-00-20
1.0,113.3379111805496,23.17391552051623,2018-10-14-05-00-20
1.0,113.32743215196905,23.1741850230773,2018-10-14-05-00-20
1.0,113.32768164136293,23.17418454804059,2018-10-14-05-00-20
1.0,113.32818062122145,23.1741835987204,2018-10-14-05-00-20
1.0,113.32867960259698,23.17418265048696,2018-10-14-05-00-20
1.0,113.3289290938871,23.174182176808674,2018-10-14-05-00-20
1.0,113.33716262173931,23.174166792431986,2018-10-14-05-00-20
1.0,113.33766164868803,23.174165880614684,2018-10-14-05-00-20
1.0,113.32793111408225,23.174433978583103,2018-10-14-05-00-20
1.0,113.33766163162247,23.174415785945328,2018-10-14-05-00-20
1.0,113.32768160731077,23.174684358744685,2018-10-14-05-00-20
1.0,113.32793109705507,23.174683883954845,2018-10-14-05-00-20
1.0,113.32843007765466,23.174682935165503,2018-10-14-05-00-20
1.0,113.32867956853674,23.174682461190724,2018-10-14-05-00-20
1.0,113.3299270293058,23.17468009601022,2018-10-14-05-00-20
1.0,113.32668363470165,23.174936165661425,2018-10-14-05-00-20
1.0,113.32942802663948,23.174930946505345,2018-10-14-05-00-20
1.0,113.33691305837097,23.174916965528535,2018-10-14-05-00-20
1.0,113.32768157325792,23.17518416960692,2018-10-14-05-00-20
1.0,113.32917851746751,23.175181325004505,2018-10-14-05-00-20
1.0,113.33666352997733,23.17516732866568,2018-10-14-05-00-20
1.0,113.32668360065657,23.175435976603215,2018-10-14-05-00-20
1.0,113.32693308906848,23.175435500899628,2018-10-14-05-00-20
1.0,113.32768155623125,23.17543407509747,2018-10-14-05-00-20
1.0,113.3359149838674,23.17541861130764,2018-10-14-05-00-20
1.0,113.32668358363377,23.17568588213363,2018-10-14-05-00-20
1.0,113.32718256076781,23.175684930936225,2018-10-14-05-00-20
1.0,113.33791106108153,23.17566485838429,2018-10-14-05-00-20
1.0,113.32543612877599,23.17593816893727,2018-10-14-05-00-20
1.0,113.3269330550207,23.17593531200012,2018-10-14-05-00-20
1.0,113.33292090134313,23.175923986498148,2018-10-14-05-00-20
1.0,113.33691299011726,23.175916587564085,2018-10-14-05-00-20
1.0,113.3256855988066,23.1761875979799,2018-10-14-05-00-20
1.0,113.33267138469596,23.176174359363856,2018-10-14-05-00-20
1.0,113.33292088429495,23.176173892107077,2018-10-14-05-00-20
1.0,113.33641395123253,23.176167409237927,2018-10-14-05-00-20
1.0,113.3369129559894,23.176416398820464,2018-10-14-05-00-20
1.0,113.32818045093376,23.176682653825733,2018-10-14-05-00-20
1.0,113.33641391710822,23.176667220574245,2018-10-14-05-00-20
1.0,113.33666342760057,23.176666762196525,2018-10-14-05-00-20
1.0,113.33741196412417,23.176665391250182,2018-10-14-05-00-20
1.0,113.33666339347366,23.177166573692617,2018-10-14-05-00-20
1.0,113.3379109586738,23.177164292392163,2018-10-14-05-00-20
1.0,113.33691288773169,23.177416021812594,2018-10-14-05-00-20
1.0,113.33791092453656,23.177664104048127,2018-10-14-05-00-20
1.0,113.33791090746769,23.177914009936355,2018-10-14-05-00-20
1.0,113.32693290179745,23.178184463928833,2018-10-14-05-00-20
1.0,113.3276813689269,23.17818303812531,2018-10-14-05-00-20
1.0,113.3309247677883,23.178176889612278,2018-10-14-05-00-20
1.0,113.33142375939063,23.17817594912168,2018-10-14-05-00-20
1.0,113.337162348701,23.17816528249141,2018-10-14-05-00-20
1.0,113.32718237348384,23.178433894405178,2018-10-14-05-00-20
1.0,113.33591477914085,23.178417480289472,2018-10-14-05-00-20
1.0,113.3369128194713,23.17841564544674,2018-10-14-05-00-20
1.0,113.32793082459757,23.178682375316058,2018-10-14-05-00-20
1.0,113.33067523870204,23.17867717245536,2018-10-14-05-00-20
1.0,113.33666329108888,23.178666009144358,2018-10-14-05-00-20
1.0,113.33766134148219,23.17866418265068,2018-10-14-05-00-20
1.0,113.33117421219086,23.178926137187723,2018-10-14-05-00-20
1.0,113.33716229750155,23.178915000519105,2018-10-14-05-00-20
1.0,113.33766132441362,23.178914088700207,2018-10-14-05-00-20
1.0,113.32768130081122,23.17918266224938,2018-10-14-05-00-20
1.0,113.33092469962041,23.179176513734195,2018-10-14-05-00-20
1.0,113.33192268502222,23.179174634481296,2018-10-14-05-00-20
1.0,113.33716228043474,23.17916490660916,2018-10-14-05-00-20
1.0,113.33766130734486,23.179163994790176,2018-10-14-05-00-20
1.0,113.33791082212082,23.17916353998206,2018-10-14-05-00-20
1.0,113.32718230537557,23.179433518691273,2018-10-14-05-00-20
1.0,113.32743179440921,23.179433043419102,2018-10-14-05-00-20
1.0,113.32768128378189,23.17943256838152,2018-10-14-05-00-20
1.0,113.33391866746464,23.17942080482455,2018-10-14-05-00-20
1.0,113.33591471089332,23.179417104569747,2018-10-14-05-00-20
1.0,113.33666323989424,23.17941572741483,2018-10-14-05-00-20
1.0,113.33466716117833,23.179669318899258,2018-10-14-05-00-20
1.0,113.33691273414205,23.1796651758975,2018-10-14-05-00-20
1.0,113.3374117593178,23.179664262638177,2018-10-14-05-00-20
1.0,113.33766127320686,23.179663807091682,2018-10-14-05-00-20
1.0,113.3379107879809,23.17966335228348,2018-10-14-05-00-20
1.0,113.33217213164664,23.17992388429538,2018-10-14-05-00-20
1.0,113.33317012876978,23.17992201430273,2018-10-14-05-00-20
1.0,113.3336691311581,23.179921082367674,2018-10-14-05-00-20
1.0,113.33416813623964,23.179920152604513,2018-10-14-05-00-20
1.0,113.33741174224953,23.179914168849855,2018-10-14-05-00-20
1.0,113.3379107709107,23.179913258495073,2018-10-14-05-00-20
1.0,113.32518635264566,23.180187046471254,2018-10-14-05-00-20
1.0,113.32543583944624,23.18018656976737,2018-10-14-05-00-20
1.0,113.32643378910115,23.180184664432247,2018-10-14-05-00-20
1.0,113.32693276558769,23.180183712826,2018-10-14-05-00-20
1.0,113.33317011171795,23.180171920555786,2018-10-14-05-00-20
1.0,113.3336691141043,23.180170988620645,2018-10-14-05-00-20
1.0,113.33791075384032,23.180163164747334,2018-10-14-05-00-20
1.0,113.32718223726464,23.18043314362625,2018-10-14-05-00-20
1.0,113.33341959552814,23.180421360616595,2018-10-14-05-00-20
1.0,113.3344176057099,23.18041950111448,2018-10-14-05-00-20
1.0,113.33217208050253,23.18067360317724,2018-10-14-05-00-20
1.0,113.33292057739926,23.180672199935504,2018-10-14-05-00-20
1.0,113.33391858219068,23.180670336089456,2018-10-14-05-00-20
1.0,113.33791071969905,23.180662977374052,2018-10-14-05-00-20
1.0,113.32518630158552,23.1809367654789,2018-10-14-05-00-20
1.0,113.3266832261166,23.18093390753728,2018-10-14-05-00-20
1.0,113.34390002305247,23.171155902345998,2018-10-14-05-00-20
1.0,113.34464865021435,23.17115460817006,2018-10-14-05-00-20
1.0,113.34714415705203,23.17115036571832,2018-10-14-05-00-20
1.0,113.34789283529993,23.17114911562945,2018-10-14-05-00-20
1.0,113.34290185328356,23.17140754723928,2018-10-14-05-00-20
1.0,113.34439908950817,23.171404943365282,2018-10-14-05-00-20
1.0,113.34489817798793,23.171404083767023,2018-10-14-05-00-20
1.0,113.34439907241912,23.171654848264073,2018-10-14-05-00-20
1.0,113.347892801097,23.171648925387,2018-10-14-05-00-20
2.0,113.3414046245784,23.171909996588962,2018-10-14-05-00-20
1.0,113.34165415422491,23.17190955430389,2018-10-14-05-00-20
1.0,113.34739366377941,23.171899662513287,2018-10-14-05-00-20
1.0,113.34789278399529,23.17189883032408,2018-10-14-05-00-20
1.0,113.33516668367568,23.172171226054363,2018-10-14-05-00-20
1.0,113.34739364667928,23.172149567489388,2018-10-14-05-00-20
1.0,113.33666371765241,23.17241837089055,2018-10-14-05-00-20
1.0,113.33691321193203,23.172667818259164,2018-10-14-05-00-20
1.0,113.34539718604105,23.17265275338735,2018-10-14-05-00-20
1.0,113.34365036349325,23.172905670665923,2018-10-14-05-00-20
1.0,113.34539716894754,23.172902658480936,2018-10-14-05-00-20
1.0,113.34639537148156,23.172900961336648,2018-10-14-05-00-20
1.0,113.33491710966682,23.17317130861681,2018-10-14-05-00-20
1.0,113.33516661545657,23.173170846357543,2018-10-14-05-00-20
3.0,113.34514760446498,23.173152990697208,2018-10-14-05-00-20
1.0,113.34539715185387,23.173152563613673,2018-10-14-05-00-20
1.0,113.34589625049894,23.173151712780278,2018-10-14-05-00-20
1.0,113.34639535438431,23.173150866469214,2018-10-14-05-00-20
1.0,113.34764313768189,23.1731487710838,2018-10-14-05-00-20
1.0,113.3478926984842,23.173148355594613,2018-10-14-05-00-20
1.0,113.33915880240578,23.17341344751438,2018-10-14-05-00-20
1.0,113.34240264728177,23.173407663527968,2018-10-14-05-00-20
1.0,113.34514758737204,23.173402895869202,2018-10-14-05-00-20
1.0,113.34539713476003,23.173402468785625,2018-10-14-05-00-20
1.0,113.34789268138148,23.173398260766135,2018-10-14-05-00-20
1.0,113.34365031223082,23.173655386182723,2018-10-14-05-00-20
1.0,113.34439893570071,23.173654088858804,2018-10-14-05-00-20
1.0,113.34489802416412,23.173653229259774,2018-10-14-05-00-20
1.0,113.3379111805496,23.17391552051623,2018-10-14-05-00-20
1.0,113.34464846221746,23.173903563773777,2018-10-14-05-00-20
1.0,113.34539710057184,23.17390227924737,2018-10-14-05-00-20
1.0,113.34564664924295,23.173901853271055,2018-10-14-05-00-20
1.0,113.34689441231225,23.173899740406025,2018-10-14-05-00-20
1.0,113.34714396895664,23.173899321317307,2018-10-14-05-00-20
1.0,113.33716262173931,23.174166792431986,2018-10-14-05-00-20
1.0,113.33766164868803,23.174165880614684,2018-10-14-05-00-20
1.0,113.3441493591473,23.174154330795982,2018-10-14-05-00-20
1.0,113.34464844512584,23.17415346906381,2018-10-14-05-00-20
1.0,113.33766163162247,23.174415785945328,2018-10-14-05-00-20
1.0,113.3399072982025,23.174411720709955,2018-10-14-05-00-20
1.0,113.34140445378779,23.174409048121404,2018-10-14-05-00-20
1.0,113.34514751899862,23.17440251695035,2018-10-14-05-00-20
1.0,113.34564661505229,23.1744016638902,2018-10-14-05-00-20
1.0,113.34664482283026,23.174399971290367,2018-10-14-05-00-20
1.0,113.33940823742844,23.17466252384599,2018-10-14-05-00-20
1.0,113.33965775878347,23.174662074545385,2018-10-14-05-00-20
1.0,113.34115490815208,23.174659396695176,2018-10-14-05-00-20
1.0,113.34290163118436,23.174656313975387,2018-10-14-05-00-20
1.0,113.34315116757429,23.174655877452004,2018-10-14-05-00-20
1.0,113.34365024387854,23.17465500742249,2018-10-14-05-00-20
1.0,113.34389978381843,23.17465457393994,2018-10-14-05-00-20
1.0,113.34539704928832,23.174651995235408,2018-10-14-05-00-20
1.0,113.34589614792262,23.1746511444015,2018-10-14-05-00-20
1.0,113.34639525179726,23.174650298089915,2018-10-14-05-00-20
1.0,113.34664480573112,23.174649876658957,2018-10-14-05-00-20
1.0,113.33691305837097,23.174916965528535,2018-10-14-05-00-20
1.0,113.33865966210112,23.174913782046392,2018-10-14-05-00-20
1.0,113.33965774170991,23.174911979954707,2018-10-14-05-00-20
1.0,113.34340068804718,23.174905347339127,2018-10-14-05-00-20
1.0,113.3448979387006,23.174902755907116,2018-10-14-05-00-20
1.0,113.34564658086097,23.174901474667266,2018-10-14-05-00-20
1.0,113.34589613082598,23.17490104980976,2018-10-14-05-00-20
1.0,113.33666352997733,23.17516732866568,2018-10-14-05-00-20
1.0,113.34365020970141,23.175154818279367,2018-10-14-05-00-20
1.0,113.34639521760025,23.17515010894585,2018-10-14-05-00-20
1.0,113.3359149838674,23.17541861130764,2018-10-14-05-00-20
1.0,113.34464835966517,23.175402996106435,2018-10-14-05-00-20
1.0,113.3451474506225,23.175402138663173,2018-10-14-05-00-20
1.0,113.34539699800328,23.175401711579255,2018-10-14-05-00-20
1.0,113.34789254455369,23.175397503556315,2018-10-14-05-00-20
1.0,113.33791106108153,23.17566485838429,2018-10-14-05-00-20
1.0,113.33965769048825,23.175661696420413,2018-10-14-05-00-20
1.0,113.33990721282916,23.175661247954555,2018-10-14-05-00-20
1.0,113.33691299011726,23.175916587564085,2018-10-14-05-00-20
1.0,113.33890911228004,23.175912952347456,2018-10-14-05-00-20
1.0,113.34664472023285,23.175899404096015,2018-10-14-05-00-20
1.0,113.33641395123253,23.176167409237927,2018-10-14-05-00-20
1.0,113.33965765633964,23.176161507596206,2018-10-14-05-00-20
1.0,113.33990717867866,23.176161059130262,2018-10-14-05-00-20
1.0,113.34190339457909,23.17615750289902,2018-10-14-05-00-20
1.0,113.3369129559894,23.176416398820464,2018-10-14-05-00-20
1.0,113.33816052556307,23.176414121151385,2018-10-14-05-00-20
1.0,113.34015668494393,23.176410517158832,2018-10-14-05-00-20
1.0,113.3473933559515,23.176397958093144,2018-10-14-05-00-20
1.0,113.33641391710822,23.176667220574245,2018-10-14-05-00-20
1.0,113.33666342760057,23.176666762196525,2018-10-14-05-00-20
1.0,113.33741196412417,23.176665391250182,2018-10-14-05-00-20
1.0,113.33865954260824,23.176663121024298,2018-10-14-05-00-20
1.0,113.33890906106494,23.17666266929086,2018-10-14-05-00-20
1.0,113.347143780841,23.176648281680258,2018-10-14-05-00-20
1.0,113.3389090439929,23.176912575018516,2018-10-14-05-00-20
1.0,113.33965760511548,23.176911224658962,2018-10-14-05-00-20
1.0,113.34714376373856,23.176898187406508,2018-10-14-05-00-20
1.0,113.33666339347366,23.177166573692617,2018-10-14-05-00-20
1.0,113.3379109586738,23.177164292392163,2018-10-14-05-00-20
1.0,113.33890902692069,23.177162480786198,2018-10-14-05-00-20
1.0,113.34115473735241,23.17715845257377,2018-10-14-05-00-20
1.0,113.33691288773169,23.177416021812594,2018-10-14-05-00-20
1.0,113.3394080496206,23.17741148553521,2018-10-14-05-00-20
1.0,113.34639506370534,23.177399259766023,2018-10-14-05-00-20
1.0,113.34689417290119,23.17739841806845,2018-10-14-05-00-20
1.0,113.3471437295332,23.177397998979128,2018-10-14-05-00-20
1.0,113.33791092453656,23.177664104048127,2018-10-14-05-00-20
1.0,113.33915851217917,23.177661841506993,2018-10-14-05-00-20
1.0,113.34190329207846,23.177656937382416,2018-10-14-05-00-20
1.0,113.33791090746769,23.177914009936355,2018-10-14-05-00-20
1.0,113.34190327499442,23.17790684326997,2018-10-14-05-00-20
1.0,113.34689413869692,23.177898229801656,2018-10-14-05-00-20
1.0,113.337162348701,23.17816528249141,2018-10-14-05-00-20
1.0,113.33940799839678,23.17816120319918,2018-10-14-05-00-20
1.0,113.34040608975396,23.178159411051958,2018-10-14-05-00-20
1.0,113.3421527897332,23.17815630878485,2018-10-14-05-00-20
1.0,113.34240232267541,23.178155869326392,2018-10-14-05-00-20
1.0,113.34414908568753,23.178152820836452,2018-10-14-05-00-20
1.0,113.33591477914085,23.178417480289472,2018-10-14-05-00-20
1.0,113.3369128194713,23.17841564544674,2018-10-14-05-00-20
1.0,113.3381603890064,23.178413367775978,2018-10-14-05-00-20
1.0,113.33666329108888,23.178666009144358,2018-10-14-05-00-20
1.0,113.33766134148219,23.17866418265068,2018-10-14-05-00-20
1.0,113.34240228850281,23.178655681302704,2018-10-14-05-00-20
1.0,113.33716229750155,23.178915000519105,2018-10-14-05-00-20
1.0,113.33766132441362,23.178914088700207,2018-10-14-05-00-20
1.0,113.33716228043474,23.17916490660916,2018-10-14-05-00-20
1.0,113.33766130734486,23.179163994790176,2018-10-14-05-00-20
1.0,113.33791082212082,23.17916353998206,2018-10-14-05-00-20
1.0,113.3381603377949,23.17916308592435,2018-10-14-05-00-20
1.0,113.3386593718899,23.179162180108605,2018-10-14-05-00-20
1.0,113.33940793009599,23.179160827315414,2018-10-14-05-00-20
1.0,113.33965745143392,23.17916037801405,2018-10-14-05-00-20
1.0,113.33591471089332,23.179417104569747,2018-10-14-05-00-20
1.0,113.33666323989424,23.17941572741483,2018-10-14-05-00-20
1.0,113.33915839266005,23.179411183569883,2018-10-14-05-00-20
1.0,113.33965743435736,23.17941028414419,2018-10-14-05-00-20
1.0,113.33691273414205,23.1796651758975,2018-10-14-05-00-20
1.0,113.3374117593178,23.179664262638177,2018-10-14-05-00-20
1.0,113.33766127320686,23.179663807091682,2018-10-14-05-00-20
1.0,113.3379107879809,23.17966335228348,2018-10-14-05-00-20
1.0,113.33741174224953,23.179914168849855,2018-10-14-05-00-20
1.0,113.3379107709107,23.179913258495073,2018-10-14-05-00-20
1.0,113.33965740020373,23.179910096526186,2018-10-14-05-00-20
1.0,113.33791075384032,23.180163164747334,2018-10-14-05-00-20
1.0,113.33816026951055,23.180162710689462,2018-10-14-05-00-20
1.0,113.3386593035979,23.180161804873375,2018-10-14-05-00-20
1.0,113.33890882204122,23.180161353139347,2018-10-14-05-00-20
1.0,113.33816025243904,23.180412616982395,2018-10-14-05-00-20
1.0,113.33890880496683,23.180411259432155,2018-10-14-05-00-20
1.0,113.33791071969905,23.180662977374052,2018-10-14-05-00-20
1.0,113.33816023536737,23.180662523316094,2018-10-14-05-00-20
1.0,113.33840975194695,23.18066207002066,2018-10-14-05-00-20
1.0,113.34414889765907,23.18090178870861,2018-10-14-05-00-20
1.0,113.34514707450599,23.180900069528985,2018-10-14-05-00-20
1.0,113.34689463459313,23.170650975203767,2018-10-14-05-00-20
1.0,113.35188604257642,23.1706428322031,2018-10-14-05-00-20
1.0,113.35637885555619,23.17063598037039,2018-10-14-05-00-20
1.0,113.34839197826355,23.170898383510817,2018-10-14-05-00-20
1.0,113.35263478965416,23.170891561737438,2018-10-14-05-00-20
1.0,113.35438196407068,23.170888870245335,2018-10-14-05-00-20
1.0,113.35538038709548,23.17088736526407,2018-10-14-05-00-20
1.0,113.34464865021435,23.17115460817006,2018-10-14-05-00-20
1.0,113.34714415705203,23.17115036571832,2018-10-14-05-00-20
1.0,113.34789283529993,23.17114911562945,2018-10-14-05-00-20
1.0,113.34489817798793,23.171404083767023,2018-10-14-05-00-20
1.0,113.347892801097,23.171648925387,2018-10-14-05-00-20
1.0,113.35013891328981,23.171645242373746,2018-10-14-05-00-20
1.0,113.35213556055766,23.171642058394042,2018-10-14-05-00-20
1.0,113.34739366377941,23.171899662513287,2018-10-14-05-00-20
1.0,113.34789278399529,23.17189883032408,2018-10-14-05-00-20
1.0,113.34939017887544,23.171896363465937,2018-10-14-05-00-20
1.0,113.35013889618033,23.171895147310433,2018-10-14-05-00-20
1.0,113.34739364667928,23.172149567489388,2018-10-14-05-00-20
1.0,113.35188593988573,23.172142261472004,2018-10-14-05-00-20
1.0,113.35013886196086,23.172394957300668,2018-10-14-05-00-20
1.0,113.35113717303506,23.17239335435631,2018-10-14-05-00-20
1.0,113.34539718604105,23.17265275338735,2018-10-14-05-00-20
1.0,113.35113715592169,23.1726432594098,2018-10-14-05-00-20
1.0,113.34539716894754,23.172902658480936,2018-10-14-05-00-20
1.0,113.34639537148156,23.172900961336648,2018-10-14-05-00-20
1.0,113.35088755871836,23.172893563212497,2018-10-14-05-00-20
3.0,113.34514760446498,23.173152990697208,2018-10-14-05-00-20
1.0,113.34539715185387,23.173152563613673,2018-10-14-05-00-20
1.0,113.34589625049894,23.173151712780278,2018-10-14-05-00-20
1.0,113.34639535438431,23.173150866469214,2018-10-14-05-00-20
1.0,113.34764313768189,23.1731487710838,2018-10-14-05-00-20
1.0,113.3478926984842,23.173148355594613,2018-10-14-05-00-20
1.0,113.34514758737204,23.173402895869202,2018-10-14-05-00-20
1.0,113.34539713476003,23.173402468785625,2018-10-14-05-00-20
1.0,113.34789268138148,23.173398260766135,2018-10-14-05-00-20
1.0,113.35113710458059,23.173392974805086,2018-10-14-05-00-20
1.0,113.34489802416412,23.173653229259774,2018-10-14-05-00-20
1.0,113.34464846221746,23.173903563773777,2018-10-14-05-00-20
1.0,113.34539710057184,23.17390227924737,2018-10-14-05-00-20
1.0,113.34564664924295,23.173901853271055,2018-10-14-05-00-20
1.0,113.34689441231225,23.173899740406025,2018-10-14-05-00-20
1.0,113.34714396895664,23.173899321317307,2018-10-14-05-00-20
1.0,113.34464844512584,23.17415346906381,2018-10-14-05-00-20
1.0,113.34514751899862,23.17440251695035,2018-10-14-05-00-20
1.0,113.34564661505229,23.1744016638902,2018-10-14-05-00-20
1.0,113.34664482283026,23.174399971290367,2018-10-14-05-00-20
1.0,113.35338332891833,23.17438907043292,2018-10-14-05-00-20
1.0,113.34539704928832,23.174651995235408,2018-10-14-05-00-20
1.0,113.34589614792262,23.1746511444015,2018-10-14-05-00-20
1.0,113.34639525179726,23.174650298089915,2018-10-14-05-00-20
1.0,113.34664480573112,23.174649876658957,2018-10-14-05-00-20
1.0,113.3448979387006,23.174902755907116,2018-10-14-05-00-20
1.0,113.34564658086097,23.174901474667266,2018-10-14-05-00-20
1.0,113.34589613082598,23.17490104980976,2018-10-14-05-00-20
1.0,113.34639521760025,23.17515010894585,2018-10-14-05-00-20
1.0,113.34464835966517,23.175402996106435,2018-10-14-05-00-20
1.0,113.3451474506225,23.175402138663173,2018-10-14-05-00-20
1.0,113.34539699800328,23.175401711579255,2018-10-14-05-00-20
1.0,113.34789254455369,23.175397503556315,2018-10-14-05-00-20
1.0,113.34664472023285,23.175899404096015,2018-10-14-05-00-20
1.0,113.3473933559515,23.176397958093144,2018-10-14-05-00-20
1.0,113.3563784615435,23.176383800211358,2018-10-14-05-00-20
1.0,113.347143780841,23.176648281680258,2018-10-14-05-00-20
1.0,113.34714376373856,23.176898187406508,2018-10-14-05-00-20
1.0,113.34639506370534,23.177399259766023,2018-10-14-05-00-20
1.0,113.34689417290119,23.17739841806845,2018-10-14-05-00-20
1.0,113.3471437295332,23.177397998979128,2018-10-14-05-00-20
1.0,113.34689413869692,23.177898229801656,2018-10-14-05-00-20
