count,wgs_lng,wgs_lat,time
1.0,113.32992912338744,23.14394201498423,2018-10-04-06-00-20
1.0,113.33516860976216,23.143932197071162,2018-10-04-06-00-20
1.0,113.33641615083957,23.143929895291038,2018-10-04-06-00-20
1.0,113.32518880177096,23.144200938023847,2018-10-04-06-00-20
1.0,113.32718470458337,23.144197128931694,2018-10-04-06-00-20
1.0,113.3276836832742,23.14419617863361,2018-10-04-06-00-20
1.0,113.33392105344214,23.144434316215474,2018-10-04-06-00-20
1.0,113.33491906978844,23.144432461277447,2018-10-04-06-00-20
1.0,113.33541808234568,23.144431537385014,2018-10-04-06-00-20
1.0,113.33566758976671,23.144431076375767,2018-10-04-06-00-20
1.0,113.32992907234227,23.14469171796381,2018-10-04-06-00-20
1.0,113.3306775547327,23.144690303069957,2018-10-04-06-00-20
1.0,113.33117654553593,23.144689361763003,2018-10-04-06-00-20
1.0,113.33392103641103,23.14468421724082,2018-10-04-06-00-20
1.0,113.33042804308995,23.144940675381278,2018-10-04-06-00-20
1.0,113.33491903571822,23.144932263360694,2018-10-04-06-00-20
1.0,113.33566755569065,23.144930878458762,2018-10-04-06-00-20
1.0,113.33267349727478,23.145186350464247,2018-10-04-06-00-20
1.0,113.33566753865236,23.14518077954966,2018-10-04-06-00-20
1.0,113.33516850754565,23.145431603321107,2018-10-04-06-00-20
1.0,113.33566752161391,23.14543068067356,2018-10-04-06-00-20
1.0,113.33591702981033,23.145430220305077,2018-10-04-06-00-20
1.0,113.32493921307089,23.14570082130279,2018-10-04-06-00-20
1.0,113.32843205192995,23.145694161523785,2018-10-04-06-00-20
1.0,113.3331724632939,23.145685218748824,2018-10-04-06-00-20
1.0,113.33392096828496,23.14568382167169,2018-10-04-06-00-20
1.0,113.33566750457528,23.14568058183052,2018-10-04-06-00-20
1.0,113.32893101732134,23.145943115071454,2018-10-04-06-00-20
1.0,113.3291805091444,23.145942641706625,2018-10-04-06-00-20
1.0,113.33042797501874,23.145940279946615,2018-10-04-06-00-20
1.0,113.33466946241896,23.145932330782006,2018-10-04-06-00-20
1.0,113.3301784638808,23.146190652806393,2018-10-04-06-00-20
1.0,113.33516845643514,23.14618130689166,2018-10-04-06-00-20
1.0,113.32893098329674,23.14644291755344,2018-10-04-06-00-20
1.0,113.3346694283487,23.146432133262085,2018-10-04-06-00-20
1.0,113.32893096628419,23.14669281884434,2018-10-04-06-00-20
1.0,113.3359169446107,23.14667972642143,2018-10-04-06-00-20
1.0,113.32543810174207,23.14694937407433,2018-10-04-06-00-20
1.0,113.32893094927148,23.146942720168585,2018-10-04-06-00-20
1.0,113.33167538529091,23.14693753285411,2018-10-04-06-00-20
1.0,113.33516840532313,23.146931010761293,2018-10-04-06-00-20
1.0,113.32718450052433,23.147195943034863,2018-10-04-06-00-20
1.0,113.33067738454132,23.14718931514723,2018-10-04-06-00-20
1.0,113.32718448351831,23.147445844426258,2018-10-04-06-00-20
1.0,113.33092686264868,23.14743874568032,2018-10-04-06-00-20
1.0,113.33142585449619,23.14743780519994,2018-10-04-06-00-20
1.0,113.3314258204496,23.14793760808191,2018-10-04-06-00-20
1.0,113.33666538877485,23.147927856232307,2018-10-04-06-00-20
1.0,113.32868135579805,23.148442602491464,2018-10-04-06-00-20
1.0,113.32918033900471,23.148441655452206,2018-10-04-06-00-20
1.0,113.3294298312505,23.1484411824081,2018-10-04-06-00-20
1.0,113.3329227756239,23.148434600424302,2018-10-04-06-00-20
1.0,113.32468952260417,23.14870011474014,2018-10-04-06-00-20
1.0,113.32593695731262,23.14869773130853,2018-10-04-06-00-20
1.0,113.33641580999719,23.148927920769797,2018-10-04-06-00-20
1.0,113.32768334312213,23.149194204807817,2018-10-04-06-00-20
1.0,113.33117623914355,23.149187585906827,2018-10-04-06-00-20
1.0,113.33541775861457,23.149179662541187,2018-10-04-06-00-20
1.0,113.32893077913518,23.14944173525739,2018-10-04-06-00-20
1.0,113.33167518099344,23.149936351360974,2018-10-04-06-00-20
1.0,113.32643583088603,23.15019618904177,2018-10-04-06-00-20
1.0,113.33641572477616,23.150177429237615,2018-10-04-06-00-20
1.0,113.32868121969038,23.150441815915116,2018-10-04-06-00-20
1.0,113.33117613700075,23.150686996379935,2018-10-04-06-00-20
1.0,113.33566714672573,23.15092851386405,2018-10-04-06-00-20
1.0,113.32843167767062,23.151191995482453,2018-10-04-06-00-20
1.0,113.32992862988796,23.151189156350537,2018-10-04-06-00-20
1.0,113.33142559913054,23.151186330113475,2018-10-04-06-00-20
1.0,113.33566712968343,23.15117841576265,2018-10-04-06-00-20
1.0,113.33766321800577,23.15117475177727,2018-10-04-06-00-20
1.0,113.32868113461767,23.151691325414223,2018-10-04-06-00-20
1.0,113.32992859584834,23.15168896025278,2018-10-04-06-00-20
1.0,113.32893060898222,23.151940753742636,2018-10-04-06-00-20
1.0,113.32992857882829,23.15193886225558,2018-10-04-06-00-20
1.0,113.328930591966,23.152190655780128,2018-10-04-06-00-20
1.0,113.32643567783529,23.152445306453913,2018-10-04-06-00-20
1.0,113.33092652219266,23.15243678060855,2018-10-04-06-00-20
1.0,113.33541753707962,23.152428386782727,2018-10-04-06-00-20
1.0,113.33217398886445,23.152684334782233,2018-10-04-06-00-20
1.0,113.3276830879644,23.15294273331464,2018-10-04-06-00-20
1.0,113.33666504785968,23.152925892506676,2018-10-04-06-00-20
1.0,113.33067697601402,23.153186957890505,2018-10-04-06-00-20
1.0,113.32868101550889,23.153440640162277,2018-10-04-06-00-20
1.0,113.33092643706823,23.153686291487947,2018-10-04-06-00-20
1.0,113.32468916563462,23.153948055392217,2018-10-04-06-00-20
1.0,113.32868098147631,23.15394044468892,2018-10-04-06-00-20
1.0,113.33042743035296,23.153937135881197,2018-10-04-06-00-20
1.0,113.3311759156708,23.15393572331713,2018-10-04-06-00-20
1.0,113.3326729012421,23.153932909859307,2018-10-04-06-00-20
1.0,113.33516860976216,23.143932197071162,2018-10-04-06-00-20
1.0,113.33641615083957,23.143929895291038,2018-10-04-06-00-20
1.0,113.34090748001651,23.1439217600067,2018-10-04-06-00-20
1.0,113.34190559688615,23.143919989071765,2018-10-04-06-00-20
1.0,113.34190557982471,23.144169890030145,2018-10-04-06-00-20
1.0,113.34215511177412,23.144169449623018,2018-10-04-06-00-20
1.0,113.33491906978844,23.144432461277447,2018-10-04-06-00-20
1.0,113.33541808234568,23.144431537385014,2018-10-04-06-00-20
1.0,113.33566758976671,23.144431076375767,2018-10-04-06-00-20
1.0,113.34440093414014,23.144415431320446,2018-10-04-06-00-20
1.0,113.34514955196252,23.144664044580576,2018-10-04-06-00-20
1.0,113.33491903571822,23.144932263360694,2018-10-04-06-00-20
1.0,113.33566755569065,23.144930878458762,2018-10-04-06-00-20
1.0,113.33566753865236,23.14518077954966,2018-10-04-06-00-20
1.0,113.33516850754565,23.145431603321107,2018-10-04-06-00-20
1.0,113.33566752161391,23.14543068067356,2018-10-04-06-00-20
1.0,113.33591702981033,23.145430220305077,2018-10-04-06-00-20
1.0,113.33566750457528,23.14568058183052,2018-10-04-06-00-20
1.0,113.33466946241896,23.145932330782006,2018-10-04-06-00-20
1.0,113.33990924358075,23.14592275385009,2018-10-04-06-00-20
1.0,113.33516845643514,23.14618130689166,2018-10-04-06-00-20
1.0,113.3346694283487,23.146432133262085,2018-10-04-06-00-20
1.0,113.33941016555599,23.14642345408516,2018-10-04-06-00-20
1.0,113.3359169446107,23.14667972642143,2018-10-04-06-00-20
1.0,113.34514941536699,23.146663253957012,2018-10-04-06-00-20
1.0,113.33516840532313,23.146931010761293,2018-10-04-06-00-20
1.0,113.34664670271404,23.14691060964691,2018-10-04-06-00-20
1.0,113.33866153877096,23.147424412219173,2018-10-04-06-00-20
1.0,113.3471457635858,23.14765947446611,2018-10-04-06-00-20
1.0,113.33666538877485,23.147927856232307,2018-10-04-06-00-20
1.0,113.34015863058242,23.14792151694984,2018-10-04-06-00-20
1.0,113.3389110061814,23.148173664860273,2018-10-04-06-00-20
1.0,113.33641580999719,23.148927920769797,2018-10-04-06-00-20
1.0,113.3396595164641,23.14892201918764,2018-10-04-06-00-20
1.0,113.33990903890637,23.1489215707263,2018-10-04-06-00-20
1.0,113.33541775861457,23.149179662541187,2018-10-04-06-00-20
1.0,113.34440057561457,23.149663359798062,2018-10-04-06-00-20
1.0,113.34664649773428,23.149909428123383,2018-10-04-06-00-20
1.0,113.33641572477616,23.150177429237615,2018-10-04-06-00-20
1.0,113.3436519177382,23.15016446059636,2018-10-04-06-00-20
1.0,113.33566714672573,23.15092851386405,2018-10-04-06-00-20
1.0,113.33566712968343,23.15117841576265,2018-10-04-06-00-20
1.0,113.33766321800577,23.15117475177727,2018-10-04-06-00-20
1.0,113.34190510203634,23.151167130379765,2018-10-04-06-00-20
1.0,113.3471455244086,23.1511580979182,2018-10-04-06-00-20
1.0,113.34040788209037,23.151919498106295,2018-10-04-06-00-20
1.0,113.33541753707962,23.152428386782727,2018-10-04-06-00-20
1.0,113.33666504785968,23.152925892506676,2018-10-04-06-00-20
1.0,113.35588145798603,23.143897117961014,2018-10-04-06-00-20
1.0,113.35613107179327,23.14389674871998,2018-10-04-06-00-20
1.0,113.35638068740384,23.143896381065012,2018-10-04-06-00-20
1.0,113.35687992408045,23.1438956505554,2018-10-04-06-00-20
1.0,113.3478946812627,23.144159607518887,2018-10-04-06-00-20
1.0,113.34440093414014,23.144415431320446,2018-10-04-06-00-20
1.0,113.34514955196252,23.144664044580576,2018-10-04-06-00-20
1.0,113.34839377314148,23.144658582243043,2018-10-04-06-00-20
1.0,113.35338536525506,23.14465059823402,2018-10-04-06-00-20
1.0,113.3526365689417,23.144901661602717,2018-10-04-06-00-20
1.0,113.35338534815288,23.144900499288916,2018-10-04-06-00-20
1.0,113.35638061895813,23.144895985085352,2018-10-04-06-00-20
1.0,113.35663021926769,23.145145520114085,2018-10-04-06-00-20
1.0,113.34814415815374,23.145408698536816,2018-10-04-06-00-20
1.0,113.35613095201694,23.14564605610165,2018-10-04-06-00-20
1.0,113.34514941536699,23.146663253957012,2018-10-04-06-00-20
1.0,113.34664670271404,23.14691060964691,2018-10-04-06-00-20
1.0,113.35338521132944,23.146899708919044,2018-10-04-06-00-20
1.0,113.35388440581576,23.146898941365457,2018-10-04-06-00-20
1.0,113.3471457635858,23.14765947446611,2018-10-04-06-00-20
1.0,113.35638036226281,23.14864450488639,2018-10-04-06-00-20
1.0,113.35363465378238,23.149148437792817,2018-10-04-06-00-20
1.0,113.34440057561457,23.149663359798062,2018-10-04-06-00-20
1.0,113.34664649773428,23.149909428123383,2018-10-04-06-00-20
1.0,113.35513214820236,23.150895474440773,2018-10-04-06-00-20
1.0,113.3471455244086,23.1511580979182,2018-10-04-06-00-20
1.0,113.34889246060536,23.151155198239366,2018-10-04-06-00-20
1.0,113.34764459072615,23.15190696922114,2018-10-04-06-00-20
1.0,113.35038983993644,23.15190246800586,2018-10-04-06-00-20
1.0,113.35014024731286,23.152152772787172,2018-10-04-06-00-20
1.0,113.34839324341729,23.15240553054715,2018-10-04-06-00-20
1.0,113.35538165396743,23.152394512391474,2018-10-04-06-00-20
1.0,113.34989063911524,23.152652981030933,2018-10-04-06-00-20
1.0,113.34789406615887,23.153156064253444,2018-10-04-06-00-20
1.0,113.3276830879644,23.15294273331464,2018-10-04-06-00-20
1.0,113.33666504785968,23.152925892506676,2018-10-04-06-00-20
1.0,113.33067697601402,23.153186957890505,2018-10-04-06-00-20
1.0,113.32868101550889,23.153440640162277,2018-10-04-06-00-20
1.0,113.33092643706823,23.153686291487947,2018-10-04-06-00-20
1.0,113.32868098147631,23.15394044468892,2018-10-04-06-00-20
1.0,113.33042743035296,23.153937135881197,2018-10-04-06-00-20
1.0,113.3311759156708,23.15393572331713,2018-10-04-06-00-20
1.0,113.3326729012421,23.153932909859307,2018-10-04-06-00-20
1.0,113.3304274133294,23.15418703819666,2018-10-04-06-00-20
1.0,113.33217386965312,23.154433650499996,2018-10-04-06-00-20
1.0,113.33591639923425,23.15467658560608,2018-10-04-06-00-20
1.0,113.33691443993344,23.15467475077926,2018-10-04-06-00-20
1.0,113.32893040477668,23.154939580487245,2018-10-04-06-00-20
1.0,113.3364154008982,23.154925569257355,2018-10-04-06-00-20
1.0,113.33516782594873,23.155427675992186,2018-10-04-06-00-20
1.0,113.33317178200461,23.155681292801894,2018-10-04-06-00-20
1.0,113.33317176496895,23.15593119536328,2018-10-04-06-00-20
1.0,113.3351677748182,23.15617738367539,2018-10-04-06-00-20
1.0,113.3284313203479,23.156439943401235,2018-10-04-06-00-20
1.0,113.33067675468833,23.1564356893644,2018-10-04-06-00-20
1.0,113.3364152474613,23.157174692625368,2018-10-04-06-00-20
1.0,113.33017769793331,23.157436243143177,2018-10-04-06-00-20
1.0,113.32743327525037,23.157691355705367,2018-10-04-06-00-20
1.0,113.3311756602551,23.15768426175067,2018-10-04-06-00-20
1.0,113.32518784974329,23.158195445815064,2018-10-04-06-00-20
1.0,113.32568682375472,23.158194492550248,2018-10-04-06-00-20
1.0,113.32743322420787,23.158441064354776,2018-10-04-06-00-20
1.0,113.32967864313696,23.158436798976858,2018-10-04-06-00-20
1.0,113.33616565246857,23.158424665906608,2018-10-04-06-00-20
1.0,113.33092602841302,23.159683955983215,2018-10-04-06-00-20
1.0,113.33392001423967,23.159678340981394,2018-10-04-06-00-20
1.0,113.32818157452463,23.160188961448505,2018-10-04-06-00-20
1.0,113.32768257753655,23.16043981397241,2018-10-04-06-00-20
1.0,113.32793206733834,23.16043933918493,2018-10-04-06-00-20
1.0,113.32818155750594,23.160438864656772,2018-10-04-06-00-20
1.0,113.33367046084103,23.16042851565025,2018-10-04-06-00-20
1.0,113.32818154048708,23.16068876790146,2018-10-04-06-00-20
1.0,113.3349179621648,23.160676098789146,2018-10-04-06-00-20
1.0,113.32693407616428,23.16094104629338,2018-10-04-06-00-20
1.0,113.32843101401285,23.160938196926068,2018-10-04-06-00-20
1.0,113.32868050495027,23.160937722953566,2018-10-04-06-00-20
1.0,113.3261855776133,23.161442280649695,2018-10-04-06-00-20
1.0,113.32942894620354,23.161436109535533,2018-10-04-06-00-20
1.0,113.33067641413228,23.161433749553648,2018-10-04-06-00-20
1.0,113.32518761165487,23.16169408998072,2018-10-04-06-00-20
1.0,113.32568658563794,23.16169313671475,2018-10-04-06-00-20
1.0,113.3259360729906,23.161692660297643,2018-10-04-06-00-20
1.0,113.32643504848514,23.161691707957004,2018-10-04-06-00-20
1.0,113.32668453665383,23.161691232058196,2018-10-04-06-00-20
1.0,113.32868045388616,23.161687433016194,2018-10-04-06-00-20
1.0,113.3251875946473,23.161943993408826,2018-10-04-06-00-20
1.0,113.32568656862836,23.16194304014277,2018-10-04-06-00-20
1.0,113.32593605598,23.161942563725624,2018-10-04-06-00-20
1.0,113.33541687230559,23.162174595120053,2018-10-04-06-00-20
1.0,113.32743291792136,23.162939323102897,2018-10-04-06-00-20
1.0,113.33591583663578,23.16292338434681,2018-10-04-06-00-20
1.0,113.33666504785968,23.152925892506676,2018-10-04-06-00-20
1.0,113.33591639923425,23.15467658560608,2018-10-04-06-00-20
1.0,113.33691443993344,23.15467475077926,2018-10-04-06-00-20
1.0,113.3364154008982,23.154925569257355,2018-10-04-06-00-20
1.0,113.34714526811089,23.154906630522227,2018-10-04-06-00-20
1.0,113.34614703229032,23.155158216332048,2018-10-04-06-00-20
1.0,113.34689569431235,23.1551569520608,2018-10-04-06-00-20
1.0,113.34714525102304,23.15515653297532,2018-10-04-06-00-20
1.0,113.33516782594873,23.155427675992186,2018-10-04-06-00-20
1.0,113.34639656787313,23.15540769623917,2018-10-04-06-00-20
1.0,113.3444001487022,23.155910913304496,2018-10-04-06-00-20
1.0,113.3351677748182,23.15617738367539,2018-10-04-06-00-20
1.0,113.3391599628291,23.15641998233614,2018-10-04-06-00-20
1.0,113.33791235772527,23.156672147526404,2018-10-04-06-00-20
1.0,113.34390101381537,23.156661485031425,2018-10-04-06-00-20
1.0,113.34489918605246,23.15665976160249,2018-10-04-06-00-20
1.0,113.3426533085454,23.156913565266706,2018-10-04-06-00-20
1.0,113.3364152474613,23.157174692625368,2018-10-04-06-00-20
1.0,113.34340190084856,23.157162158454764,2018-10-04-06-00-20
1.0,113.33965890233068,23.157918499453434,2018-10-04-06-00-20
1.0,113.33616565246857,23.158424665906608,2018-10-04-06-00-20
1.0,113.34015784576167,23.159417021200493,2018-10-04-06-00-20
1.0,113.3349179621648,23.160676098789146,2018-10-04-06-00-20
1.0,113.34065675908987,23.161415354353178,2018-10-04-06-00-20
1.0,113.34365114932874,23.161410075990435,2018-10-04-06-00-20
1.0,113.33541687230559,23.162174595120053,2018-10-04-06-00-20
1.0,113.34090621729453,23.16241452312497,2018-10-04-06-00-20
1.0,113.34989063911524,23.152652981030933,2018-10-04-06-00-20
1.0,113.34789406615887,23.153156064253444,2018-10-04-06-00-20
1.0,113.34964094694978,23.154402702113476,2018-10-04-06-00-20
1.0,113.34989051944049,23.154402296727607,2018-10-04-06-00-20
1.0,113.34814352589731,23.15465506376075,2018-10-04-06-00-20
1.0,113.34714526811089,23.154906630522227,2018-10-04-06-00-20
1.0,113.34614703229032,23.155158216332048,2018-10-04-06-00-20
1.0,113.34689569431235,23.1551569520608,2018-10-04-06-00-20
1.0,113.34714525102304,23.15515653297532,2018-10-04-06-00-20
1.0,113.34639656787313,23.15540769623917,2018-10-04-06-00-20
1.0,113.3444001487022,23.155910913304496,2018-10-04-06-00-20
1.0,113.34489918605246,23.15665976160249,2018-10-04-06-00-20
1.0,113.34939089722164,23.16140038897321,2018-10-04-06-00-20
1.0,113.35288501423739,23.161644721276307,2018-10-04-06-00-20
1.0,113.35113785743215,23.162397183655,2018-10-04-06-00-20
1.0,113.3251875946473,23.161943993408826,2018-10-04-06-00-20
1.0,113.32568656862836,23.16194304014277,2018-10-04-06-00-20
1.0,113.32593605598,23.161942563725624,2018-10-04-06-00-20
1.0,113.33541687230559,23.162174595120053,2018-10-04-06-00-20
1.0,113.32743291792136,23.162939323102897,2018-10-04-06-00-20
1.0,113.33591583663578,23.16292338434681,2018-10-04-06-00-20
1.0,113.3271834118046,23.163189701984415,2018-10-04-06-00-20
1.0,113.32743290090386,23.163189226714934,2018-10-04-06-00-20
1.0,113.32768237332346,23.163438655329056,2018-10-04-06-00-20
1.0,113.3271833777711,23.163689509319692,2018-10-04-06-00-20
1.0,113.32693387198351,23.16393988853484,2018-10-04-06-00-20
1.0,113.32793182907328,23.16393798795033,2018-10-04-06-00-20
1.0,113.32718334373698,23.164189316803515,2018-10-04-06-00-20
1.0,113.3274328328322,23.164188841533868,2018-10-04-06-00-20
1.0,113.32768232226644,23.164188366498813,2018-10-04-06-00-20
1.0,113.3279318120531,23.16418789171071,2018-10-04-06-00-20
1.0,113.32818130220559,23.164187417181935,2018-10-04-06-00-20
1.0,113.33416921041723,23.164176138403803,2018-10-04-06-00-20
1.0,113.32518742456251,23.164443029720207,2018-10-04-06-00-20
2.0,113.32743281581386,23.16443874533158,2018-10-04-06-00-20
1.0,113.3276823052471,23.164438270296483,2018-10-04-06-00-20
1.0,113.33441869701686,23.164425578166536,2018-10-04-06-00-20
1.0,113.33367017112488,23.16467687579236,2018-10-04-06-00-20
1.0,113.33591571727334,23.16467271040061,2018-10-04-06-00-20
1.0,113.32518737353384,23.165192741338476,2018-10-04-06-00-20
1.0,113.33317111749065,23.16542751944886,2018-10-04-06-00-20
1.0,113.32543680936205,23.165941976592404,2018-10-04-06-00-20
1.0,113.32693373584969,23.165939119665172,2018-10-04-06-00-20
1.0,113.32743271370039,23.165938168903075,2018-10-04-06-00-20
1.0,113.32793169290717,23.16593721907934,2018-10-04-06-00-20
1.0,113.33766221175811,23.165919026496777,2018-10-04-06-00-20
1.0,113.32693371883221,23.16618902372522,2018-10-04-06-00-20
1.0,113.32593574976069,23.16644083176686,2018-10-04-06-00-20
1.0,113.33466806499104,23.166424346431928,2018-10-04-06-00-20
1.0,113.33566608978808,23.166422498656814,2018-10-04-06-00-20
1.0,113.3261851863079,23.1671900680296,2018-10-04-06-00-20
1.0,113.32518715239225,23.16844149559969,2018-10-04-06-00-20
1.0,113.33516693947357,23.168422655445507,2018-10-04-06-00-20
1.0,113.33666397354042,23.168669799706276,2018-10-04-06-00-20
1.0,113.33142433877778,23.169679169765878,2018-10-04-06-00-20
1.0,113.33267182786854,23.169676826326278,2018-10-04-06-00-20
1.0,113.331673818397,23.16992860479446,2018-10-04-06-00-20
1.0,113.32493751265704,23.17069111376305,2018-10-04-06-00-20
1.0,113.32543646910231,23.170940065020737,2018-10-04-06-00-20
1.0,113.3336697279363,23.17117438874763,2018-10-04-06-00-20
1.0,113.32618488000745,23.17168835036631,2018-10-04-06-00-20
1.0,113.3276818116138,23.17168549687699,2018-10-04-06-00-20
1.0,113.32718281612256,23.171936352124746,2018-10-04-06-00-20
1.0,113.33342017523616,23.17192456915035,2018-10-04-06-00-20
1.0,113.33541687230559,23.162174595120053,2018-10-04-06-00-20
1.0,113.34090621729453,23.16241452312497,2018-10-04-06-00-20
1.0,113.33591583663578,23.16292338434681,2018-10-04-06-00-20
1.0,113.34015760683299,23.16291566788237,2018-10-04-06-00-20
1.0,113.34140523928615,23.162913442922264,2018-10-04-06-00-20
1.0,113.34215383161947,23.16291211887553,2018-10-04-06-00-20
1.0,113.3429024340247,23.162910803418736,2018-10-04-06-00-20
1.0,113.34340150806162,23.162909931377794,2018-10-04-06-00-20
1.0,113.34714470412331,23.163153430390746,2018-10-04-06-00-20
1.0,113.33890996564361,23.16341772157257,2018-10-04-06-00-20
1.0,113.34215379746914,23.163411926131683,2018-10-04-06-00-20
1.0,113.33841091250507,23.163668529505998,2018-10-04-06-00-20
1.0,113.34215376331814,23.163911733536168,2018-10-04-06-00-20
1.0,113.33591571727334,23.16467271040061,2018-10-04-06-00-20
1.0,113.33816131055626,23.16491850177845,2018-10-04-06-00-20
1.0,113.33841081013398,23.165167952393606,2018-10-04-06-00-20
1.0,113.33841079307153,23.165417856339015,2018-10-04-06-00-20
1.0,113.33766221175811,23.165919026496777,2018-10-04-06-00-20
1.0,113.3404069093365,23.166163970956475,2018-10-04-06-00-20
1.0,113.34240314261712,23.16616042924719,2018-10-04-06-00-20
1.0,113.33566608978808,23.166422498656814,2018-10-04-06-00-20
1.0,113.34190406068639,23.16641121320969,2018-10-04-06-00-20
1.0,113.34489848559481,23.16690580217749,2018-10-04-06-00-20
1.0,113.33516693947357,23.168422655445507,2018-10-04-06-00-20
1.0,113.33666397354042,23.168669799706276,2018-10-04-06-00-20
1.0,113.34165437623986,23.168660793125422,2018-10-04-06-00-20
1.0,113.34240297182772,23.16865947190344,2018-10-04-06-00-20
1.0,113.34689475427109,23.168901642809136,2018-10-04-06-00-20
1.0,113.34015718009312,23.169163269363956,2018-10-04-06-00-20
1.0,113.34514784374855,23.169654322381632,2018-10-04-06-00-20
1.0,113.34664514768227,23.169651776726546,2018-10-04-06-00-20
1.0,113.34614602401996,23.169902525368315,2018-10-04-06-00-20
1.0,113.34639557663556,23.169902102784427,2018-10-04-06-00-20
1.0,113.33816093516886,23.17041639649293,2018-10-04-06-00-20
1.0,113.34040661911175,23.170412345749373,2018-10-04-06-00-20
1.0,113.34589643853988,23.170402758465677,2018-10-04-06-00-20
1.0,113.34365051727156,23.170656526224047,2018-10-04-06-00-20
1.0,113.34489821216914,23.17090427408604,2018-10-04-06-00-20
1.0,113.34514775829389,23.170903845907194,2018-10-04-06-00-20
1.0,113.3471441741506,23.170900460897602,2018-10-04-06-00-20
1.0,113.34514774120247,23.171153750728255,2018-10-04-06-00-20
1.0,113.34539728859856,23.171153323645065,2018-10-04-06-00-20
1.0,113.34714415705203,23.17115036571832,2018-10-04-06-00-20
1.0,113.34764324028943,23.171649340875927,2018-10-04-06-00-20
1.0,113.34190368496485,23.171909112949486,2018-10-04-06-00-20
1.0,113.35288501423739,23.161644721276307,2018-10-04-06-00-20
1.0,113.35113785743215,23.162397183655,2018-10-04-06-00-20
1.0,113.34714470412331,23.163153430390746,2018-10-04-06-00-20
1.0,113.35113780611167,23.163146894368186,2018-10-04-06-00-20
1.0,113.35238559359901,23.165144151786937,2018-10-04-06-00-20
1.0,113.35113765214119,23.16539602851306,2018-10-04-06-00-20
1.0,113.35313431630927,23.16589269706437,2018-10-04-06-00-20
1.0,113.35662878120861,23.166137334820675,2018-10-04-06-00-20
1.0,113.35313428207786,23.166392505213242,2018-10-04-06-00-20
1.0,113.35563030550259,23.166388712700343,2018-10-04-06-00-20
1.0,113.34489848559481,23.16690580217749,2018-10-04-06-00-20
1.0,113.34963998930397,23.168397291178763,2018-10-04-06-00-20
1.0,113.3478930063045,23.168650069159526,2018-10-04-06-00-20
1.0,113.34689475427109,23.168901642809136,2018-10-04-06-00-20
1.0,113.34939036704232,23.16914741129064,2018-10-04-06-00-20
1.0,113.34864164595994,23.169398543612886,2018-10-04-06-00-20
1.0,113.34889121248901,23.169398133083597,2018-10-04-06-00-20
1.0,113.34514784374855,23.169654322381632,2018-10-04-06-00-20
1.0,113.34664514768227,23.169651776726546,2018-10-04-06-00-20
1.0,113.34864162885712,23.16964844820183,2018-10-04-06-00-20
1.0,113.34889119538533,23.1696480376725,2018-10-04-06-00-20
1.0,113.34939033283166,23.169647220429873,2018-10-04-06-00-20
1.0,113.34614602401996,23.169902525368315,2018-10-04-06-00-20
1.0,113.34639557663556,23.169902102784427,2018-10-04-06-00-20
1.0,113.35238526842979,23.169892333172996,2018-10-04-06-00-20
1.0,113.35288444945435,23.16989155395267,2018-10-04-06-00-20
1.0,113.35263484100518,23.17014184751028,2018-10-04-06-00-20
1.0,113.34589643853988,23.170402758465677,2018-10-04-06-00-20
1.0,113.35113730993594,23.170394115329547,2018-10-04-06-00-20
1.0,113.35038855718973,23.170645220264625,2018-10-04-06-00-20
1.0,113.35488118921535,23.17063820990819,2018-10-04-06-00-20
1.0,113.34489821216914,23.17090427408604,2018-10-04-06-00-20
1.0,113.34514775829389,23.170903845907194,2018-10-04-06-00-20
1.0,113.3471441741506,23.170900460897602,2018-10-04-06-00-20
1.0,113.34514774120247,23.171153750728255,2018-10-04-06-00-20
1.0,113.34539728859856,23.171153323645065,2018-10-04-06-00-20
1.0,113.34714415705203,23.17115036571832,2018-10-04-06-00-20
1.0,113.35163642350895,23.171143036372836,2018-10-04-06-00-20
1.0,113.34764324028943,23.171649340875927,2018-10-04-06-00-20
1.0,113.35163638928037,23.171642846129078,2018-10-04-06-00-20
1.0,113.3336697279363,23.17117438874763,2018-10-04-06-00-20
1.0,113.32618488000745,23.17168835036631,2018-10-04-06-00-20
1.0,113.3276818116138,23.17168549687699,2018-10-04-06-00-20
1.0,113.32718281612256,23.171936352124746,2018-10-04-06-00-20
1.0,113.33342017523616,23.17192456915035,2018-10-04-06-00-20
1.0,113.32718279910007,23.172186257104254,2018-10-04-06-00-20
1.0,113.32743227113934,23.17243568685174,2018-10-04-06-00-20
1.0,113.32992718261677,23.17243094908421,2018-10-04-06-00-20
1.0,113.33017667614509,23.17243047707366,2018-10-04-06-00-20
1.0,113.33516666662116,23.17242113107153,2018-10-04-06-00-20
1.0,113.32643429977213,23.17268749427734,2018-10-04-06-00-20
1.0,113.33067564763738,23.172679439233516,2018-10-04-06-00-20
1.0,113.33317062320039,23.17267475043446,2018-10-04-06-00-20
1.0,113.3344181343971,23.17267242470584,2018-10-04-06-00-20
1.0,113.33616468039519,23.17266919337814,2018-10-04-06-00-20
1.0,113.33766175107795,23.17266644945687,2018-10-04-06-00-20
2.0,113.32793121624182,23.172934547179803,2018-10-04-06-00-20
1.0,113.3284301968555,23.172933598391037,2018-10-04-06-00-20
1.0,113.3291786707544,23.172932177369173,2018-10-04-06-00-20
1.0,113.33391911082207,23.17292325843935,2018-10-04-06-00-20
1.0,113.3341686137337,23.172922793836563,2018-10-04-06-00-20
1.0,113.3351666325116,23.17292094122307,2018-10-04-06-00-20
1.0,113.33591515445447,23.17291955819324,2018-10-04-06-00-20
1.0,113.32668375385423,23.173186828609328,2018-10-04-06-00-20
1.0,113.32693324227523,23.17318635290611,2018-10-04-06-00-20
1.0,113.32718273100848,23.17318587741275,2018-10-04-06-00-20
1.0,113.32768170946528,23.17318492710507,2018-10-04-06-00-20
1.0,113.32867967071543,23.173183029552103,2018-10-04-06-00-20
1.0,113.32967763846231,23.173181136741714,2018-10-04-06-00-20
1.0,113.33691317780853,23.17316762848837,2018-10-04-06-00-20
1.0,113.33716268999221,23.17316717150279,2018-10-04-06-00-20
1.0,113.33766171694865,23.173166259685825,2018-10-04-06-00-20
1.0,113.3256857860073,23.173438638448747,2018-10-04-06-00-20
1.0,113.32818067230451,23.17343388296006,2018-10-04-06-00-20
1.0,113.32942812883726,23.173431514631073,2018-10-04-06-00-20
1.0,113.33516659840139,23.173420751531225,2018-10-04-06-00-20
1.0,113.33666364940927,23.173417991349243,2018-10-04-06-00-20
1.0,113.33741218597058,23.173416620404534,2018-10-04-06-00-20
1.0,113.32643423169132,23.17368711489958,2018-10-04-06-00-20
1.0,113.32743218601854,23.173685212530824,2018-10-04-06-00-20
1.0,113.32892912794868,23.173682366262696,2018-10-04-06-00-20
1.0,113.32942811180472,23.17368141984498,2018-10-04-06-00-20
1.0,113.3346675705101,23.173671581867136,2018-10-04-06-00-20
1.0,113.33541608788677,23.173670195101316,2018-10-04-06-00-20
1.0,113.32693319120781,23.173936068549118,2018-10-04-06-00-20
1.0,113.32892911091797,23.173932271515998,2018-10-04-06-00-20
1.0,113.33441804913582,23.173921950575156,2018-10-04-06-00-20
1.0,113.33516656429049,23.17392056199644,2018-10-04-06-00-20
1.0,113.32643419764992,23.174186925446385,2018-10-04-06-00-20
3.0,113.32668366874609,23.174436354877983,2018-10-04-06-00-20
1.0,113.32793111408225,23.174433978583103,2018-10-04-06-00-20
1.0,113.32867958556695,23.174432555819102,2018-10-04-06-00-20
1.0,113.32892907685607,23.17443208214078,2018-10-04-06-00-20
1.0,113.32618467577718,23.174687212236982,2018-10-04-06-00-20
1.0,113.3274321179189,23.174684833781477,2018-10-04-06-00-20
1.0,113.32867956853674,23.174682461190724,2018-10-04-06-00-20
1.0,113.32892905982486,23.174681987512358,2018-10-04-06-00-20
1.0,113.32917855153242,23.17468151414277,2018-10-04-06-00-20
1.0,113.32793108002772,23.17493378936613,2018-10-04-06-00-20
1.0,113.32843006062531,23.1749328405767,2018-10-04-06-00-20
1.0,113.32768157325792,23.17518416960692,2018-10-04-06-00-20
1.0,113.32818055310838,23.175183220286403,2018-10-04-06-00-20
1.0,113.32843004359577,23.175182746027488,2018-10-04-06-00-20
1.0,113.32668360065657,23.175435976603215,2018-10-04-06-00-20
1.0,113.32768155623125,23.17543407509747,2018-10-04-06-00-20
1.0,113.32793104597253,23.175433600307507,2018-10-04-06-00-20
1.0,113.3256856328446,23.175687786799443,2018-10-04-06-00-20
1.0,113.32693307204467,23.17568540643,2018-10-04-06-00-20
1.0,113.33666346172683,23.17616695086029,2018-10-04-06-00-20
1.0,113.32818045093376,23.176682653825733,2018-10-04-06-00-20
1.0,113.33491687089258,23.176669984641624,2018-10-04-06-00-20
1.0,113.33641391710822,23.176667220574245,2018-10-04-06-00-20
1.0,113.33716245109538,23.176665847522333,2018-10-04-06-00-20
1.0,113.32818043390408,23.17693255955518,2018-10-04-06-00-20
1.0,113.32718242456328,23.177684176614378,2018-10-04-06-00-20
1.0,113.33766140975483,23.177664558855994,2018-10-04-06-00-20
1.0,113.33791092453656,23.177664104048127,2018-10-04-06-00-20
1.0,113.33441777627169,23.17792044000466,2018-10-04-06-00-20
1.0,113.33666334228202,23.177916291237434,2018-10-04-06-00-20
1.0,113.33616430506383,23.17816711459957,2018-10-04-06-00-20
1.0,113.337162348701,23.17816528249141,2018-10-04-06-00-20
1.0,113.32743186252151,23.178433419133174,2018-10-04-06-00-20
1.0,113.3361642880014,23.178417020568606,2018-10-04-06-00-20
1.0,113.3361642709388,23.17866692657799,2018-10-04-06-00-20
1.0,113.33666329108888,23.178666009144358,2018-10-04-06-00-20
1.0,113.3371623145682,23.178665094469494,2018-10-04-06-00-20
1.0,113.32718233943004,23.17893370646733,2018-10-04-06-00-20
1.0,113.33042572717251,23.17892754976424,2018-10-04-06-00-20
1.0,113.33067522166098,23.178927078506053,2018-10-04-06-00-20
1.0,113.3369127853401,23.178915457505646,2018-10-04-06-00-20
1.0,113.33741181052166,23.178914544246577,2018-10-04-06-00-20
1.0,113.33791083919053,23.17891363389213,2018-10-04-06-00-20
1.0,113.32743181143753,23.17918313728692,2018-10-04-06-00-20
1.0,113.33117419514764,23.179176043278776,2018-10-04-06-00-20
1.0,113.32718230537557,23.179433518691273,2018-10-04-06-00-20
1.0,113.32743179440921,23.179433043419102,2018-10-04-06-00-20
1.0,113.33641372941256,23.179416185793013,2018-10-04-06-00-20
1.0,113.33741177638592,23.179414356467106,2018-10-04-06-00-20
1.0,113.33791080505094,23.17941344611249,2018-10-04-06-00-20
1.0,113.3266833112464,23.179684376062777,2018-10-04-06-00-20
1.0,113.32718228834808,23.17968342486405,2018-10-04-06-00-20
1.0,113.32768126675239,23.17968247455422,2018-10-04-06-00-20
1.0,113.33042567605133,23.179677268159345,2018-10-04-06-00-20
1.0,113.33766127320686,23.179663807091682,2018-10-04-06-00-20
1.0,113.32693278261449,23.17993380657191,2018-10-04-06-00-20
1.0,113.33317012876978,23.17992201430273,2018-10-04-06-00-20
1.0,113.3336691311581,23.179921082367674,2018-10-04-06-00-20
1.0,113.33766125613762,23.17991371330332,2018-10-04-06-00-20
1.0,113.32518635264566,23.180187046471254,2018-10-04-06-00-20
1.0,113.33217208050253,23.18067360317724,2018-10-04-06-00-20
1.0,113.33341957847497,23.18067126695109,2018-10-04-06-00-20
1.0,113.33366907999617,23.180670801248784,2018-10-04-06-00-20
1.0,113.33366906294187,23.180920707624065,2018-10-04-06-00-20
1.0,113.34489821216914,23.17090427408604,2018-10-04-06-00-20
1.0,113.34514775829389,23.170903845907194,2018-10-04-06-00-20
1.0,113.3471441741506,23.170900460897602,2018-10-04-06-00-20
1.0,113.34514774120247,23.171153750728255,2018-10-04-06-00-20
1.0,113.34539728859856,23.171153323645065,2018-10-04-06-00-20
1.0,113.34714415705203,23.17115036571832,2018-10-04-06-00-20
1.0,113.34764324028943,23.171649340875927,2018-10-04-06-00-20
1.0,113.34190368496485,23.171909112949486,2018-10-04-06-00-20
1.0,113.33516666662116,23.17242113107153,2018-10-04-06-00-20
1.0,113.34464856476374,23.172404132858503,2018-10-04-06-00-20
1.0,113.33616468039519,23.17266919337814,2018-10-04-06-00-20
1.0,113.33766175107795,23.17266644945687,2018-10-04-06-00-20
1.0,113.34564673471664,23.17265232741125,2018-10-04-06-00-20
1.0,113.34714405445706,23.172649795458796,2018-10-04-06-00-20
1.0,113.3351666325116,23.17292094122307,2018-10-04-06-00-20
1.0,113.33591515445447,23.17291955819324,2018-10-04-06-00-20
1.0,113.34514762155776,23.172903085564425,2018-10-04-06-00-20
1.0,113.34564671762224,23.172902232504793,2018-10-04-06-00-20
1.0,113.34714403735731,23.17289970055208,2018-10-04-06-00-20
1.0,113.33691317780853,23.17316762848837,2018-10-04-06-00-20
1.0,113.33716268999221,23.17316717150279,2018-10-04-06-00-20
1.0,113.33766171694865,23.173166259685825,2018-10-04-06-00-20
1.0,113.34489805834836,23.17315341887644,2018-10-04-06-00-20
1.0,113.34564670052767,23.173152137637487,2018-10-04-06-00-20
1.0,113.34689446361035,23.173150024773104,2018-10-04-06-00-20
1.0,113.33516659840139,23.173420751531225,2018-10-04-06-00-20
1.0,113.33666364940927,23.173417991349243,2018-10-04-06-00-20
1.0,113.33741218597058,23.173416620404534,2018-10-04-06-00-20
1.0,113.34240264728177,23.173407663527968,2018-10-04-06-00-20
1.0,113.34514758737204,23.173402895869202,2018-10-04-06-00-20
1.0,113.34614578468378,23.17340119422548,2018-10-04-06-00-20
1.0,113.34664489122518,23.173400350210247,2018-10-04-06-00-20
1.0,113.33541608788677,23.173670195101316,2018-10-04-06-00-20
1.0,113.33865974744816,23.173664255393746,2018-10-04-06-00-20
1.0,113.34514757027894,23.173652801080458,2018-10-04-06-00-20
1.0,113.34614576758709,23.173651099436565,2018-10-04-06-00-20
1.0,113.3463953201893,23.173650676852034,2018-10-04-06-00-20
1.0,113.33516656429049,23.17392056199644,2018-10-04-06-00-20
1.0,113.33816069624385,23.173915066459404,2018-10-04-06-00-20
1.0,113.34265214720557,23.173907035499315,2018-10-04-06-00-20
1.0,113.34589619921154,23.173901428413718,2018-10-04-06-00-20
1.0,113.34614575049022,23.173901004686968,2018-10-04-06-00-20
1.0,113.34689441231225,23.173899740406025,2018-10-04-06-00-20
1.0,113.33841019578104,23.174164518456195,2018-10-04-06-00-20
1.0,113.3429016653553,23.174156503276397,2018-10-04-06-00-20
1.0,113.34340073930937,23.17415563123162,2018-10-04-06-00-20
1.0,113.34389981799673,23.17415476324129,2018-10-04-06-00-20
1.0,113.34489798997922,23.17415303980038,2018-10-04-06-00-20
1.0,113.34689439521256,23.17414964569567,2018-10-04-06-00-20
1.0,113.34365026096687,23.174405102053385,2018-10-04-06-00-20
1.0,113.3441493420573,23.174404236125525,2018-10-04-06-00-20
1.0,113.34639526889552,23.17440039272128,2018-10-04-06-00-20
1.0,113.33965775878347,23.174662074545385,2018-10-04-06-00-20
1.0,113.34389978381843,23.17465457393994,2018-10-04-06-00-20
1.0,113.34489795579364,23.17465285049869,2018-10-04-06-00-20
1.0,113.34514750190483,23.1746524223192,2018-10-04-06-00-20
1.0,113.34639525179726,23.174650298089915,2018-10-04-06-00-20
1.0,113.33940822035584,23.174912429255354,2018-10-04-06-00-20
1.0,113.3451474848109,23.174902327727587,2018-10-04-06-00-20
1.0,113.34564658086097,23.174901474667266,2018-10-04-06-00-20
1.0,113.34589613082598,23.17490104980976,2018-10-04-06-00-20
1.0,113.34340067095944,23.175155252787402,2018-10-04-06-00-20
1.0,113.34514746771679,23.17515223317556,2018-10-04-06-00-20
1.0,113.34589611372917,23.175150955257603,2018-10-04-06-00-20
1.0,113.33890914642261,23.17541314125096,2018-10-04-06-00-20
1.0,113.33940818621014,23.175412240192895,2018-10-04-06-00-20
1.0,113.33965770756231,23.175411790892163,2018-10-04-06-00-20
1.0,113.34040627760899,23.175410448047533,2018-10-04-06-00-20
1.0,113.34240251061277,23.175406906325694,2018-10-04-06-00-20
1.0,113.34464835966517,23.175402996106435,2018-10-04-06-00-20
1.0,113.34489790451403,23.17540256684279,2018-10-04-06-00-20
1.0,113.3451474506225,23.175402138663173,2018-10-04-06-00-20
1.0,113.34589609663219,23.175400860745086,2018-10-04-06-00-20
1.0,113.34639520050148,23.175400014433247,2018-10-04-06-00-20
1.0,113.34689430971154,23.175399172736363,2018-10-04-06-00-20
1.0,113.3473934243624,23.175398335746735,2018-10-04-06-00-20
1.0,113.3389091293514,23.175663046779334,2018-10-04-06-00-20
28.0,113.33940816913703,23.175662145721184,2018-10-04-06-00-20
1.0,113.34090531234986,23.17565946268046,2018-10-04-06-00-20
1.0,113.34414925660491,23.175653763366515,2018-10-04-06-00-20
1.0,113.34589607953504,23.17565076627227,2018-10-04-06-00-20
1.0,113.33841007629836,23.175913856600786,2018-10-04-06-00-20
1.0,113.34464832547972,23.17590280720098,2018-10-04-06-00-20
1.0,113.34489787032678,23.17590237793725,2018-10-04-06-00-20
1.0,113.34564651247632,23.175901096696883,2018-10-04-06-00-20
1.0,113.34614561370927,23.175900248112107,2018-10-04-06-00-20
1.0,113.33666346172683,23.17616695086029,2018-10-04-06-00-20
1.0,113.34040622637781,23.17616016475119,2018-10-04-06-00-20
1.0,113.34464830838675,23.176152712807927,2018-10-04-06-00-20
1.0,113.34514739933866,23.17615185536441,2018-10-04-06-00-20
1.0,113.34689425840891,23.176148889436696,2018-10-04-06-00-20
1.0,113.34090526111252,23.176409179503278,2018-10-04-06-00-20
1.0,113.34115478859407,23.17640873539188,2018-10-04-06-00-20
1.0,113.33491687089258,23.176669984641624,2018-10-04-06-00-20
1.0,113.33641391710822,23.176667220574245,2018-10-04-06-00-20
1.0,113.33716245109538,23.176665847522333,2018-10-04-06-00-20
1.0,113.33816050849407,23.176664026839205,2018-10-04-06-00-20
1.0,113.33890906106494,23.17666266929086,2018-10-04-06-00-20
1.0,113.33965762219036,23.176661318931433,2018-10-04-06-00-20
1.0,113.33990714452747,23.176660870465405,2018-10-04-06-00-20
1.0,113.34090524403308,23.176659085190636,2018-10-04-06-00-20
1.0,113.347143780841,23.176648281680258,2018-10-04-06-00-20
1.0,113.3389090439929,23.176912575018516,2018-10-04-06-00-20
1.0,113.33915856339914,23.176912124083813,2018-10-04-06-00-20
1.0,113.33940808376899,23.176911673959946,2018-10-04-06-00-20
1.0,113.34589599404681,23.1769002945055,2018-10-04-06-00-20
1.0,113.33940806669489,23.177161579727542,2018-10-04-06-00-20
1.0,113.33990711037563,23.177160681960405,2018-10-04-06-00-20
1.0,113.33965757096519,23.17741103623414,2018-10-04-06-00-20
1.0,113.3453968612358,23.177400956913406,2018-10-04-06-00-20
1.0,113.34664461762941,23.17739883833459,2018-10-04-06-00-20
1.0,113.33766140975483,23.177664558855994,2018-10-04-06-00-20
1.0,113.33791092453656,23.177664104048127,2018-10-04-06-00-20
1.0,113.33915851217917,23.177661841506993,2018-10-04-06-00-20
1.0,113.34190329207846,23.177656937382416,2018-10-04-06-00-20
1.0,113.33666334228202,23.177916291237434,2018-10-04-06-00-20
1.0,113.33816042314658,23.177913555878856,2018-10-04-06-00-20
1.0,113.34664458342692,23.177898650067885,2018-10-04-06-00-20
1.0,113.33616430506383,23.17816711459957,2018-10-04-06-00-20
1.0,113.337162348701,23.17816528249141,2018-10-04-06-00-20
1.0,113.3421527897332,23.17815630878485,2018-10-04-06-00-20
1.0,113.34240232267541,23.178155869326392,2018-10-04-06-00-20
1.0,113.34689412159454,23.178148135728588,2018-10-04-06-00-20
1.0,113.3361642880014,23.178417020568606,2018-10-04-06-00-20
1.0,113.3361642709388,23.17866692657799,2018-10-04-06-00-20
1.0,113.33666329108888,23.178666009144358,2018-10-04-06-00-20
1.0,113.3371623145682,23.178665094469494,2018-10-04-06-00-20
1.0,113.33940796424672,23.17866101517651,2018-10-04-06-00-20
1.0,113.34664453212193,23.178648367969714,2018-10-04-06-00-20
1.0,113.3369127853401,23.178915457505646,2018-10-04-06-00-20
1.0,113.33741181052166,23.178914544246577,2018-10-04-06-00-20
1.0,113.33791083919053,23.17891363389213,2018-10-04-06-00-20
1.0,113.33940794717144,23.17891092122574,2018-10-04-06-00-20
1.0,113.33965746851032,23.178910471924418,2018-10-04-06-00-20
1.0,113.34240227141625,23.178905587351426,2018-10-04-06-00-20
1.0,113.34414903440906,23.17890253886059,2018-10-04-06-00-20
1.0,113.3381603377949,23.17916308592435,2018-10-04-06-00-20
1.0,113.33965745143392,23.17916037801405,2018-10-04-06-00-20
1.0,113.33641372941256,23.179416185793013,2018-10-04-06-00-20
1.0,113.33741177638592,23.179414356467106,2018-10-04-06-00-20
1.0,113.33791080505094,23.17941344611249,2018-10-04-06-00-20
1.0,113.34215270430506,23.179405839028938,2018-10-04-06-00-20
1.0,113.33766127320686,23.179663807091682,2018-10-04-06-00-20
1.0,113.33840982023648,23.179662444930422,2018-10-04-06-00-20
1.0,113.33766125613762,23.17991371330332,2018-10-04-06-00-20
1.0,113.33840980316434,23.179912351141933,2018-10-04-06-00-20
1.0,113.33816026951055,23.180162710689462,2018-10-04-06-00-20
1.0,113.33890882204122,23.180161353139347,2018-10-04-06-00-20
1.0,113.33840975194695,23.18066207002066,2018-10-04-06-00-20
1.0,113.3438993736266,23.18065231478152,2018-10-04-06-00-20
1.0,113.33865925237713,23.180911523874283,2018-10-04-06-00-20
1.0,113.35038855718973,23.170645220264625,2018-10-04-06-00-20
1.0,113.35488118921535,23.17063820990819,2018-10-04-06-00-20
1.0,113.34489821216914,23.17090427408604,2018-10-04-06-00-20
1.0,113.34514775829389,23.170903845907194,2018-10-04-06-00-20
1.0,113.3471441741506,23.170900460897602,2018-10-04-06-00-20
1.0,113.34514774120247,23.171153750728255,2018-10-04-06-00-20
1.0,113.34539728859856,23.171153323645065,2018-10-04-06-00-20
1.0,113.34714415705203,23.17115036571832,2018-10-04-06-00-20
1.0,113.35163642350895,23.171143036372836,2018-10-04-06-00-20
1.0,113.34764324028943,23.171649340875927,2018-10-04-06-00-20
1.0,113.35163638928037,23.171642846129078,2018-10-04-06-00-20
1.0,113.34464856476374,23.172404132858503,2018-10-04-06-00-20
1.0,113.35063801440877,23.1723941531345,2018-10-04-06-00-20
1.0,113.35138675469527,23.17239295701557,2018-10-04-06-00-20
1.0,113.34564673471664,23.17265232741125,2018-10-04-06-00-20
1.0,113.34714405445706,23.172649795458796,2018-10-04-06-00-20
1.0,113.34514762155776,23.172903085564425,2018-10-04-06-00-20
1.0,113.34564671762224,23.172902232504793,2018-10-04-06-00-20
1.0,113.34714403735731,23.17289970055208,2018-10-04-06-00-20
1.0,113.3493901104461,23.172895983603123,2018-10-04-06-00-20
1.0,113.34489805834836,23.17315341887644,2018-10-04-06-00-20
1.0,113.34564670052767,23.173152137637487,2018-10-04-06-00-20
1.0,113.34689446361035,23.173150024773104,2018-10-04-06-00-20
1.0,113.35138670335215,23.17314267229326,2018-10-04-06-00-20
1.0,113.34514758737204,23.173402895869202,2018-10-04-06-00-20
1.0,113.34614578468378,23.17340119422548,2018-10-04-06-00-20
1.0,113.34664489122518,23.173400350210247,2018-10-04-06-00-20
1.0,113.3496396471602,23.17339538721511,2018-10-04-06-00-20
1.0,113.34514757027894,23.173652801080458,2018-10-04-06-00-20
1.0,113.34614576758709,23.173651099436565,2018-10-04-06-00-20
1.0,113.3463953201893,23.173650676852034,2018-10-04-06-00-20
1.0,113.35063792884868,23.17364367879393,2018-10-04-06-00-20
1.0,113.34589619921154,23.173901428413718,2018-10-04-06-00-20
1.0,113.34614575049022,23.173901004686968,2018-10-04-06-00-20
1.0,113.34689441231225,23.173899740406025,2018-10-04-06-00-20
1.0,113.35138665200753,23.173892387923832,2018-10-04-06-00-20
1.0,113.34489798997922,23.17415303980038,2018-10-04-06-00-20
1.0,113.34689439521256,23.17414964569567,2018-10-04-06-00-20
1.0,113.34639526889552,23.17440039272128,2018-10-04-06-00-20
1.0,113.34489795579364,23.17465285049869,2018-10-04-06-00-20
1.0,113.34514750190483,23.1746524223192,2018-10-04-06-00-20
1.0,113.34639525179726,23.174650298089915,2018-10-04-06-00-20
1.0,113.3451474848109,23.174902327727587,2018-10-04-06-00-20
1.0,113.34564658086097,23.174901474667266,2018-10-04-06-00-20
1.0,113.34589613082598,23.17490104980976,2018-10-04-06-00-20
1.0,113.34514746771679,23.17515223317556,2018-10-04-06-00-20
1.0,113.34589611372917,23.175150955257603,2018-10-04-06-00-20
1.0,113.34464835966517,23.175402996106435,2018-10-04-06-00-20
1.0,113.34489790451403,23.17540256684279,2018-10-04-06-00-20
1.0,113.3451474506225,23.175402138663173,2018-10-04-06-00-20
1.0,113.34589609663219,23.175400860745086,2018-10-04-06-00-20
1.0,113.34639520050148,23.175400014433247,2018-10-04-06-00-20
1.0,113.34689430971154,23.175399172736363,2018-10-04-06-00-20
1.0,113.3473934243624,23.175398335746735,2018-10-04-06-00-20
1.0,113.34589607953504,23.17565076627227,2018-10-04-06-00-20
1.0,113.34464832547972,23.17590280720098,2018-10-04-06-00-20
1.0,113.34489787032678,23.17590237793725,2018-10-04-06-00-20
1.0,113.34564651247632,23.175901096696883,2018-10-04-06-00-20
1.0,113.34614561370927,23.175900248112107,2018-10-04-06-00-20
1.0,113.34464830838675,23.176152712807927,2018-10-04-06-00-20
1.0,113.34514739933866,23.17615185536441,2018-10-04-06-00-20
1.0,113.34689425840891,23.176148889436696,2018-10-04-06-00-20
1.0,113.347143780841,23.176648281680258,2018-10-04-06-00-20
1.0,113.34589599404681,23.1769002945055,2018-10-04-06-00-20
1.0,113.3453968612358,23.177400956913406,2018-10-04-06-00-20
1.0,113.34664461762941,23.17739883833459,2018-10-04-06-00-20
1.0,113.34664458342692,23.177898650067885,2018-10-04-06-00-20
1.0,113.34689412159454,23.178148135728588,2018-10-04-06-00-20
1.0,113.34664453212193,23.178648367969714,2018-10-04-06-00-20
1.0,113.34988879179053,23.179642624006195,2018-10-04-06-00-20
