count,wgs_lng,wgs_lat,time
1.0,113.32718472158722,23.14394722797085,2018-10-04-05-00-20
1.0,113.32818268038238,23.143945328362673,2018-10-04-05-00-20
1.0,113.33092710092825,23.14394012923361,2018-10-04-05-00-20
1.0,113.33192508689157,23.143938250004137,2018-10-04-05-00-20
1.0,113.33367158516458,23.14393497941644,2018-10-04-05-00-20
1.0,113.33392108750384,23.143934514263236,2018-10-04-05-00-20
1.0,113.32543828871748,23.144200461325912,2018-10-04-05-00-20
1.0,113.32618675100136,23.14419903209564,2018-10-04-05-00-20
1.0,113.32718470458337,23.144197128931694,2018-10-04-05-00-20
1.0,113.33342206646964,23.14418534607243,2018-10-04-05-00-20
1.0,113.32593722932121,23.14469931036996,2018-10-04-05-00-20
1.0,113.32943008646882,23.14469266303795,2018-10-04-05-00-20
1.0,113.33566757272877,23.14468097740082,2018-10-04-05-00-20
1.0,113.33242401519848,23.14493691711825,2018-10-04-05-00-20
1.0,113.33317251437984,23.144935515375817,2018-10-04-05-00-20
1.0,113.33591706388901,23.144930418090365,2018-10-04-05-00-20
1.0,113.33616657287986,23.14492995837511,2018-10-04-05-00-20
1.0,113.3366655932919,23.144929040952785,2018-10-04-05-00-20
1.0,113.33691510473946,23.144928583270083,2018-10-04-05-00-20
1.0,113.32943005244188,23.145192465188867,2018-10-04-05-00-20
1.0,113.33566753865236,23.14518077954966,2018-10-04-05-00-20
1.0,113.33591704684976,23.145180319181218,2018-10-04-05-00-20
1.0,113.33616655583963,23.14517985946592,2018-10-04-05-00-20
1.0,113.33641606563523,23.145179400415955,2018-10-04-05-00-20
1.0,113.33691508769633,23.145178484360766,2018-10-04-05-00-20
1.0,113.33167548743064,23.145438125410426,2018-10-04-05-00-20
1.0,113.33242398114729,23.145436719334132,2018-10-04-05-00-20
1.0,113.33591702981033,23.145430220305077,2018-10-04-05-00-20
1.0,113.33691507065302,23.145428385484458,2018-10-04-05-00-20
1.0,113.33092698179256,23.145689436645554,2018-10-04-05-00-20
1.0,113.3331724632939,23.145685218748824,2018-10-04-05-00-20
1.0,113.33466947945384,23.14568242959176,2018-10-04-05-00-20
1.0,113.33566750457528,23.14568058183052,2018-10-04-05-00-20
1.0,113.3256876569067,23.14594929241234,2018-10-04-05-00-20
1.0,113.32643611994507,23.145947863662407,2018-10-04-05-00-20
1.0,113.32718458555183,23.14594643657864,2018-10-04-05-00-20
1.0,113.32992898726364,23.145941223588377,2018-10-04-05-00-20
1.0,113.3356674875365,23.1459304830206,2018-10-04-05-00-20
1.0,113.33217443157791,23.14618689113318,2018-10-04-05-00-20
1.0,113.32868149189507,23.146443391227127,2018-10-04-05-00-20
1.0,113.33566745345843,23.14643028550034,2018-10-04-05-00-20
1.0,113.3366654739932,23.14667834928297,2018-10-04-05-00-20
1.0,113.32518861480669,23.14694985077272,2018-10-04-05-00-20
1.0,113.32543810174207,23.14694937407433,2018-10-04-05-00-20
1.0,113.32868145787181,23.146943193842354,2018-10-04-05-00-20
1.0,113.32893094927148,23.146942720168585,2018-10-04-05-00-20
1.0,113.33092689669063,23.146938942932238,2018-10-04-05-00-20
1.0,113.33192488260619,23.14693706370077,2018-10-04-05-00-20
1.0,113.33367138079615,23.146933793109575,2018-10-04-05-00-20
1.0,113.32518859780893,23.147199752130984,2018-10-04-05-00-20
1.0,113.32718450052433,23.147195943034863,2018-10-04-05-00-20
1.0,113.33367136376435,23.147183694466428,2018-10-04-05-00-20
1.0,113.33516838828545,23.147180912117896,2018-10-04-05-00-20
1.0,113.33042782184872,23.148189392164873,2018-10-04-05-00-20
1.0,113.33367127860292,23.1484332017537,2018-10-04-05-00-20
1.0,113.33641584408443,23.14842811762003,2018-10-04-05-00-20
1.0,113.32942979721855,23.1489409855602,2018-10-04-05-00-20
1.0,113.32967928990848,23.148940512849503,2018-10-04-05-00-20
1.0,113.33491876313246,23.14893068480932,2018-10-04-05-00-20
1.0,113.32518846182096,23.14919896420632,2018-10-04-05-00-20
1.0,113.33142573533021,23.149187115876302,2018-10-04-05-00-20
1.0,113.33242372574206,23.149185240199852,2018-10-04-05-00-20
1.0,113.33441973653251,23.149181512746267,2018-10-04-05-00-20
1.0,113.32893077913518,23.14944173525739,2018-10-04-05-00-20
1.0,113.33042773674845,23.14943890012907,2018-10-04-05-00-20
1.0,113.33067723135483,23.14943842887578,2018-10-04-05-00-20
1.0,113.3326732077987,23.149434674113913,2018-10-04-05-00-20
1.0,113.33167519801916,23.149686449632654,2018-10-04-05-00-20
1.0,113.33142568425659,23.149936820959386,2018-10-04-05-00-20
1.0,113.33217417618005,23.149935413510182,2018-10-04-05-00-20
1.0,113.32593685529842,23.150197141378605,2018-10-04-05-00-20
1.0,113.33242365762767,23.150184847044706,2018-10-04-05-00-20
1.0,113.32918018586476,23.150690770706333,2018-10-04-05-00-20
1.0,113.32992866392689,23.150689352585722,2018-10-04-05-00-20
1.0,113.33117613700075,23.150686996379935,2018-10-04-05-00-20
1.0,113.32768322405319,23.150943517150033,2018-10-04-05-00-20
1.0,113.32793271389325,23.150943042364126,2018-10-04-05-00-20
1.0,113.3286811856618,23.1509416196118,2018-10-04-05-00-20
1.0,113.32967915376604,23.15093972681616,2018-10-04-05-00-20
1.0,113.32793269688173,23.151192944264015,2018-10-04-05-00-20
1.0,113.32818218708658,23.151192469737392,2018-10-04-05-00-20
1.0,113.32843167767062,23.151191995482453,2018-10-04-05-00-20
1.0,113.32967913674749,23.15118962871576,2018-10-04-05-00-20
1.0,113.33466910464794,23.15118026352757,2018-10-04-05-00-20
1.0,113.32793267987005,23.151442846198265,2018-10-04-05-00-20
1.0,113.32818217007389,23.1514423716716,2018-10-04-05-00-20
1.0,113.32967911972877,23.151439530649718,2018-10-04-05-00-20
1.0,113.32942957599471,23.152189709369537,2018-10-04-05-00-20
1.0,113.32942955897633,23.152439611441523,2018-10-04-05-00-20
1.0,113.33192450802066,23.15243490137343,2018-10-04-05-00-20
1.0,113.32468925063402,23.15269854433362,2018-10-04-05-00-20
1.0,113.33516801341449,23.152678750527706,2018-10-04-05-00-20
1.0,113.3276830879644,23.15294273331464,2018-10-04-05-00-20
1.0,113.3311759156708,23.15393572331713,2018-10-04-05-00-20
1.0,113.33666497966864,23.153925501415188,2018-10-04-05-00-20
1.0,113.34115700761997,23.143921315900812,2018-10-04-05-00-20
1.0,113.34140653629079,23.143920872701738,2018-10-04-05-00-20
1.0,113.34165606604188,23.143920430421417,2018-10-04-05-00-20
1.0,113.33816272606263,23.144176602553497,2018-10-04-05-00-20
1.0,113.34015888642578,23.14417299860444,2018-10-04-05-00-20
1.0,113.34140651923121,23.144170773660207,2018-10-04-05-00-20
1.0,113.34165604898136,23.144170331379843,2018-10-04-05-00-20
1.0,113.34390185040057,23.14441629515198,2018-10-04-05-00-20
1.0,113.34465047785459,23.144415000989767,2018-10-04-05-00-20
1.0,113.33566757272877,23.14468097740082,2018-10-04-05-00-20
1.0,113.34040837679183,23.14467235386546,2018-10-04-05-00-20
1.0,113.33591706388901,23.144930418090365,2018-10-04-05-00-20
1.0,113.33616657287986,23.14492995837511,2018-10-04-05-00-20
1.0,113.3366655932919,23.144929040952785,2018-10-04-05-00-20
1.0,113.33691510473946,23.144928583270083,2018-10-04-05-00-20
1.0,113.33566753865236,23.14518077954966,2018-10-04-05-00-20
1.0,113.33591704684976,23.145180319181218,2018-10-04-05-00-20
1.0,113.33616655583963,23.14517985946592,2018-10-04-05-00-20
1.0,113.33641606563523,23.145179400415955,2018-10-04-05-00-20
1.0,113.33691508769633,23.145178484360766,2018-10-04-05-00-20
1.0,113.33591702981033,23.145430220305077,2018-10-04-05-00-20
1.0,113.33691507065302,23.145428385484458,2018-10-04-05-00-20
1.0,113.33990927769081,23.14542295150448,2018-10-04-05-00-20
1.0,113.33466947945384,23.14568242959176,2018-10-04-05-00-20
1.0,113.33566750457528,23.14568058183052,2018-10-04-05-00-20
1.0,113.33990926063586,23.145672852660724,2018-10-04-05-00-20
1.0,113.3356674875365,23.1459304830206,2018-10-04-05-00-20
1.0,113.33566745345843,23.14643028550034,2018-10-04-05-00-20
1.0,113.3366654739932,23.14667834928297,2018-10-04-05-00-20
1.0,113.33516838828545,23.147180912117896,2018-10-04-05-00-20
1.0,113.33891102323422,23.147923763370127,2018-10-04-05-00-20
1.0,113.33941006323117,23.147922862321334,2018-10-04-05-00-20
1.0,113.33641584408443,23.14842811762003,2018-10-04-05-00-20
1.0,113.33491876313246,23.14893068480932,2018-10-04-05-00-20
1.0,113.33441973653251,23.149181512746267,2018-10-04-05-00-20
1.0,113.34340243011704,23.149415189921033,2018-10-04-05-00-20
1.0,113.33791281814274,23.149924787825192,2018-10-04-05-00-20
1.0,113.34639692663059,23.150159751309985,2018-10-04-05-00-20
1.0,113.34664648065154,23.150159329883248,2018-10-04-05-00-20
1.0,113.33466910464794,23.15118026352757,2018-10-04-05-00-20
1.0,113.34190508497005,23.15141703231167,2018-10-04-05-00-20
1.0,113.34739506541963,23.1514075819527,2018-10-04-05-00-20
1.0,113.34464994854848,23.152161948268013,2018-10-04-05-00-20
1.0,113.34664632689939,23.152408447264765,2018-10-04-05-00-20
1.0,113.33516801341449,23.152678750527706,2018-10-04-05-00-20
1.0,113.34714538772117,23.153157314332976,2018-10-04-05-00-20
1.0,113.34115635927388,23.153417575844397,2018-10-04-05-00-20
1.0,113.35463341559745,23.143898987586486,2018-10-04-05-00-20
1.0,113.34465047785459,23.144415000989767,2018-10-04-05-00-20
1.0,113.35338538235708,23.14440069721201,2018-10-04-05-00-20
1.0,113.35163821956658,23.144903231399883,2018-10-04-05-00-20
1.0,113.3566302363803,23.144895619026812,2018-10-04-05-00-20
1.0,113.35063987857683,23.145154724548227,2018-10-04-05-00-20
1.0,113.34939199127592,23.14540664596795,2018-10-04-05-00-20
1.0,113.35363487614518,23.145899719322415,2018-10-04-05-00-20
1.0,113.35388444002587,23.146399138758824,2018-10-04-05-00-20
1.0,113.3541340398135,23.14639875721159,2018-10-04-05-00-20
1.0,113.35563167487464,23.14639649981935,2018-10-04-05-00-20
1.0,113.3541340056018,23.146898559818133,2018-10-04-05-00-20
1.0,113.35413397138942,23.14739836255828,2018-10-04-05-00-20
1.0,113.35413393717636,23.147898165432483,2018-10-04-05-00-20
1.0,113.35413392006959,23.148148066919997,2018-10-04-05-00-20
1.0,113.34639692663059,23.150159751309985,2018-10-04-05-00-20
1.0,113.34664648065154,23.150159329883248,2018-10-04-05-00-20
1.0,113.34889246060536,23.151155198239366,2018-10-04-05-00-20
1.0,113.34739506541963,23.1514075819527,2018-10-04-05-00-20
1.0,113.34864287692253,23.151405510696232,2018-10-04-05-00-20
1.0,113.35063945119137,23.151402262630178,2018-10-04-05-00-20
1.0,113.34464994854848,23.152161948268013,2018-10-04-05-00-20
1.0,113.34664632689939,23.152408447264765,2018-10-04-05-00-20
1.0,113.35538165396743,23.152394512391474,2018-10-04-05-00-20
1.0,113.34789408324802,23.152906162080498,2018-10-04-05-00-20
1.0,113.34714538772117,23.153157314332976,2018-10-04-05-00-20
1.0,113.35613040436328,23.153642910805655,2018-10-04-05-00-20
1.0,113.3276830879644,23.15294273331464,2018-10-04-05-00-20
1.0,113.3311759156708,23.15393572331713,2018-10-04-05-00-20
1.0,113.33666497966864,23.153925501415188,2018-10-04-05-00-20
1.0,113.33716398628937,23.154174489062967,2018-10-04-05-00-20
1.0,113.33192437178775,23.154434119197695,2018-10-04-05-00-20
1.0,113.33566687402904,23.154926948395957,2018-10-04-05-00-20
1.0,113.32493856710957,23.155197090391102,2018-10-04-05-00-20
1.0,113.32593651520784,23.155195183888168,2018-10-04-05-00-20
1.0,113.32593649820157,23.155445086380077,2018-10-04-05-00-20
1.0,113.3314253096708,23.15543466770416,2018-10-04-05-00-20
1.0,113.33541733256081,23.15542721435238,2018-10-04-05-00-20
1.0,113.3249385161024,23.155946797973318,2018-10-04-05-00-20
1.0,113.3351677748182,23.15617738367539,2018-10-04-05-00-20
1.0,113.32518796877528,23.156446126381848,2018-10-04-05-00-20
1.0,113.32718385417921,23.156692219942297,2018-10-04-05-00-20
1.0,113.3276828327692,23.156691269640078,2018-10-04-05-00-20
1.0,113.33516774073034,23.156677188974815,2018-10-04-05-00-20
1.0,113.32593637915298,23.157194404815225,2018-10-04-05-00-20
1.0,113.32618584977384,23.157443831335165,2018-10-04-05-00-20
1.0,113.3311756602551,23.15768426175067,2018-10-04-05-00-20
1.0,113.32543735363917,23.157945066231367,2018-10-04-05-00-20
1.0,113.32518784974329,23.158195445815064,2018-10-04-05-00-20
1.0,113.3254373366331,23.158194969114817,2018-10-04-05-00-20
1.0,113.32618579874698,23.158193539877598,2018-10-04-05-00-20
1.0,113.3281816936508,23.158439640005696,2018-10-04-05-00-20
1.0,113.32493832906329,23.158695728513514,2018-10-04-05-00-20
1.0,113.33167458498879,23.158682933720637,2018-10-04-05-00-20
1.0,113.32543728561386,23.1589446779809,2018-10-04-05-00-20
1.0,113.33367047788167,23.160178612442895,2018-10-04-05-00-20
1.0,113.33391998015695,23.16017814728698,2018-10-04-05-00-20
1.0,113.33416948311876,23.16017768268632,2018-10-04-05-00-20
1.0,113.3251876966902,23.16044457338952,2018-10-04-05-00-20
1.0,113.32693407616428,23.16094104629338,2018-10-04-05-00-20
1.0,113.32818152346806,23.16093867118262,2018-10-04-05-00-20
1.0,113.32942894620354,23.161436109535533,2018-10-04-05-00-20
1.0,113.3301774255151,23.161434692447113,2018-10-04-05-00-20
1.0,113.32668453665383,23.161691232058196,2018-10-04-05-00-20
1.0,113.32618552657846,23.162191990933568,2018-10-04-05-00-20
1.0,113.3349178428402,23.16242542251846,2018-10-04-05-00-20
1.0,113.32618547554212,23.162941701548686,2018-10-04-05-00-20
1.0,113.32768240736064,23.16293884806805,2018-10-04-05-00-20
1.0,113.33591583663578,23.16292338434681,2018-10-04-05-00-20
1.0,113.34714538772117,23.153157314332976,2018-10-04-05-00-20
1.0,113.34115635927388,23.153417575844397,2018-10-04-05-00-20
1.0,113.33666497966864,23.153925501415188,2018-10-04-05-00-20
1.0,113.33891061392049,23.15392140854393,2018-10-04-05-00-20
1.0,113.33716398628937,23.154174489062967,2018-10-04-05-00-20
1.0,113.33566687402904,23.154926948395957,2018-10-04-05-00-20
1.0,113.34614703229032,23.155158216332048,2018-10-04-05-00-20
1.0,113.33541733256081,23.15542721435238,2018-10-04-05-00-20
1.0,113.3351677748182,23.15617738367539,2018-10-04-05-00-20
1.0,113.33516774073034,23.156677188974815,2018-10-04-05-00-20
1.0,113.34290265602166,23.15966205984027,2018-10-04-05-00-20
1.0,113.3384110831102,23.16116949432495,2018-10-04-05-00-20
1.0,113.3349178428402,23.16242542251846,2018-10-04-05-00-20
1.0,113.34165480311222,23.162413193530274,2018-10-04-05-00-20
1.0,113.34165478603933,23.162663097066037,2018-10-04-05-00-20
1.0,113.34290245110239,23.162660899846266,2018-10-04-05-00-20
1.0,113.34315198753656,23.16266046332493,2018-10-04-05-00-20
1.0,113.34789408324802,23.152906162080498,2018-10-04-05-00-20
1.0,113.34714538772117,23.153157314332976,2018-10-04-05-00-20
1.0,113.35613040436328,23.153642910805655,2018-10-04-05-00-20
1.0,113.35637998570805,23.154142347735995,2018-10-04-05-00-20
1.0,113.34889222130978,23.154653828421253,2018-10-04-05-00-20
1.0,113.34614703229032,23.155158216332048,2018-10-04-05-00-20
1.0,113.35687913672196,23.15539112930387,2018-10-04-05-00-20
1.0,113.35712874065439,23.155640668990017,2018-10-04-05-00-20
1.0,113.35712872353302,23.155890571547275,2018-10-04-05-00-20
1.0,113.35163738163641,23.157148424572192,2018-10-04-05-00-20
1.0,113.32618552657846,23.162191990933568,2018-10-04-05-00-20
1.0,113.3349178428402,23.16242542251846,2018-10-04-05-00-20
1.0,113.32618547554212,23.162941701548686,2018-10-04-05-00-20
1.0,113.32768240736064,23.16293884806805,2018-10-04-05-00-20
1.0,113.33591583663578,23.16292338434681,2018-10-04-05-00-20
1.0,113.32693392303095,23.163190177476118,2018-10-04-05-00-20
1.0,113.3271834118046,23.163189701984415,2018-10-04-05-00-20
1.0,113.32743290090386,23.163189226714934,2018-10-04-05-00-20
1.0,113.32643492939327,23.163441032725963,2018-10-04-05-00-20
1.0,113.3269339060153,23.16344008112526,2018-10-04-05-00-20
1.0,113.32768237332346,23.163438655329056,2018-10-04-05-00-20
1.0,113.32793186311315,23.163438180541082,2018-10-04-05-00-20
1.0,113.333919758603,23.16342689183849,2018-10-04-05-00-20
1.0,113.32543696245722,23.16369284173648,2018-10-04-05-00-20
1.0,113.32568644955656,23.163692365171006,2018-10-04-05-00-20
1.0,113.32743284985037,23.163938937773406,2018-10-04-05-00-20
1.0,113.33766234823254,23.16391979538076,2018-10-04-05-00-20
1.0,113.3274328328322,23.164188841533868,2018-10-04-05-00-20
1.0,113.32768232226644,23.164188366498813,2018-10-04-05-00-20
1.0,113.32518742456251,23.164443029720207,2018-10-04-05-00-20
1.0,113.32618537346495,23.16444112377861,2018-10-04-05-00-20
1.0,113.32743281581386,23.16443874533158,2018-10-04-05-00-20
1.0,113.33491770645922,23.164424651850382,2018-10-04-05-00-20
1.0,113.33591571727334,23.16467271040061,2018-10-04-05-00-20
1.0,113.33391965633783,23.164926314506985,2018-10-04-05-00-20
1.0,113.33441866292387,23.164925385871587,2018-10-04-05-00-20
1.0,113.32793174397071,23.165187507125246,2018-10-04-05-00-20
1.0,113.33317111749065,23.16542751944886,2018-10-04-05-00-20
1.0,113.32693373584969,23.165939119665172,2018-10-04-05-00-20
1.0,113.33766221175811,23.165919026496777,2018-10-04-05-00-20
1.0,113.3259357667743,23.166190927668964,2018-10-04-05-00-20
1.0,113.32818116603009,23.16618664861012,2018-10-04-05-00-20
1.0,113.32843065655373,23.166186174352696,2018-10-04-05-00-20
1.0,113.32593574976069,23.16644083176686,2018-10-04-05-00-20
1.0,113.32618523735272,23.166440355509373,2018-10-04-05-00-20
1.0,113.3379116754015,23.166668283978645,2018-10-04-05-00-20
1.0,113.33441852654522,23.1669246181926,2018-10-04-05-00-20
1.0,113.32543672430336,23.167191497271283,2018-10-04-05-00-20
1.0,113.32568621138851,23.16719102070523,2018-10-04-05-00-20
1.0,113.32568619437527,23.167440924954455,2018-10-04-05-00-20
1.0,113.3259356646902,23.16769035282354,2018-10-04-05-00-20
1.0,113.3306759372418,23.168431058538534,2018-10-04-05-00-20
1.0,113.33516693947357,23.168422655445507,2018-10-04-05-00-20
1.0,113.33641448007391,23.168420353644883,2018-10-04-05-00-20
1.0,113.33591544441418,23.168671176855792,2018-10-04-05-00-20
1.0,113.32518711836796,23.168941304517215,2018-10-04-05-00-20
1.0,113.33541641192868,23.168922002717647,2018-10-04-05-00-20
1.0,113.32518710135558,23.16919120903338,2018-10-04-05-00-20
1.0,113.33491738251158,23.169172831132812,2018-10-04-05-00-20
1.0,113.331673818397,23.16992860479446,2018-10-04-05-00-20
1.0,113.32643446996248,23.17018844545123,2018-10-04-05-00-20
1.0,113.33192329858063,23.170178040306023,2018-10-04-05-00-20
1.0,113.33691338253956,23.170168769450516,2018-10-04-05-00-20
1.0,113.32518696525047,23.171190446547502,2018-10-04-05-00-20
1.0,113.32543645208757,23.171189969845106,2018-10-04-05-00-20
1.0,113.33292122522676,23.1711757874296,2018-10-04-05-00-20
1.0,113.32618489702556,23.171438445464464,2018-10-04-05-00-20
1.0,113.32793130137021,23.17168502208765,2018-10-04-05-00-20
1.0,113.32892924715895,23.17193303058743,2018-10-04-05-00-20
1.0,113.3349178428402,23.16242542251846,2018-10-04-05-00-20
1.0,113.34165480311222,23.162413193530274,2018-10-04-05-00-20
1.0,113.34165478603933,23.162663097066037,2018-10-04-05-00-20
1.0,113.34290245110239,23.162660899846266,2018-10-04-05-00-20
1.0,113.34315198753656,23.16266046332493,2018-10-04-05-00-20
1.0,113.33591583663578,23.16292338434681,2018-10-04-05-00-20
1.0,113.34190429973977,23.16291255928584,2018-10-04-05-00-20
1.0,113.34190428266561,23.16316246289545,2018-10-04-05-00-20
1.0,113.33841092956634,23.16341862582169,2018-10-04-05-00-20
1.0,113.33766234823254,23.16391979538076,2018-10-04-05-00-20
1.0,113.34215376331814,23.163911733536168,2018-10-04-05-00-20
1.0,113.34240329631325,23.163911294080133,2018-10-04-05-00-20
1.0,113.34265281336273,23.164160759348327,2018-10-04-05-00-20
1.0,113.33491770645922,23.164424651850382,2018-10-04-05-00-20
1.0,113.33591571727334,23.16467271040061,2018-10-04-05-00-20
1.0,113.33841077600894,23.165667760321945,2018-10-04-05-00-20
1.0,113.33766221175811,23.165919026496777,2018-10-04-05-00-20
1.0,113.33816120818591,23.16641792578944,2018-10-04-05-00-20
1.0,113.3379116754015,23.166668283978645,2018-10-04-05-00-20
1.0,113.34115540337649,23.167412156809547,2018-10-04-05-00-20
1.0,113.34090584171415,23.167912409526714,2018-10-04-05-00-20
1.0,113.34714437932043,23.167901606053718,2018-10-04-05-00-20
1.0,113.33516693947357,23.168422655445507,2018-10-04-05-00-20
1.0,113.33641448007391,23.168420353644883,2018-10-04-05-00-20
1.0,113.34739390316359,23.168400996911707,2018-10-04-05-00-20
1.0,113.33591544441418,23.168671176855792,2018-10-04-05-00-20
1.0,113.33541641192868,23.168922002717647,2018-10-04-05-00-20
1.0,113.34489834888734,23.168905036906622,2018-10-04-05-00-20
1.0,113.33491738251158,23.169172831132812,2018-10-04-05-00-20
1.0,113.34564697402071,23.169153660182587,2018-10-04-05-00-20
1.0,113.34714429383592,23.16915112823375,2018-10-04-05-00-20
1.0,113.34414968382508,23.169406136963836,2018-10-04-05-00-20
1.0,113.34439922621453,23.169405705568245,2018-10-04-05-00-20
1.0,113.3476433770901,23.169650102774252,2018-10-04-05-00-20
1.0,113.34614602401996,23.169902525368315,2018-10-04-05-00-20
1.0,113.34639557663556,23.169902102784427,2018-10-04-05-00-20
1.0,113.33691338253956,23.170168769450516,2018-10-04-05-00-20
1.0,113.34315147510533,23.17015758680278,2018-10-04-05-00-20
1.0,113.34614600692561,23.17015243003464,2018-10-04-05-00-20
1.0,113.34614598983109,23.170402334739528,2018-10-04-05-00-20
1.0,113.33841043472181,23.170665847944033,2018-10-04-05-00-20
1.0,113.34365051727156,23.170656526224047,2018-10-04-05-00-20
1.0,113.34365050018575,23.17090643100664,2018-10-04-05-00-20
1.0,113.3471441741506,23.170900460897602,2018-10-04-05-00-20
1.0,113.34390002305247,23.171155902345998,2018-10-04-05-00-20
1.0,113.34340092725789,23.171406675195442,2018-10-04-05-00-20
1.0,113.34489817798793,23.171404083767023,2018-10-04-05-00-20
1.0,113.34315137260101,23.171657015615455,2018-10-04-05-00-20
1.0,113.34165415422491,23.17190955430389,2018-10-04-05-00-20
1.0,113.35687852028055,23.164387642769235,2018-10-04-05-00-20
1.0,113.35363359289288,23.164642406842542,2018-10-04-05-00-20
1.0,113.35687850315406,23.164637546599206,2018-10-04-05-00-20
1.0,113.3526351833067,23.165143761459866,2018-10-04-05-00-20
1.0,113.35288477465478,23.165143372568284,2018-10-04-05-00-20
1.0,113.35662884971448,23.16513771882634,2018-10-04-05-00-20
1.0,113.3556303739967,23.165389096554886,2018-10-04-05-00-20
1.0,113.35637921522931,23.165387988830805,2018-10-04-05-00-20
1.0,113.35687845177362,23.165387258313476,2018-10-04-05-00-20
1.0,113.35113763503253,23.165645932493803,2018-10-04-05-00-20
1.0,113.3563791981037,23.165637892810615,2018-10-04-05-00-20
1.0,113.35587993457227,23.16613843778699,2018-10-04-05-00-20
1.0,113.35612954831032,23.166138068541972,2018-10-04-05-00-20
1.0,113.35612953118498,23.16638797263472,2018-10-04-05-00-20
1.0,113.35113754948667,23.166895452962244,2018-10-04-05-00-20
1.0,113.35138713116531,23.16689505562247,2018-10-04-05-00-20
1.0,113.35163671442467,23.166894659663075,2018-10-04-05-00-20
1.0,113.35587988319809,23.16688815017864,2018-10-04-05-00-20
1.0,113.35013922123183,23.16714696010994,2018-10-04-05-00-20
1.0,113.35488142893988,23.16713954701454,2018-10-04-05-00-20
1.0,113.3551310355752,23.167139171531012,2018-10-04-05-00-20
1.0,113.35563025413023,23.167138425205508,2018-10-04-05-00-20
1.0,113.34814265403281,23.16740013309616,2018-10-04-05-00-20
1.0,113.34714437932043,23.167901606053718,2018-10-04-05-00-20
1.0,113.34789304050341,23.168150260326062,2018-10-04-05-00-20
1.0,113.34739390316359,23.168400996911707,2018-10-04-05-00-20
1.0,113.35263494370268,23.168642420095566,2018-10-04-05-00-20
1.0,113.34489834888734,23.168905036906622,2018-10-04-05-00-20
1.0,113.35662859280362,23.168886281924596,2018-10-04-05-00-20
1.0,113.34564697402071,23.169153660182587,2018-10-04-05-00-20
1.0,113.34714429383592,23.16915112823375,2018-10-04-05-00-20
1.0,113.3476433770901,23.169650102774252,2018-10-04-05-00-20
1.0,113.34614602401996,23.169902525368315,2018-10-04-05-00-20
1.0,113.34639557663556,23.169902102784427,2018-10-04-05-00-20
1.0,113.35463163570714,23.16988887281503,2018-10-04-05-00-20
1.0,113.34614600692561,23.17015243003464,2018-10-04-05-00-20
1.0,113.34614598983109,23.170402334739528,2018-10-04-05-00-20
1.0,113.34789288660306,23.170399401283806,2018-10-04-05-00-20
1.0,113.35063813418586,23.170644818849755,2018-10-04-05-00-20
1.0,113.35438198119353,23.17063896546461,2018-10-04-05-00-20
1.0,113.3471441741506,23.170900460897602,2018-10-04-05-00-20
1.0,113.35163642350895,23.171143036372836,2018-10-04-05-00-20
1.0,113.34489817798793,23.171404083767023,2018-10-04-05-00-20
1.0,113.34939019598235,23.17164645852912,2018-10-04-05-00-20
1.0,113.35188597411664,23.17164245156031,2018-10-04-05-00-20
1.0,113.32518696525047,23.171190446547502,2018-10-04-05-00-20
1.0,113.32543645208757,23.171189969845106,2018-10-04-05-00-20
1.0,113.33292122522676,23.1711757874296,2018-10-04-05-00-20
1.0,113.32618489702556,23.171438445464464,2018-10-04-05-00-20
1.0,113.32793130137021,23.17168502208765,2018-10-04-05-00-20
1.0,113.32892924715895,23.17193303058743,2018-10-04-05-00-20
1.0,113.3269333103628,23.17218673259745,2018-10-04-05-00-20
1.0,113.32768177756496,23.172185306796905,2018-10-04-05-00-20
1.0,113.32793126731936,23.17218483200748,2018-10-04-05-00-20
1.0,113.3259353413844,23.172438541563864,2018-10-04-05-00-20
1.0,113.32693329334116,23.172436637615988,2018-10-04-05-00-20
1.0,113.32743227113934,23.17243568685174,2018-10-04-05-00-20
1.0,113.32768176054029,23.17243521181532,2018-10-04-05-00-20
1.0,113.3284302309114,23.172433788237253,2018-10-04-05-00-20
1.0,113.32892921309971,23.172432840584854,2018-10-04-05-00-20
1.0,113.32992718261677,23.17243094908421,2018-10-04-05-00-20
1.0,113.33017667614509,23.17243047707366,2018-10-04-05-00-20
1.0,113.33416864783541,23.17242298368469,2018-10-04-05-00-20
1.0,113.3354161731668,23.17242066942888,2018-10-04-05-00-20
1.0,113.33716274118012,23.172417456217783,2018-10-04-05-00-20
1.0,113.33791128294428,23.172416089594087,2018-10-04-05-00-20
1.0,113.32668378789631,23.172687018376713,2018-10-04-05-00-20
1.0,113.32892919606984,23.172682745642113,2018-10-04-05-00-20
1.0,113.3294281799339,23.172681799224726,2018-10-04-05-00-20
1.0,113.33317062320039,23.17267475043446,2018-10-04-05-00-20
1.0,113.33491714377475,23.172671498386933,2018-10-04-05-00-20
1.0,113.33616468039519,23.17266919337814,2018-10-04-05-00-20
1.0,113.33691321193203,23.172667818259164,2018-10-04-05-00-20
1.0,113.32643428275217,23.172937399374113,2018-10-04-05-00-20
1.0,113.32718274803162,23.17293597227695,2018-10-04-05-00-20
1.0,113.32818070635905,23.17293407264958,2018-10-04-05-00-20
1.0,113.33017664207514,23.172930287226862,2018-10-04-05-00-20
1.0,113.33042613608785,23.172929815586777,2018-10-04-05-00-20
1.0,113.33466762166982,23.17292186634578,2018-10-04-05-00-20
1.0,113.32942814586964,23.17318160945643,2018-10-04-05-00-20
1.0,113.32967763846231,23.173181136741714,2018-10-04-05-00-20
1.0,113.33541612199929,23.17317038471477,2018-10-04-05-00-20
1.0,113.32793118218929,23.17343435749037,2018-10-04-05-00-20
1.0,113.32843016279895,23.173433408701438,2018-10-04-05-00-20
1.0,113.32967762142893,23.173431041916313,2018-10-04-05-00-20
1.0,113.33117458709951,23.173428213322737,2018-10-04-05-00-20
12.0,113.3349170926126,23.173421213790537,2018-10-04-05-00-20
1.0,113.33516659840139,23.173420751531225,2018-10-04-05-00-20
1.0,113.33491707555822,23.173671119003526,2018-10-04-05-00-20
1.0,113.32743216899388,23.173935117784374,2018-10-04-05-00-20
1.0,113.329428094772,23.1739313250982,2018-10-04-05-00-20
1.0,113.32693317418502,23.174185973842125,2018-10-04-05-00-20
1.0,113.32718266291421,23.1741854983486,2018-10-04-05-00-20
1.0,113.32768162433693,23.174434453372896,2018-10-04-05-00-20
1.0,113.32793111408225,23.174433978583103,2018-10-04-05-00-20
1.0,113.32942806070606,23.174431135722813,2018-10-04-05-00-20
1.0,113.33516653017892,23.17442037261914,2018-10-04-05-00-20
1.0,113.32618467577718,23.174687212236982,2018-10-04-05-00-20
1.0,113.32818058716525,23.174683409424333,2018-10-04-05-00-20
1.0,113.32843007765466,23.174682935165503,2018-10-04-05-00-20
1.0,113.32867956853674,23.174682461190724,2018-10-04-05-00-20
1.0,113.32668363470165,23.174936165661425,2018-10-04-05-00-20
1.0,113.3281805701369,23.174933314835574,2018-10-04-05-00-20
1.0,113.32917853450004,23.174931419553843,2018-10-04-05-00-20
1.0,113.32942802663948,23.174930946505345,2018-10-04-05-00-20
1.0,113.33716257054789,23.174916508542662,2018-10-04-05-00-20
1.0,113.32818055310838,23.175183220286403,2018-10-04-05-00-20
1.0,113.32518667599174,23.17543883453938,2018-10-04-05-00-20
1.0,113.32743206684242,23.175434550134387,2018-10-04-05-00-20
1.0,113.32768155623125,23.17543407509747,2018-10-04-05-00-20
1.0,113.32543614579389,23.1756882633669,2018-10-04-05-00-20
1.0,113.32693307204467,23.17568540643,2018-10-04-05-00-20
1.0,113.33541593437221,23.175919343793247,2018-10-04-05-00-20
1.0,113.33691299011726,23.175916587564085,2018-10-04-05-00-20
1.0,113.32593508610051,23.1761871215604,2018-10-04-05-00-20
1.0,113.32618453961035,23.176686456641026,2018-10-04-05-00-20
1.0,113.32618452258875,23.176936362370807,2018-10-04-05-00-20
1.0,113.33641390004581,23.17691712630232,2018-10-04-05-00-20
1.0,113.32643399338752,23.17718579205411,2018-10-04-05-00-20
1.0,113.3341683238422,23.177171186494697,2018-10-04-05-00-20
1.0,113.33641388298324,23.17716703207042,2018-10-04-05-00-20
1.0,113.32618448854504,23.177436173950486,2018-10-04-05-00-20
2.0,113.32643397636458,23.17743569786394,2018-10-04-05-00-20
1.0,113.33691288773169,23.177416021812594,2018-10-04-05-00-20
1.0,113.32643395934146,23.1776856037139,2018-10-04-05-00-20
1.0,113.33117429740446,23.177676607338086,2018-10-04-05-00-20
1.0,113.32643394231818,23.17793550960404,2018-10-04-05-00-20
1.0,113.32643392529474,23.178185415534415,2018-10-04-05-00-20
1.0,113.337162348701,23.17816528249141,2018-10-04-05-00-20
1.0,113.32693288477182,23.178434369899406,2018-10-04-05-00-20
1.0,113.3369128194713,23.17841564544674,2018-10-04-05-00-20
1.0,113.32693286774601,23.178684275910328,2018-10-04-05-00-20
1.0,113.33292069675402,23.178922856447727,2018-10-04-05-00-20
1.0,113.33741181052166,23.178914544246577,2018-10-04-05-00-20
1.0,113.32743181143753,23.17918313728692,2018-10-04-05-00-20
1.0,113.33741179345388,23.17916445033659,2018-10-04-05-00-20
1.0,113.33791082212082,23.17916353998206,2018-10-04-05-00-20
1.0,113.32643384017499,23.179434945791662,2018-10-04-05-00-20
1.0,113.32743179440921,23.179433043419102,2018-10-04-05-00-20
1.0,113.32768128378189,23.17943256838152,2018-10-04-05-00-20
1.0,113.33741177638592,23.179414356467106,2018-10-04-05-00-20
1.0,113.32718228834808,23.17968342486405,2018-10-04-05-00-20
1.0,113.32768126675239,23.17968247455422,2018-10-04-05-00-20
1.0,113.33466716117833,23.179669318899258,2018-10-04-05-00-20
1.0,113.33766127320686,23.179663807091682,2018-10-04-05-00-20
1.0,113.33242163000406,23.179923416062643,2018-10-04-05-00-20
1.0,113.33741172518107,23.1801640751022,2018-10-04-05-00-20
1.0,113.33716219509814,23.18041443766804,2018-10-04-05-00-20
1.0,113.33766122199863,23.18041352584864,2018-10-04-05-00-20
1.0,113.32693271450627,23.18093343183278,2018-10-04-05-00-20
1.0,113.33292056034792,23.180922106310906,2018-10-04-05-00-20
1.0,113.33341956142165,23.18092117332641,2018-10-04-05-00-20
1.0,113.34365050018575,23.17090643100664,2018-10-04-05-00-20
1.0,113.3471441741506,23.170900460897602,2018-10-04-05-00-20
1.0,113.34390002305247,23.171155902345998,2018-10-04-05-00-20
1.0,113.34340092725789,23.171406675195442,2018-10-04-05-00-20
1.0,113.34489817798793,23.171404083767023,2018-10-04-05-00-20
1.0,113.34315137260101,23.171657015615455,2018-10-04-05-00-20
1.0,113.34165415422491,23.17190955430389,2018-10-04-05-00-20
1.0,113.3386598498591,23.172164824707455,2018-10-04-05-00-20
1.0,113.34739364667928,23.172149567489388,2018-10-04-05-00-20
1.0,113.34789276689341,23.17214873530009,2018-10-04-05-00-20
1.0,113.3354161731668,23.17242066942888,2018-10-04-05-00-20
1.0,113.33716274118012,23.172417456217783,2018-10-04-05-00-20
1.0,113.33791128294428,23.172416089594087,2018-10-04-05-00-20
1.0,113.3381607986443,23.172415635537515,2018-10-04-05-00-20
1.0,113.34464856476374,23.172404132858503,2018-10-04-05-00-20
1.0,113.33491714377475,23.172671498386933,2018-10-04-05-00-20
1.0,113.33616468039519,23.17266919337814,2018-10-04-05-00-20
1.0,113.33691321193203,23.172667818259164,2018-10-04-05-00-20
1.0,113.34489809253193,23.17265360864994,2018-10-04-05-00-20
1.0,113.34315128717614,23.17290654069484,2018-10-04-05-00-20
1.0,113.34539716894754,23.172902658480936,2018-10-04-05-00-20
1.0,113.34589626759441,23.172901807647627,2018-10-04-05-00-20
1.0,113.34714403735731,23.17289970055208,2018-10-04-05-00-20
1.0,113.33541612199929,23.17317038471477,2018-10-04-05-00-20
1.0,113.34040643129352,23.173161300074288,2018-10-04-05-00-20
1.0,113.34514760446498,23.173152990697208,2018-10-04-05-00-20
12.0,113.3349170926126,23.173421213790537,2018-10-04-05-00-20
1.0,113.33516659840139,23.173420751531225,2018-10-04-05-00-20
1.0,113.33915880240578,23.17341344751438,2018-10-04-05-00-20
1.0,113.34315125300502,23.1734063510003,2018-10-04-05-00-20
1.0,113.34489804125633,23.173403324048476,2018-10-04-05-00-20
1.0,113.34739356117613,23.17339909295586,2018-10-04-05-00-20
1.0,113.33491707555822,23.173671119003526,2018-10-04-05-00-20
1.0,113.33865974744816,23.173664255393746,2018-10-04-05-00-20
1.0,113.34439893570071,23.173654088858804,2018-10-04-05-00-20
1.0,113.34489802416412,23.173653229259774,2018-10-04-05-00-20
1.0,113.3463953201893,23.173650676852034,2018-10-04-05-00-20
1.0,113.33990733235068,23.173911910088847,2018-10-04-05-00-20
1.0,113.34240261311552,23.173907473990734,2018-10-04-05-00-20
1.0,113.34389983508564,23.17390485795113,2018-10-04-05-00-20
1.0,113.34589619921154,23.173901428413718,2018-10-04-05-00-20
1.0,113.34714396895664,23.173899321317307,2018-10-04-05-00-20
1.0,113.33940827157315,23.17416271314581,2018-10-04-05-00-20
1.0,113.3416540005057,23.17415870050594,2018-10-04-05-00-20
1.0,113.3429016653553,23.174156503276397,2018-10-04-05-00-20
1.0,113.34315120174708,23.1741560667531,2018-10-04-05-00-20
1.0,113.34389981799673,23.17415476324129,2018-10-04-05-00-20
1.0,113.34489798997922,23.17415303980038,2018-10-04-05-00-20
1.0,113.34539708347751,23.174152184537274,2018-10-04-05-00-20
1.0,113.34614573339319,23.174150909976742,2018-10-04-05-00-20
1.0,113.34689439521256,23.17414964569567,2018-10-04-05-00-20
1.0,113.34739350987223,23.174148808706477,2018-10-04-05-00-20
1.0,113.33516653017892,23.17442037261914,2018-10-04-05-00-20
1.0,113.33940825450088,23.17441261847616,2018-10-04-05-00-20
1.0,113.34215304599248,23.174407724068814,2018-10-04-05-00-20
1.0,113.3426521130368,23.174406846119492,2018-10-04-05-00-20
1.0,113.34365026096687,23.174405102053385,2018-10-04-05-00-20
1.0,113.3441493420573,23.174404236125525,2018-10-04-05-00-20
1.0,113.34514751899862,23.17440251695035,2018-10-04-05-00-20
1.0,113.34714393475531,23.174399131935942,2018-10-04-05-00-20
1.0,113.33990728112818,23.174661626079697,2018-10-04-05-00-20
1.0,113.34589614792262,23.1746511444015,2018-10-04-05-00-20
1.0,113.33716257054789,23.174916508542662,2018-10-04-05-00-20
1.0,113.33990726405366,23.174911531488977,2018-10-04-05-00-20
1.0,113.34439885024626,23.174903615506576,2018-10-04-05-00-20
1.0,113.34539703219347,23.174901900643754,2018-10-04-05-00-20
1.0,113.34564658086097,23.174901474667266,2018-10-04-05-00-20
1.0,113.34589613082598,23.17490104980976,2018-10-04-05-00-20
1.0,113.34689434391245,23.17489936180138,2018-10-04-05-00-20
1.0,113.34639521760025,23.17515010894585,2018-10-04-05-00-20
1.0,113.33915866583457,23.17541269031651,2018-10-04-05-00-20
1.0,113.33940818621014,23.175412240192895,2018-10-04-05-00-20
1.0,113.33965770756231,23.175411790892163,2018-10-04-05-00-20
1.0,113.34240251061277,23.175406906325694,2018-10-04-05-00-20
1.0,113.34315111631383,23.175405593797006,2018-10-04-05-00-20
1.0,113.34614564790552,23.17540043701808,2018-10-04-05-00-20
13.0,113.33940816913703,23.175662145721184,2018-10-04-05-00-20
1.0,113.3404062605321,23.17566035357565,2018-10-04-05-00-20
1.0,113.33541593437221,23.175919343793247,2018-10-04-05-00-20
1.0,113.33691299011726,23.175916587564085,2018-10-04-05-00-20
1.0,113.34514741643345,23.17590194975755,2018-10-04-05-00-20
1.0,113.33965765633964,23.176161507596206,2018-10-04-05-00-20
1.0,113.34040622637781,23.17616016475119,2018-10-04-05-00-20
1.0,113.34514739933866,23.17615185536441,2018-10-04-05-00-20
1.0,113.34689425840891,23.176148889436696,2018-10-04-05-00-20
1.0,113.34764293244871,23.176147635745835,2018-10-04-05-00-20
1.0,113.33816052556307,23.176414121151385,2018-10-04-05-00-20
1.0,113.34090526111252,23.176409179503278,2018-10-04-05-00-20
1.0,113.3443987476954,23.17640304879089,2018-10-04-05-00-20
1.0,113.3458960282426,23.17640048309253,2018-10-04-05-00-20
1.0,113.34664468603238,23.176399215349086,2018-10-04-05-00-20
1.0,113.34689424130771,23.176398795083117,2018-10-04-05-00-20
1.0,113.33816050849407,23.176664026839205,2018-10-04-05-00-20
1.0,113.33841002508899,23.17666357354444,2018-10-04-05-00-20
1.0,113.33940810084293,23.176661768232375,2018-10-04-05-00-20
1.0,113.3401566678673,23.176660422846314,2018-10-04-05-00-20
1.0,113.34065571760712,23.176659530196947,2018-10-04-05-00-20
1.0,113.34614556241364,23.176649965051812,2018-10-04-05-00-20
1.0,113.34639511500515,23.176649542466762,2018-10-04-05-00-20
1.0,113.33641390004581,23.17691712630232,2018-10-04-05-00-20
1.0,113.3389090439929,23.176912575018516,2018-10-04-05-00-20
1.0,113.34539689542868,23.17690114534018,2018-10-04-05-00-20
1.0,113.34564644408898,23.176900719363353,2018-10-04-05-00-20
1.0,113.34714376373856,23.176898187406508,2018-10-04-05-00-20
1.0,113.34739332174503,23.176897769505597,2018-10-04-05-00-20
1.0,113.33641388298324,23.17716703207042,2018-10-04-05-00-20
1.0,113.33691288773169,23.177416021812594,2018-10-04-05-00-20
1.0,113.3386594913945,23.177412838327513,2018-10-04-05-00-20
1.0,113.33890900984832,23.177412386593947,2018-10-04-05-00-20
1.0,113.3384099568075,23.177663196695743,2018-10-04-05-00-20
1.0,113.33915851217917,23.177661841506993,2018-10-04-05-00-20
1.0,113.34115470319047,23.177658264228636,2018-10-04-05-00-20
1.0,113.34190329207846,23.177656937382416,2018-10-04-05-00-20
1.0,113.34589594275187,23.177650011925234,2018-10-04-05-00-20
1.0,113.33865945725117,23.17791265006353,2018-10-04-05-00-20
1.0,113.34639502950463,23.1778990714994,2018-10-04-05-00-20
1.0,113.337162348701,23.17816528249141,2018-10-04-05-00-20
1.0,113.33940799839678,23.17816120319918,2018-10-04-05-00-20
1.0,113.34040608975396,23.178159411051958,2018-10-04-05-00-20
1.0,113.34240232267541,23.178155869326392,2018-10-04-05-00-20
1.0,113.34265185674971,23.178155430834252,2018-10-04-05-00-20
1.0,113.3369128194713,23.17841564544674,2018-10-04-05-00-20
1.0,113.34265183966257,23.178405336802193,2018-10-04-05-00-20
1.0,113.34664453212193,23.178648367969714,2018-10-04-05-00-20
1.0,113.33741181052166,23.178914544246577,2018-10-04-05-00-20
1.0,113.33741179345388,23.17916445033659,2018-10-04-05-00-20
1.0,113.33791082212082,23.17916353998206,2018-10-04-05-00-20
1.0,113.3381603377949,23.17916308592435,2018-10-04-05-00-20
1.0,113.33840985438023,23.17916263262917,2018-10-04-05-00-20
1.0,113.33915840973471,23.17916127743966,2018-10-04-05-00-20
1.0,113.34215272139103,23.17915593289922,2018-10-04-05-00-20
1.0,113.33741177638592,23.179414356467106,2018-10-04-05-00-20
1.0,113.33816032072406,23.179412992054743,2018-10-04-05-00-20
1.0,113.33766127320686,23.179663807091682,2018-10-04-05-00-20
1.0,113.33840982023648,23.179662444930422,2018-10-04-05-00-20
1.0,113.33965741728062,23.179660190314884,2018-10-04-05-00-20
1.0,113.33741172518107,23.1801640751022,2018-10-04-05-00-20
1.0,113.33816026951055,23.180162710689462,2018-10-04-05-00-20
1.0,113.33890882204122,23.180161353139347,2018-10-04-05-00-20
1.0,113.3399069054505,23.180159554311533,2018-10-04-05-00-20
1.0,113.33716219509814,23.18041443766804,2018-10-04-05-00-20
1.0,113.33766122199863,23.18041352584864,2018-10-04-05-00-20
1.0,113.33890880496683,23.180411259432155,2018-10-04-05-00-20
1.0,113.33840975194695,23.18066207002066,2018-10-04-05-00-20
1.0,113.33816021829553,23.180912429690622,2018-10-04-05-00-20
1.0,113.35063813418586,23.170644818849755,2018-10-04-05-00-20
1.0,113.35438198119353,23.17063896546461,2018-10-04-05-00-20
1.0,113.3471441741506,23.170900460897602,2018-10-04-05-00-20
1.0,113.35163642350895,23.171143036372836,2018-10-04-05-00-20
1.0,113.34489817798793,23.171404083767023,2018-10-04-05-00-20
1.0,113.34939019598235,23.17164645852912,2018-10-04-05-00-20
1.0,113.35188597411664,23.17164245156031,2018-10-04-05-00-20
1.0,113.34839190985072,23.17189800302568,2018-10-04-05-00-20
1.0,113.34963974981036,23.17189595677488,2018-10-04-05-00-20
1.0,113.34739364667928,23.172149567489388,2018-10-04-05-00-20
1.0,113.34789276689341,23.17214873530009,2018-10-04-05-00-20
1.0,113.34939016176835,23.17214626844169,2018-10-04-05-00-20
1.0,113.34464856476374,23.172404132858503,2018-10-04-05-00-20
1.0,113.34889100723372,23.172396990700015,2018-10-04-05-00-20
1.0,113.34489809253193,23.17265360864994,2018-10-04-05-00-20
1.0,113.35488105221513,23.17263744924051,2018-10-04-05-00-20
1.0,113.34539716894754,23.172902658480936,2018-10-04-05-00-20
1.0,113.34589626759441,23.172901807647627,2018-10-04-05-00-20
1.0,113.34714403735731,23.17289970055208,2018-10-04-05-00-20
1.0,113.34514760446498,23.173152990697208,2018-10-04-05-00-20
1.0,113.35138670335215,23.17314267229326,2018-10-04-05-00-20
1.0,113.34489804125633,23.173403324048476,2018-10-04-05-00-20
1.0,113.34739356117613,23.17339909295586,2018-10-04-05-00-20
1.0,113.35038836897424,23.173394174998972,2018-10-04-05-00-20
1.0,113.35063794596104,23.173393773583626,2018-10-04-05-00-20
1.0,113.34489802416412,23.173653229259774,2018-10-04-05-00-20
1.0,113.3463953201893,23.173650676852034,2018-10-04-05-00-20
1.0,113.3516362523594,23.173642086713766,2018-10-04-05-00-20
1.0,113.34589619921154,23.173901428413718,2018-10-04-05-00-20
1.0,113.34714396895664,23.173899321317307,2018-10-04-05-00-20
1.0,113.35138665200753,23.173892387923832,2018-10-04-05-00-20
1.0,113.34489798997922,23.17415303980038,2018-10-04-05-00-20
1.0,113.34539708347751,23.174152184537274,2018-10-04-05-00-20
1.0,113.34614573339319,23.174150909976742,2018-10-04-05-00-20
1.0,113.34689439521256,23.17414964569567,2018-10-04-05-00-20
1.0,113.34739350987223,23.174148808706477,2018-10-04-05-00-20
1.0,113.34514751899862,23.17440251695035,2018-10-04-05-00-20
1.0,113.34714393475531,23.174399131935942,2018-10-04-05-00-20
1.0,113.34589614792262,23.1746511444015,2018-10-04-05-00-20
1.0,113.34539703219347,23.174901900643754,2018-10-04-05-00-20
1.0,113.34564658086097,23.174901474667266,2018-10-04-05-00-20
1.0,113.34589613082598,23.17490104980976,2018-10-04-05-00-20
1.0,113.34689434391245,23.17489936180138,2018-10-04-05-00-20
1.0,113.34938997357935,23.174895225760412,2018-10-04-05-00-20
1.0,113.34639521760025,23.17515010894585,2018-10-04-05-00-20
1.0,113.34614564790552,23.17540043701808,2018-10-04-05-00-20
1.0,113.34514741643345,23.17590194975755,2018-10-04-05-00-20
1.0,113.34514739933866,23.17615185536441,2018-10-04-05-00-20
1.0,113.34689425840891,23.176148889436696,2018-10-04-05-00-20
1.0,113.34764293244871,23.176147635745835,2018-10-04-05-00-20
1.0,113.3458960282426,23.17640048309253,2018-10-04-05-00-20
1.0,113.34664468603238,23.176399215349086,2018-10-04-05-00-20
1.0,113.34689424130771,23.176398795083117,2018-10-04-05-00-20
1.0,113.34614556241364,23.176649965051812,2018-10-04-05-00-20
1.0,113.34639511500515,23.176649542466762,2018-10-04-05-00-20
1.0,113.34539689542868,23.17690114534018,2018-10-04-05-00-20
1.0,113.34564644408898,23.176900719363353,2018-10-04-05-00-20
1.0,113.34714376373856,23.176898187406508,2018-10-04-05-00-20
1.0,113.34739332174503,23.176897769505597,2018-10-04-05-00-20
1.0,113.34814198701879,23.177146428813636,2018-10-04-05-00-20
1.0,113.34839155063933,23.17714601578059,2018-10-04-05-00-20
1.0,113.34589594275187,23.177650011925234,2018-10-04-05-00-20
1.0,113.34639502950463,23.1778990714994,2018-10-04-05-00-20
1.0,113.34664453212193,23.178648367969714,2018-10-04-05-00-20
1.0,113.34988877467653,23.17989253021574,2018-10-04-05-00-20
