count,wgs_lng,wgs_lat,time
1.0,113.32593728031809,23.143949607388393,2018-09-19-03-06-26
1.0,113.32992912338744,23.14394201498423,2018-09-19-03-06-26
1.0,113.33417059052954,23.143934049665283,2018-09-19-03-06-26
1.0,113.33691517291034,23.14392897923627,2018-09-19-03-06-26
1.0,113.32593726331929,23.14419950834945,2018-09-19-03-06-26
1.0,113.33092708390937,23.144190030193837,2018-09-19-03-06-26
1.0,113.33292306510546,23.144186279044682,2018-09-19-03-06-26
1.0,113.3356676068045,23.144181175383547,2018-09-19-03-06-26
1.0,113.33691515586787,23.144178880195497,2018-09-19-03-06-26
1.0,113.32568775889786,23.14444988575754,2018-09-19-03-06-26
1.0,113.3274341767543,23.14444655465895,2018-09-19-03-06-26
1.0,113.33267353132763,23.14468654831441,2018-09-19-03-06-26
1.0,113.3349190527534,23.144682362302625,2018-09-19-03-06-26
1.0,113.33766366125242,23.144677313424157,2018-09-19-03-06-26
1.0,113.32643618795198,23.14494825909442,2018-09-19-03-06-26
1.0,113.32668567618836,23.144947783198383,2018-09-19-03-06-26
1.0,113.33017854896526,23.14494114701672,2018-09-19-03-06-26
1.0,113.33691510473946,23.144928583270083,2018-09-19-03-06-26
1.0,113.3264361709505,23.14519816018685,2018-09-19-03-06-26
2.0,113.3301785319487,23.14519104810853,2018-09-19-03-06-26
1.0,113.33491901868285,23.145182164451715,2018-09-19-03-06-26
1.0,113.33516852458216,23.145181702197124,2018-09-19-03-06-26
1.0,113.32868155993958,23.145443786395685,2018-09-19-03-06-26
3.0,113.33017851493197,23.145440949233347,2018-09-19-03-06-26
1.0,113.33067750367704,23.145440006345197,2018-09-19-03-06-26
1.0,113.33092699881244,23.145439535487807,2018-09-19-03-06-26
1.0,113.33317248032272,23.145435317591446,2018-09-19-03-06-26
1.0,113.33441999205603,23.145432991885546,2018-09-19-03-06-26
1.0,113.33466947945384,23.14568242959176,2018-09-19-03-06-26
1.0,113.33641603155233,23.145679202696563,2018-09-19-03-06-26
1.0,113.3261866319981,23.14594833974374,2018-09-19-03-06-26
1.0,113.32793305408876,23.1459450114949,2018-09-19-03-06-26
1.0,113.33292294591301,23.14593558668495,2018-09-19-03-06-26
1.0,113.33342194726336,23.14593465371211,2018-09-19-03-06-26
1.0,113.33392095125302,23.14593372286206,2018-09-19-03-06-26
1.0,113.3344199579884,23.145932794233005,2018-09-19-03-06-26
1.0,113.33516847347214,23.145931405668318,2018-09-19-03-06-26
1.0,113.3354179801213,23.1459309440301,2018-09-19-03-06-26
1.0,113.32618661499696,23.146198240968577,2018-09-19-03-06-26
1.0,113.32668559117427,23.146197288990955,2018-09-19-03-06-26
1.0,113.3284320179097,23.146193963939535,2018-09-19-03-06-26
1.0,113.32942998438598,23.146192069887228,2018-09-19-03-06-26
1.0,113.32668557417095,23.146447190248935,2018-09-19-03-06-26
1.0,113.32818251029619,23.146444339451378,2018-09-19-03-06-26
1.0,113.32868149189507,23.146443391227127,2018-09-19-03-06-26
1.0,113.32893098329674,23.14644291755344,2018-09-19-03-06-26
1.0,113.32918047511778,23.14644244418853,2018-09-19-03-06-26
1.0,113.32967946007153,23.14644149843447,2018-09-19-03-06-26
1.0,113.33367141485921,23.146433990496007,2018-09-19-03-06-26
1.0,113.33566745345843,23.14643028550034,2018-09-19-03-06-26
1.0,113.33616647063597,23.146429365416186,2018-09-19-03-06-26
1.0,113.32493914508628,23.14670042626953,2018-09-19-03-06-26
1.0,113.33067741858092,23.146689512465922,2018-09-19-03-06-26
1.0,113.33516842236064,23.146681109438088,2018-09-19-03-06-26
1.0,113.33616645359474,23.146679266705878,2018-09-19-03-06-26
1.0,113.33691498543399,23.14667789159997,2018-09-19-03-06-26
1.0,113.327434006695,23.14694556641014,2018-09-19-03-06-26
1.0,113.32868145787181,23.146943193842354,2018-09-19-03-06-26
2.0,113.32893094927148,23.146942720168585,2018-09-19-03-06-26
1.0,113.33117639234648,23.146938472482173,2018-09-19-03-06-26
1.0,113.33167538529091,23.14693753285411,2018-09-19-03-06-26
1.0,113.33591692757027,23.14692962774451,2018-09-19-03-06-26
1.0,113.33616643655334,23.146929168028915,2018-09-19-03-06-26
1.0,113.3264360349327,23.14719737011925,2018-09-19-03-06-26
1.0,113.32918042407663,23.147192148161192,2018-09-19-03-06-26
1.0,113.32768346218293,23.147444894127098,2018-09-19-03-06-26
1.0,113.33067736752126,23.147439216538043,2018-09-19-03-06-26
1.0,113.33741395972545,23.147426682420466,2018-09-19-03-06-26
1.0,113.33067735050103,23.14768911796237,2018-09-19-03-06-26
1.0,113.33566736826032,23.147679792283235,2018-09-19-03-06-26
1.0,113.33641589521403,23.147678413148277,2018-09-19-03-06-26
1.0,113.32918037303398,23.147941852434975,2018-09-19-03-06-26
1.0,113.333671312668,23.147933398737965,2018-09-19-03-06-26
1.0,113.3341703180015,23.147932468985477,2018-09-19-03-06-26
1.0,113.33516833717144,23.14793061638868,2018-09-19-03-06-26
1.0,113.3354178438128,23.14793015475013,2018-09-19-03-06-26
1.0,113.336415878171,23.147928314605213,2018-09-19-03-06-26
1.0,113.33766343964321,23.147926029759272,2018-09-19-03-06-26
1.0,113.3269349436651,23.148196024290968,2018-09-19-03-06-26
1.0,113.33042782184872,23.148189392164873,2018-09-19-03-06-26
1.0,113.3306773164601,23.14818892091179,2018-09-19-03-06-26
1.0,113.33142580342606,23.14818750957331,2018-09-19-03-06-26
1.0,113.33167530016988,23.14818703997519,2018-09-19-03-06-26
1.0,113.32967932394243,23.148440709697482,2018-09-19-03-06-26
1.0,113.33142578640235,23.148437411098392,2018-09-19-03-06-26
1.0,113.3321742783437,23.14843600364994,2018-09-19-03-06-26
1.0,113.33616633430144,23.148428576670536,2018-09-19-03-06-26
1.0,113.3359168082826,23.14867893794445,2018-09-19-03-06-26
1.0,113.33017827668034,23.148939568477996,2018-09-19-03-06-26
1.0,113.33491876313246,23.14893068480932,2018-09-19-03-06-26
1.0,113.3274338536274,23.149194679840388,2018-09-19-03-06-26
1.0,113.32992876603973,23.14918994211137,2018-09-19-03-06-26
1.0,113.33017825966112,23.149189470104677,2018-09-19-03-06-26
1.0,113.33042775376883,23.149188998468528,2018-09-19-03-06-26
1.0,113.33142573533021,23.149187115876302,2018-09-19-03-06-26
1.0,113.32893077913518,23.14944173525739,2018-09-19-03-06-26
1.0,113.32992874902135,23.149439843771994,2018-09-19-03-06-26
1.0,113.33117622212016,23.149437487567244,2018-09-19-03-06-26
1.0,113.32493892411787,23.14994914611472,2018-09-19-03-06-26
1.0,113.32893074510591,23.149941538680928,2018-09-19-03-06-26
1.0,113.33142568425659,23.149936820959386,2018-09-19-03-06-26
1.0,113.33192467829682,23.149935882207135,2018-09-19-03-06-26
1.0,113.33067714624539,23.150687937688883,2018-09-19-03-06-26
1.0,113.32493885612195,23.150948753373807,2018-09-19-03-06-26
1.0,113.32793271389325,23.150943042364126,2018-09-19-03-06-26
1.0,113.33392061057927,23.150931753711358,2018-09-19-03-06-26
1.0,113.33417011357744,23.15093128911224,2018-09-19-03-06-26
1.0,113.33666518423375,23.15092667635405,2018-09-19-03-06-26
1.0,113.33691469565811,23.150926218670342,2018-09-19-03-06-26
1.0,113.32693473958619,23.151194844840084,2018-09-19-03-06-26
1.0,113.32992862988796,23.151189156350537,2018-09-19-03-06-26
1.0,113.33067711220045,23.151187741453448,2018-09-19-03-06-26
1.0,113.33466910464794,23.15118026352757,2018-09-19-03-06-26
1.0,113.33491860978421,23.151179800667716,2018-09-19-03-06-26
1.0,113.33042760057933,23.151438114640868,2018-09-19-03-06-26
1.0,113.33466908760938,23.151430165460695,2018-09-19-03-06-26
1.0,113.33516809861953,23.15142924034517,2018-09-19-03-06-26
1.0,113.32668521706282,23.151695124442984,2018-09-19-03-06-26
1.0,113.32793266285819,23.151692748166923,2018-09-19-03-06-26
1.0,113.32868113461767,23.151691325414223,2018-09-19-03-06-26
1.0,113.33367105716368,23.151681924665663,2018-09-19-03-06-26
1.0,113.32893060898222,23.151940753742636,2018-09-19-03-06-26
1.0,113.32743363250596,23.152443404099216,2018-09-19-03-06-26
1.0,113.32793261182161,23.15244245427995,2018-09-19-03-06-26
1.0,113.32992854478768,23.152438666364812,2018-09-19-03-06-26
1.0,113.32718412635381,23.15269378147392,2018-09-19-03-06-26
1.0,113.32743361549545,23.152693306206178,2018-09-19-03-06-26
1.0,113.33192449099214,23.15268480347964,2018-09-19-03-06-26
1.0,113.33217398886445,23.152684334782233,2018-09-19-03-06-26
1.0,113.32818206799422,23.152941784001484,2018-09-19-03-06-26
1.0,113.32967901761295,23.152938942978114,2018-09-19-03-06-26
1.0,113.33566701038272,23.152927730018014,2018-09-19-03-06-26
1.0,113.33591651854995,23.152927269648277,2018-09-19-03-06-26
1.0,113.32518818981305,23.153197394896118,2018-09-19-03-06-26
1.0,113.3271840923343,23.15319358579206,2018-09-19-03-06-26
1.0,113.32942950792017,23.153189317865547,2018-09-19-03-06-26
1.0,113.3314254629202,23.153185546549533,2018-09-19-03-06-26
1.0,113.33167495964412,23.153185076950585,2018-09-19-03-06-26
1.0,113.33566699333909,23.153177632193042,2018-09-19-03-06-26
1.0,113.3269345865113,23.1534439634934,2018-09-19-03-06-26
1.0,113.32743356446294,23.153443012735444,2018-09-19-03-06-26
1.0,113.3284315245413,23.153441114133535,2018-09-19-03-06-26
1.0,113.32893050688244,23.15344016648743,2018-09-19-03-06-26
1.0,113.33017797030884,23.153437802991984,2018-09-19-03-06-26
1.0,113.33217393777488,23.153434041309136,2018-09-19-03-06-26
1.0,113.33242343623748,23.153433573080807,2018-09-19-03-06-26
1.0,113.33317193531796,23.153432171334124,2018-09-19-03-06-26
1.0,113.32693456950214,23.15369386573956,2018-09-19-03-06-26
1.0,113.32893048986524,23.153690068733255,2018-09-19-03-06-26
1.0,113.32992845968323,23.15368817724504,2018-09-19-03-06-26
1.0,113.32843149051074,23.153940918660265,2018-09-19-03-06-26
1.0,113.33017793626423,23.15393760751813,2018-09-19-03-06-26
1.0,113.33042743035296,23.153937135881197,2018-09-19-03-06-26
1.0,113.33691517291034,23.14392897923627,2018-09-19-03-06-26
1.0,113.33841225983033,23.143926248305227,2018-09-19-03-06-26
1.0,113.34165606604188,23.143920430421417,2018-09-19-03-06-26
1.0,113.3356676068045,23.144181175383547,2018-09-19-03-06-26
1.0,113.33691515586787,23.144178880195497,2018-09-19-03-06-26
1.0,113.34165604898136,23.144170331379843,2018-09-19-03-06-26
1.0,113.34190557982471,23.144169890030145,2018-09-19-03-06-26
1.0,113.3411569735025,23.144421117850612,2018-09-19-03-06-26
1.0,113.3349190527534,23.144682362302625,2018-09-19-03-06-26
1.0,113.33766366125242,23.144677313424157,2018-09-19-03-06-26
1.0,113.34165601485982,23.144670133395092,2018-09-19-03-06-26
1.0,113.33691510473946,23.144928583270083,2018-09-19-03-06-26
1.0,113.3384121916364,23.14492585233803,2018-09-19-03-06-26
1.0,113.34365227621336,23.144916530709665,2018-09-19-03-06-26
1.0,113.33491901868285,23.145182164451715,2018-09-19-03-06-26
1.0,113.33516852458216,23.145181702197124,2018-09-19-03-06-26
1.0,113.34240457658761,23.1451686143319,2018-09-19-03-06-26
1.0,113.33441999205603,23.145432991885546,2018-09-19-03-06-26
1.0,113.34090737766775,23.14542116625085,2018-09-19-03-06-26
1.0,113.33466947945384,23.14568242959176,2018-09-19-03-06-26
1.0,113.33641603155233,23.145679202696563,2018-09-19-03-06-26
1.0,113.33965973818128,23.145673301121516,2018-09-19-03-06-26
1.0,113.34015878409295,23.14567240504687,2018-09-19-03-06-26
1.0,113.3344199579884,23.145932794233005,2018-09-19-03-06-26
1.0,113.33516847347214,23.145931405668318,2018-09-19-03-06-26
1.0,113.3354179801213,23.1459309440301,2018-09-19-03-06-26
8.0,113.34315313142265,23.145917005285803,2018-09-19-03-06-26
1.0,113.34340266908882,23.145916569769142,2018-09-19-03-06-26
1.0,113.33941018260954,23.146173552829303,2018-09-19-03-06-26
1.0,113.33566745345843,23.14643028550034,2018-09-19-03-06-26
1.0,113.33616647063597,23.146429365416186,2018-09-19-03-06-26
1.0,113.33791305682979,23.146426166718715,2018-09-19-03-06-26
1.0,113.33516842236064,23.146681109438088,2018-09-19-03-06-26
1.0,113.33616645359474,23.146679266705878,2018-09-19-03-06-26
1.0,113.33691498543399,23.14667789159997,2018-09-19-03-06-26
1.0,113.33841207229055,23.146675160666156,2018-09-19-03-06-26
1.0,113.33916062801734,23.146673805493073,2018-09-19-03-06-26
1.0,113.33591692757027,23.14692962774451,2018-09-19-03-06-26
1.0,113.33616643655334,23.146929168028915,2018-09-19-03-06-26
1.0,113.33791302273364,23.14692596933086,2018-09-19-03-06-26
1.0,113.33866157287353,23.146924609473682,2018-09-19-03-06-26
1.0,113.33741395972545,23.147426682420466,2018-09-19-03-06-26
1.0,113.33841202113983,23.147424864734393,2018-09-19-03-06-26
1.0,113.3411567687837,23.147419932323476,2018-09-19-03-06-26
1.0,113.33566736826032,23.147679792283235,2018-09-19-03-06-26
1.0,113.33641589521403,23.147678413148277,2018-09-19-03-06-26
1.0,113.3391605598046,23.14767341098384,2018-09-19-03-06-26
1.0,113.33941008028573,23.147672960864902,2018-09-19-03-06-26
1.0,113.33516833717144,23.14793061638868,2018-09-19-03-06-26
1.0,113.3354178438128,23.14793015475013,2018-09-19-03-06-26
1.0,113.336415878171,23.147928314605213,2018-09-19-03-06-26
1.0,113.33766343964321,23.147926029759272,2018-09-19-03-06-26
1.0,113.339160542751,23.14792331244031,2018-09-19-03-06-26
1.0,113.33941006323117,23.147922862321334,2018-09-19-03-06-26
1.0,113.33990909007723,23.14817186605405,2018-09-19-03-06-26
1.0,113.33616633430144,23.148428576670536,2018-09-19-03-06-26
1.0,113.3359168082826,23.14867893794445,2018-09-19-03-06-26
1.0,113.3411566834771,23.14866943977258,2018-09-19-03-06-26
1.0,113.33491876313246,23.14893068480932,2018-09-19-03-06-26
1.0,113.34015849411725,23.14992072981559,2018-09-19-03-06-26
1.0,113.34090707058535,23.149919392173487,2018-09-19-03-06-26
1.0,113.34115659816631,23.149918948066578,2018-09-19-03-06-26
1.0,113.34390147484056,23.149914125357654,2018-09-19-03-06-26
1.0,113.3379128010924,23.150174689586546,2018-09-19-03-06-26
1.0,113.3436519177382,23.15016446059636,2018-09-19-03-06-26
1.0,113.34465005100736,23.1506625365757,2018-09-19-03-06-26
1.0,113.34489959594589,23.150662107316297,2018-09-19-03-06-26
1.0,113.33666518423375,23.15092667635405,2018-09-19-03-06-26
1.0,113.33691469565811,23.150926218670342,2018-09-19-03-06-26
1.0,113.34714554149377,23.15090819602155,2018-09-19-03-06-26
1.0,113.33466910464794,23.15118026352757,2018-09-19-03-06-26
1.0,113.33491860978421,23.151179800667716,2018-09-19-03-06-26
1.0,113.34190510203634,23.151167130379765,2018-09-19-03-06-26
1.0,113.34739508250586,23.151157680021736,2018-09-19-03-06-26
1.0,113.33466908760938,23.151430165460695,2018-09-19-03-06-26
1.0,113.33516809861953,23.15142924034517,2018-09-19-03-06-26
1.0,113.34739504833324,23.151657483918076,2018-09-19-03-06-26
1.0,113.34090693408689,23.151918607219145,2018-09-19-03-06-26
1.0,113.34290316821445,23.152164982454302,2018-09-19-03-06-26
1.0,113.33566701038272,23.152927730018014,2018-09-19-03-06-26
1.0,113.33591651854995,23.152927269648277,2018-09-19-03-06-26
1.0,113.33566699333909,23.153177632193042,2018-09-19-03-06-26
1.0,113.3471453706345,23.153407216540863,2018-09-19-03-06-26
1.0,113.34639737070422,23.143662316480935,2018-09-19-03-06-26
1.0,113.35238704756205,23.143902447903038,2018-09-19-03-06-26
1.0,113.35363501296975,23.143900510750633,2018-09-19-03-06-26
1.0,113.35463341559745,23.143898987586486,2018-09-19-03-06-26
1.0,113.35563184597062,23.143897488777558,2018-09-19-03-06-26
1.0,113.35613107179327,23.14389674871998,2018-09-19-03-06-26
1.0,113.35638067029267,23.14414628202087,2018-09-19-03-06-26
1.0,113.35238697916742,23.14490205192622,2018-09-19-03-06-26
1.0,113.35613100335067,23.144896352740496,2018-09-19-03-06-26
1.0,113.35063987857683,23.145154724548227,2018-09-19-03-06-26
1.0,113.34889285366252,23.145407463202137,2018-09-19-03-06-26
1.0,113.34939199127592,23.14540664596795,2018-09-19-03-06-26
1.0,113.35163818537322,23.14540303360921,2018-09-19-03-06-26
1.0,113.3493919741866,23.145656547122563,2018-09-19-03-06-26
1.0,113.35613095201694,23.14564605610165,2018-09-19-03-06-26
1.0,113.34914238755653,23.145906856287702,2018-09-19-03-06-26
1.0,113.34939195709711,23.145906448310303,2018-09-19-03-06-26
1.0,113.35638053339721,23.146145490852554,2018-09-19-03-06-26
1.0,113.34989106645803,23.14640543871427,2018-09-19-03-06-26
1.0,113.35638049917168,23.14664529339166,2018-09-19-03-06-26
1.0,113.35663011658846,23.146644927332808,2018-09-19-03-06-26
1.0,113.35138849946304,23.14690283698836,2018-09-19-03-06-26
1.0,113.3543835728847,23.14739798251159,2018-09-19-03-06-26
1.0,113.35463315899449,23.147647505396623,2018-09-19-03-06-26
1.0,113.35288595513649,23.147900087960778,2018-09-19-03-06-26
1.0,113.35712921998447,23.148643411540547,2018-09-19-03-06-26
1.0,113.3566299625583,23.148894040415467,2018-09-19-03-06-26
1.0,113.35038999380268,23.14965335124813,2018-09-19-03-06-26
1.0,113.35288583541386,23.14964939908424,2018-09-19-03-06-26
1.0,113.34989082715897,23.149904059792025,2018-09-19-03-06-26
1.0,113.35488260995866,23.149896242682697,2018-09-19-03-06-26
1.0,113.34465005100736,23.1506625365757,2018-09-19-03-06-26
1.0,113.34489959594589,23.150662107316297,2018-09-19-03-06-26
1.0,113.34714554149377,23.15090819602155,2018-09-19-03-06-26
1.0,113.34739508250586,23.151157680021736,2018-09-19-03-06-26
1.0,113.3478941857794,23.151406749770583,2018-09-19-03-06-26
1.0,113.3481437480676,23.151406335507872,2018-09-19-03-06-26
1.0,113.34739504833324,23.151657483918076,2018-09-19-03-06-26
1.0,113.35014028150518,23.151652968753904,2018-09-19-03-06-26
1.0,113.34764455655078,23.152406773324383,2018-09-19-03-06-26
1.0,113.34989063911524,23.152652981030933,2018-09-19-03-06-26
1.0,113.3471453706345,23.153407216540863,2018-09-19-03-06-26
1.0,113.35213680958685,23.153399099522378,2018-09-19-03-06-26
1.0,113.3531351547692,23.153647443356974,2018-09-19-03-06-26
1.0,113.32818206799422,23.152941784001484,2018-09-19-03-06-26
1.0,113.32967901761295,23.152938942978114,2018-09-19-03-06-26
1.0,113.33566701038272,23.152927730018014,2018-09-19-03-06-26
1.0,113.33591651854995,23.152927269648277,2018-09-19-03-06-26
1.0,113.32518818981305,23.153197394896118,2018-09-19-03-06-26
1.0,113.3271840923343,23.15319358579206,2018-09-19-03-06-26
1.0,113.32942950792017,23.153189317865547,2018-09-19-03-06-26
1.0,113.3314254629202,23.153185546549533,2018-09-19-03-06-26
1.0,113.33167495964412,23.153185076950585,2018-09-19-03-06-26
1.0,113.33566699333909,23.153177632193042,2018-09-19-03-06-26
1.0,113.3269345865113,23.1534439634934,2018-09-19-03-06-26
1.0,113.32743356446294,23.153443012735444,2018-09-19-03-06-26
1.0,113.3284315245413,23.153441114133535,2018-09-19-03-06-26
1.0,113.32893050688244,23.15344016648743,2018-09-19-03-06-26
1.0,113.33017797030884,23.153437802991984,2018-09-19-03-06-26
1.0,113.33217393777488,23.153434041309136,2018-09-19-03-06-26
1.0,113.33242343623748,23.153433573080807,2018-09-19-03-06-26
1.0,113.33317193531796,23.153432171334124,2018-09-19-03-06-26
1.0,113.32693456950214,23.15369386573956,2018-09-19-03-06-26
1.0,113.32893048986524,23.153690068733255,2018-09-19-03-06-26
1.0,113.32992845968323,23.15368817724504,2018-09-19-03-06-26
1.0,113.32843149051074,23.153940918660265,2018-09-19-03-06-26
1.0,113.33017793626423,23.15393760751813,2018-09-19-03-06-26
1.0,113.33042743035296,23.153937135881197,2018-09-19-03-06-26
1.0,113.3284314734952,23.154190820976062,2018-09-19-03-06-26
1.0,113.33641545204084,23.154175862103564,2018-09-19-03-06-26
1.0,113.33666496262046,23.15417540372961,2018-09-19-03-06-26
1.0,113.3284314564795,23.154440723326886,2018-09-19-03-06-26
1.0,113.33217386965312,23.154433650499996,2018-09-19-03-06-26
1.0,113.33267286717692,23.15443271452452,2018-09-19-03-06-26
1.0,113.33641543499347,23.15442576445306,2018-09-19-03-06-26
1.0,113.33666494557211,23.154425306079066,2018-09-19-03-06-26
1.0,113.33691445698292,23.15442484839477,2018-09-19-03-06-26
1.0,113.33716396923909,23.154424391412334,2018-09-19-03-06-26
1.0,113.33766299634011,23.154423479601665,2018-09-19-03-06-26
1.0,113.3259365492199,23.15469537901004,2018-09-19-03-06-26
1.0,113.33217385262226,23.15468355288528,2018-09-19-03-06-26
1.0,113.3366649285236,23.154675208463598,2018-09-19-03-06-26
1.0,113.32593653221396,23.154945281431505,2018-09-19-03-06-26
1.0,113.32618601985253,23.15494480517592,2018-09-19-03-06-26
1.0,113.33566687402904,23.154926948395957,2018-09-19-03-06-26
1.0,113.3369144228838,23.154924653198897,2018-09-19-03-06-26
1.0,113.32543754069509,23.15519613686827,2018-09-19-03-06-26
1.0,113.32893038775848,23.15518948294341,2018-09-19-03-06-26
1.0,113.33017785114978,23.155187119446513,2018-09-19-03-06-26
1.0,113.33491832008951,23.155428138248485,2018-09-19-03-06-26
1.0,113.33516780890538,23.155677578517874,2018-09-19-03-06-26
1.0,113.33541731551648,23.155677116878024,2018-09-19-03-06-26
1.0,113.32568697681258,23.155945367886044,2018-09-19-03-06-26
1.0,113.33167477232654,23.15593400319274,2018-09-19-03-06-26
1.0,113.32618593481527,23.156194317812098,2018-09-19-03-06-26
1.0,113.32693439940145,23.156192890130765,2018-09-19-03-06-26
1.0,113.32743337733089,23.156191939371894,2018-09-19-03-06-26
1.0,113.3351677748182,23.15617738367539,2018-09-19-03-06-26
1.0,113.32668489390174,23.15644326846453,2018-09-19-03-06-26
1.0,113.32768284978339,23.156441366971354,2018-09-19-03-06-26
1.0,113.32893030266493,23.156438995754137,2018-09-19-03-06-26
1.0,113.32942928665952,23.156438049342135,2018-09-19-03-06-26
1.0,113.3266848768916,23.15669317113342,2018-09-19-03-06-26
1.0,113.33541724733753,23.156676727334798,2018-09-19-03-06-26
1.0,113.3366647921295,23.15667442880965,2018-09-19-03-06-26
1.0,113.33117571134123,23.15693455342541,2018-09-19-03-06-26
1.0,113.33516772368617,23.156927091677876,2018-09-19-03-06-26
1.0,113.32593637915298,23.157194404815225,2018-09-19-03-06-26
1.0,113.32768279874035,23.157191075084338,2018-09-19-03-06-26
1.0,113.32793228855523,23.157190600297398,2018-09-19-03-06-26
1.0,113.33117569431269,23.15718445616478,2018-09-19-03-06-26
1.0,113.33491820078946,23.157177456673175,2018-09-19-03-06-26
1.0,113.32618584977384,23.157443831335165,2018-09-19-03-06-26
1.0,113.33666474097895,23.157424137025068,2018-09-19-03-06-26
1.0,113.32593634513759,23.157694210402855,2018-09-19-03-06-26
1.0,113.3271837861289,23.15769183097394,2018-09-19-03-06-26
1.0,113.32793225452369,23.157690405884363,2018-09-19-03-06-26
1.0,113.33541717915591,23.157676338360954,2018-09-19-03-06-26
1.0,113.32568684076182,23.15794458966684,2018-09-19-03-06-26
1.0,113.3356666694785,23.157925780195374,2018-09-19-03-06-26
1.0,113.33616568656656,23.157924860107364,2018-09-19-03-06-26
1.0,113.32518784974329,23.158195445815064,2018-09-19-03-06-26
1.0,113.32618579874698,23.158193539877598,2018-09-19-03-06-26
1.0,113.3286806921725,23.15818878885864,2018-09-19-03-06-26
1.0,113.33367061420067,23.158179388088485,2018-09-19-03-06-26
1.0,113.32593629411328,23.158443919053006,2018-09-19-03-06-26
1.0,113.32843118420566,23.15843916574956,2018-09-19-03-06-26
1.0,113.32868067515312,23.15843869177747,2018-09-19-03-06-26
1.0,113.32543730262043,23.158694774989527,2018-09-19-03-06-26
1.0,113.32843116718712,23.158689068704405,2018-09-19-03-06-26
1.0,113.32643523561305,23.158942772659827,2018-09-19-03-06-26
1.0,113.3359161094335,23.158924931567356,2018-09-19-03-06-26
1.0,113.32493829505401,23.159195534532515,2018-09-19-03-06-26
1.0,113.33042707282331,23.159185091936216,2018-09-19-03-06-26
1.0,113.32493827804913,23.1594454375962,2018-09-19-03-06-26
1.0,113.33392003128078,23.159428437883,2018-09-19-03-06-26
1.0,113.3321735119701,23.1596816080447,2018-09-19-03-06-26
1.0,113.33466852524363,23.159676948894454,2018-09-19-03-06-26
1.0,113.33491803034661,23.15967648603318,2018-09-19-03-06-26
1.0,113.33217349493574,23.159931511179632,2018-09-19-03-06-26
1.0,113.33292199207928,23.15993010794825,2018-09-19-03-06-26
1.0,113.33367049492212,23.159928709271902,2018-09-19-03-06-26
1.0,113.3339199971984,23.15992824411603,2018-09-19-03-06-26
1.0,113.33466850819941,23.159926852028967,2018-09-19-03-06-26
1.0,113.32843106507244,23.160188487192077,2018-09-19-03-06-26
1.0,113.33142498609998,23.160182821805186,2018-09-19-03-06-26
1.0,113.32618564565743,23.160442667450564,2018-09-19-03-06-26
1.0,113.32693411019207,23.16044123976712,2018-09-19-03-06-26
1.0,113.33342095923994,23.16042898134918,2018-09-19-03-06-26
5.0,113.33416946607616,23.160427585893594,2018-09-19-03-06-26
1.0,113.32518767968347,23.1606944766347,2018-09-19-03-06-26
1.0,113.32893001331571,23.16068734599644,2018-09-19-03-06-26
1.0,113.33192394599111,23.16068168950124,2018-09-19-03-06-26
1.0,113.32868048792906,23.161187626271172,2018-09-19-03-06-26
1.0,113.32967845586873,23.161185733468738,2018-09-19-03-06-26
1.0,113.33342090812002,23.161178691190102,2018-09-19-03-06-26
1.0,113.32593609000104,23.161442756906357,2018-09-19-03-06-26
1.0,113.3264350654976,23.1614418045658,2018-09-19-03-06-26
1.0,113.32668455366729,23.16144132866703,2018-09-19-03-06-26
1.0,113.32942894620354,23.161436109535533,2018-09-19-03-06-26
1.0,113.33367039267686,23.161428128844406,2018-09-19-03-06-26
1.0,113.32543708152191,23.161943516707957,2018-09-19-03-06-26
1.0,113.32593605598,23.161942563725624,2018-09-19-03-06-26
1.0,113.3284309289102,23.1621877138807,2018-09-19-03-06-26
1.0,113.33541687230559,23.162174595120053,2018-09-19-03-06-26
1.0,113.32568651759858,23.16269275064755,2018-09-19-03-06-26
1.0,113.32593600494718,23.16269227423028,2018-09-19-03-06-26
1.0,113.32818140433022,23.162687995176647,2018-09-19-03-06-26
1.0,113.32568650058833,23.162942654222906,2018-09-19-03-06-26
1.0,113.32718342882109,23.16293979837234,2018-09-19-03-06-26
1.0,113.32793189715234,23.162938373280156,2018-09-19-03-06-26
1.0,113.33591583663578,23.16292338434681,2018-09-19-03-06-26
1.0,113.33566701038272,23.152927730018014,2018-09-19-03-06-26
1.0,113.33591651854995,23.152927269648277,2018-09-19-03-06-26
1.0,113.33566699333909,23.153177632193042,2018-09-19-03-06-26
1.0,113.3471453706345,23.153407216540863,2018-09-19-03-06-26
1.0,113.33641545204084,23.154175862103564,2018-09-19-03-06-26
1.0,113.33666496262046,23.15417540372961,2018-09-19-03-06-26
1.0,113.33791252826445,23.154173122448462,2018-09-19-03-06-26
1.0,113.33816204403453,23.15417266839496,2018-09-19-03-06-26
1.0,113.33641543499347,23.15442576445306,2018-09-19-03-06-26
1.0,113.33666494557211,23.154425306079066,2018-09-19-03-06-26
1.0,113.33691445698292,23.15442484839477,2018-09-19-03-06-26
1.0,113.33716396923909,23.154424391412334,2018-09-19-03-06-26
1.0,113.33766299634011,23.154423479601665,2018-09-19-03-06-26
1.0,113.34689574557277,23.154407244806933,2018-09-19-03-06-26
1.0,113.3366649285236,23.154675208463598,2018-09-19-03-06-26
1.0,113.34664617313368,23.154657567451945,2018-09-19-03-06-26
1.0,113.34689572848613,23.154657147189727,2018-09-19-03-06-26
1.0,113.33566687402904,23.154926948395957,2018-09-19-03-06-26
1.0,113.3369144228838,23.154924653198897,2018-09-19-03-06-26
1.0,113.33491832008951,23.155428138248485,2018-09-19-03-06-26
1.0,113.34614701520584,23.15540811882056,2018-09-19-03-06-26
1.0,113.33516780890538,23.155677578517874,2018-09-19-03-06-26
1.0,113.33541731551648,23.155677116878024,2018-09-19-03-06-26
1.0,113.34689566013792,23.155656757072876,2018-09-19-03-06-26
1.0,113.34714521684683,23.15565633798731,2018-09-19-03-06-26
1.0,113.3441506062636,23.155911344697778,2018-09-19-03-06-26
1.0,113.34664608770242,23.15590707989437,2018-09-19-03-06-26
2.0,113.34689564305044,23.155906659631935,2018-09-19-03-06-26
1.0,113.34714519975847,23.155906240546326,2018-09-19-03-06-26
1.0,113.3351677748182,23.15617738367539,2018-09-19-03-06-26
1.0,113.33990852711516,23.156418634455594,2018-09-19-03-06-26
1.0,113.34489920313328,23.156409858936662,2018-09-19-03-06-26
1.0,113.33541724733753,23.156676727334798,2018-09-19-03-06-26
1.0,113.3366647921295,23.15667442880965,2018-09-19-03-06-26
1.0,113.33516772368617,23.156927091677876,2018-09-19-03-06-26
1.0,113.33866089069541,23.15692069036678,2018-09-19-03-06-26
1.0,113.33491820078946,23.157177456673175,2018-09-19-03-06-26
1.0,113.34440006330718,23.157160426634338,2018-09-19-03-06-26
1.0,113.33666474097895,23.157424137025068,2018-09-19-03-06-26
1.0,113.33541717915591,23.157676338360954,2018-09-19-03-06-26
1.0,113.3356666694785,23.157925780195374,2018-09-19-03-06-26
1.0,113.33616568656656,23.157924860107364,2018-09-19-03-06-26
1.0,113.33965890233068,23.157918499453434,2018-09-19-03-06-26
1.0,113.34489906648204,23.158409081262818,2018-09-19-03-06-26
1.0,113.3359161094335,23.158924931567356,2018-09-19-03-06-26
1.0,113.34015787989166,23.15891721511435,2018-09-19-03-06-26
1.0,113.34489903231757,23.158908887203005,2018-09-19-03-06-26
1.0,113.34290269017252,23.159162253682712,2018-09-19-03-06-26
1.0,113.33915975810467,23.159418816698732,2018-09-19-03-06-26
1.0,113.33466852524363,23.159676948894454,2018-09-19-03-06-26
1.0,113.33491803034661,23.15967648603318,2018-09-19-03-06-26
1.0,113.3391597410432,23.159668719796244,2018-09-19-03-06-26
1.0,113.33466850819941,23.159926852028967,2018-09-19-03-06-26
1.0,113.33940924441613,23.159918172809,2018-09-19-03-06-26
1.0,113.33940921029048,23.16041797918542,2018-09-19-03-06-26
1.0,113.33915967279572,23.160668332549356,2018-09-19-03-06-26
1.0,113.34365114932874,23.161410075990435,2018-09-19-03-06-26
1.0,113.34714482377228,23.161404105904225,2018-09-19-03-06-26
1.0,113.33541687230559,23.162174595120053,2018-09-19-03-06-26
1.0,113.3426529499789,23.162161530323274,2018-09-19-03-06-26
1.0,113.34340155929972,23.162160220771337,2018-09-19-03-06-26
1.0,113.34090621729453,23.16241452312497,2018-09-19-03-06-26
1.0,113.34015762390041,23.162665764309434,2018-09-19-03-06-26
1.0,113.34065667374584,23.1626648716648,2018-09-19-03-06-26
1.0,113.34365106392899,23.16265959329951,2018-09-19-03-06-26
1.0,113.3439006039128,23.162659159819004,2018-09-19-03-06-26
1.0,113.34989063911524,23.152652981030933,2018-09-19-03-06-26
1.0,113.3471453706345,23.153407216540863,2018-09-19-03-06-26
1.0,113.35213680958685,23.153399099522378,2018-09-19-03-06-26
1.0,113.3531351547692,23.153647443356974,2018-09-19-03-06-26
1.0,113.35113842185775,23.154150387376394,2018-09-19-03-06-26
1.0,113.34689574557277,23.154407244806933,2018-09-19-03-06-26
1.0,113.34889223840341,23.154403926038807,2018-09-19-03-06-26
1.0,113.34664617313368,23.154657567451945,2018-09-19-03-06-26
1.0,113.34689572848613,23.154657147189727,2018-09-19-03-06-26
1.0,113.34814352589731,23.15465506376075,2018-09-19-03-06-26
1.0,113.34839308959626,23.154654650731604,2018-09-19-03-06-26
1.0,113.34889222130978,23.154653828421253,2018-09-19-03-06-26
1.0,113.34914178934898,23.154653419162766,2018-09-19-03-06-26
1.0,113.3483930725042,23.154904553149283,2018-09-19-03-06-26
1.0,113.34614701520584,23.15540811882056,2018-09-19-03-06-26
1.0,113.34689566013792,23.155656757072876,2018-09-19-03-06-26
1.0,113.34714521684683,23.15565633798731,2018-09-19-03-06-26
1.0,113.35038958346253,23.15565100217019,2018-09-19-03-06-26
1.0,113.34664608770242,23.15590707989437,2018-09-19-03-06-26
2.0,113.34689564305044,23.155906659631935,2018-09-19-03-06-26
1.0,113.34714519975847,23.155906240546326,2018-09-19-03-06-26
1.0,113.34489920313328,23.156409858936662,2018-09-19-03-06-26
1.0,113.34440006330718,23.157160426634338,2018-09-19-03-06-26
1.0,113.34489906648204,23.158409081262818,2018-09-19-03-06-26
1.0,113.34489903231757,23.158908887203005,2018-09-19-03-06-26
1.0,113.34914144742395,23.159651474264546,2018-09-19-03-06-26
1.0,113.35038929274653,23.159899350518717,2018-09-19-03-06-26
1.0,113.35363383250495,23.16114375658913,2018-09-19-03-06-26
1.0,113.34714482377228,23.161404105904225,2018-09-19-03-06-26
1.0,113.34914132773434,23.161400796953306,2018-09-19-03-06-26
1.0,113.34914131063516,23.161650700340672,2018-09-19-03-06-26
1.0,113.35138745623318,23.162146882818785,2018-09-19-03-06-26
1.0,113.3491412593366,23.162400410723166,2018-09-19-03-06-26
1.0,113.35288494578857,23.16264433519065,2018-09-19-03-06-26
1.0,113.32543708152191,23.161943516707957,2018-09-19-03-06-26
1.0,113.32593605598,23.161942563725624,2018-09-19-03-06-26
1.0,113.3284309289102,23.1621877138807,2018-09-19-03-06-26
1.0,113.33541687230559,23.162174595120053,2018-09-19-03-06-26
1.0,113.32568651759858,23.16269275064755,2018-09-19-03-06-26
1.0,113.32593600494718,23.16269227423028,2018-09-19-03-06-26
1.0,113.32818140433022,23.162687995176647,2018-09-19-03-06-26
1.0,113.32568650058833,23.162942654222906,2018-09-19-03-06-26
1.0,113.32718342882109,23.16293979837234,2018-09-19-03-06-26
1.0,113.32793189715234,23.162938373280156,2018-09-19-03-06-26
1.0,113.33591583663578,23.16292338434681,2018-09-19-03-06-26
1.0,113.32543699647653,23.163193034400624,2018-09-19-03-06-26
1.0,113.32668443456951,23.163190653177683,2018-09-19-03-06-26
1.0,113.3271834118046,23.163189701984415,2018-09-19-03-06-26
1.0,113.32743290090386,23.163189226714934,2018-09-19-03-06-26
1.0,113.32768239034213,23.163188751680043,2018-09-19-03-06-26
1.0,113.32618544151707,23.16344150881019,2018-09-19-03-06-26
1.0,113.3274328838862,23.16343913036399,2018-09-19-03-06-26
1.0,113.32618542450429,23.163691412496537,2018-09-19-03-06-26
1.0,113.32693388899949,23.16368998481148,2018-09-19-03-06-26
1.0,113.32743286686836,23.16368903405013,2018-09-19-03-06-26
1.0,113.33167424432301,23.16368100044689,2018-09-19-03-06-26
1.0,113.32718336075412,23.16393941304301,2018-09-19-03-06-26
1.0,113.32743284985037,23.163938937773406,2018-09-19-03-06-26
1.0,113.32768233928562,23.16393846273839,2018-09-19-03-06-26
1.0,113.32793182907328,23.16393798795033,2018-09-19-03-06-26
1.0,113.33416922746233,23.16392623464446,2018-09-19-03-06-26
1.0,113.33766234823254,23.16391979538076,2018-09-19-03-06-26
1.0,113.32518744157174,23.16419312592212,2018-09-19-03-06-26
1.0,113.3274328328322,23.164188841533868,2018-09-19-03-06-26
1.0,113.32868028366164,23.164186468951804,2018-09-19-03-06-26
1.0,113.33416921041723,23.164176138403803,2018-09-19-03-06-26
1.0,113.33616526029373,23.16417244305223,2018-09-19-03-06-26
1.0,113.3379118460075,23.164169244333916,2018-09-19-03-06-26
1.0,113.32518742456251,23.164443029720207,2018-09-19-03-06-26
1.0,113.32743281581386,23.16443874533158,2018-09-19-03-06-26
1.0,113.3276823052471,23.164438270296483,2018-09-19-03-06-26
1.0,113.33441869701686,23.164425578166536,2018-09-19-03-06-26
1.0,113.32768228822759,23.164688174131452,2018-09-19-03-06-26
1.0,113.33416917632654,23.164675946034286,2018-09-19-03-06-26
1.0,113.33491768941084,23.164674555684147,2018-09-19-03-06-26
1.0,113.3354167018098,23.16467363178495,2018-09-19-03-06-26
1.0,113.33566620915188,23.164673170772314,2018-09-19-03-06-26
1.0,113.3356661921004,23.164923074643305,2018-09-19-03-06-26
1.0,113.32743276475787,23.165188456948734,2018-09-19-03-06-26
1.0,113.3349176553136,23.165174363463798,2018-09-19-03-06-26
1.0,113.33541666770866,23.16517343956443,2018-09-19-03-06-26
1.0,113.32643479327828,23.165440263259274,2018-09-19-03-06-26
1.0,113.33541665065782,23.165423343510344,2018-09-19-03-06-26
1.0,113.32718324163054,23.16568874015063,2018-09-19-03-06-26
1.0,113.32743273071972,23.165688264880735,2018-09-19-03-06-26
1.0,113.33416910814314,23.165675561743946,2018-09-19-03-06-26
1.0,113.32518732250367,23.165942453293933,2018-09-19-03-06-26
1.0,113.32668424739936,23.165939595367192,2018-09-19-03-06-26
2.0,113.32693373584969,23.165939119665172,2018-09-19-03-06-26
2.0,113.32718322461221,23.16593864417301,2018-09-19-03-06-26
1.0,113.32768220312757,23.16593769386773,2018-09-19-03-06-26
1.0,113.32743267966123,23.166437977060692,2018-09-19-03-06-26
1.0,113.33491757006756,23.166423883569525,2018-09-19-03-06-26
1.0,113.33491755301785,23.166673787703672,2018-09-19-03-06-26
1.0,113.33516705883305,23.16667332544549,2018-09-19-03-06-26
1.0,113.33766216057744,23.166668738784665,2018-09-19-03-06-26
1.0,113.32543674131543,23.16694159305992,2018-09-19-03-06-26
1.0,113.32568622840161,23.166941116493906,2018-09-19-03-06-26
1.0,113.33441852654522,23.1669246181926,2018-09-19-03-06-26
1.0,113.33491753596797,23.166923691875613,2018-09-19-03-06-26
1.0,113.32718313951811,23.167188164850444,2018-09-19-03-06-26
1.0,113.33441850949714,23.16717452240247,2018-09-19-03-06-26
1.0,113.33466797974572,23.167673867481348,2018-09-19-03-06-26
1.0,113.33491748481735,23.16767340461874,2018-09-19-03-06-26
1.0,113.33466792859653,23.168423580566717,2018-09-19-03-06-26
1.0,113.33491743366521,23.16842311770398,2018-09-19-03-06-26
1.0,113.33516693947357,23.168422655445507,2018-09-19-03-06-26
1.0,113.33566595336228,23.168421732790264,2018-09-19-03-06-26
1.0,113.32568610930652,23.16869044677105,2018-09-19-03-06-26
1.0,113.32593559663081,23.168689970352787,2018-09-19-03-06-26
1.0,113.33466791154646,23.16867348500478,2018-09-19-03-06-26
1.0,113.33491741661418,23.168673022142006,2018-09-19-03-06-26
2.0,113.3356659363083,23.168671637228165,2018-09-19-03-06-26
1.0,113.32593556260012,23.16918977934658,2018-09-19-03-06-26
1.0,113.33142437285336,23.16917936062055,2018-09-19-03-06-26
1.0,113.33167386951361,23.16917889101894,2018-09-19-03-06-26
1.0,113.33466787744584,23.169173293995673,2018-09-19-03-06-26
1.0,113.33466786039527,23.169423198548596,2018-09-19-03-06-26
1.0,113.33042635754356,23.169681052371722,2018-09-19-03-06-26
1.0,113.3366638882486,23.169919322469514,2018-09-19-03-06-26
1.0,113.33317079366115,23.170175701619545,2018-09-19-03-06-26
1.0,113.33691338253956,23.170168769450516,2018-09-19-03-06-26
1.0,113.33042628940635,23.170680671124874,2018-09-19-03-06-26
1.0,113.33342026047106,23.17067504484099,2018-09-19-03-06-26
1.0,113.32718288421083,23.170936732595557,2018-09-19-03-06-26
1.0,113.32743237327881,23.170936257324794,2018-09-19-03-06-26
1.0,113.3306757668921,23.170930104652832,2018-09-19-03-06-26
1.0,113.33366974498409,23.17092448392463,2018-09-19-03-06-26
1.0,113.32543645208757,23.171189969845106,2018-09-19-03-06-26
1.0,113.3266838900186,23.171187588615552,2018-09-19-03-06-26
1.0,113.32768184566197,23.17118568711262,2018-09-19-03-06-26
1.0,113.33292122522676,23.1711757874296,2018-09-19-03-06-26
1.0,113.33217271117496,23.171427095528625,2018-09-19-03-06-26
1.0,113.33267170856394,23.17142615954749,2018-09-19-03-06-26
1.0,113.32693334440557,23.17168692267729,2018-09-19-03-06-26
1.0,113.33092521081456,23.17167934837796,2018-09-19-03-06-26
1.0,113.33042620423107,23.171930195436726,2018-09-19-03-06-26
1.0,113.33541687230559,23.162174595120053,2018-09-19-03-06-26
1.0,113.3426529499789,23.162161530323274,2018-09-19-03-06-26
1.0,113.34340155929972,23.162160220771337,2018-09-19-03-06-26
1.0,113.34090621729453,23.16241452312497,2018-09-19-03-06-26
1.0,113.34015762390041,23.162665764309434,2018-09-19-03-06-26
1.0,113.34065667374584,23.1626648716648,2018-09-19-03-06-26
1.0,113.34365106392899,23.16265959329951,2018-09-19-03-06-26
1.0,113.3439006039128,23.162659159819004,2018-09-19-03-06-26
1.0,113.33591583663578,23.16292338434681,2018-09-19-03-06-26
1.0,113.34115571068642,23.162913886124556,2018-09-19-03-06-26
1.0,113.34365104684854,23.16290949687185,2018-09-19-03-06-26
1.0,113.33990806637448,23.163166019109084,2018-09-19-03-06-26
1.0,113.34065663960706,23.163164678847473,2018-09-19-03-06-26
1.0,113.34090616608378,23.163164233843446,2018-09-19-03-06-26
1.0,113.33841092956634,23.16341862582169,2018-09-19-03-06-26
1.0,113.3414052051414,23.163413250178674,2018-09-19-03-06-26
1.0,113.34215379746914,23.163411926131683,2018-09-19-03-06-26
1.0,113.34340147390205,23.163409738633526,2018-09-19-03-06-26
1.0,113.33766234823254,23.16391979538076,2018-09-19-03-06-26
1.0,113.33866041301168,23.163917980709442,2018-09-19-03-06-26
1.0,113.34140517099598,23.16391305758341,2018-09-19-03-06-26
1.0,113.33616526029373,23.16417244305223,2018-09-19-03-06-26
1.0,113.3379118460075,23.164169244333916,2018-09-19-03-06-26
1.0,113.33841086132027,23.16441824078195,2018-09-19-03-06-26
1.0,113.33491768941084,23.164674555684147,2018-09-19-03-06-26
1.0,113.3354167018098,23.16467363178495,2018-09-19-03-06-26
1.0,113.33566620915188,23.164673170772314,2018-09-19-03-06-26
1.0,113.3356661921004,23.164923074643305,2018-09-19-03-06-26
1.0,113.3349176553136,23.165174363463798,2018-09-19-03-06-26
1.0,113.33541666770866,23.16517343956443,2018-09-19-03-06-26
1.0,113.34015745321867,23.165164801709054,2018-09-19-03-06-26
1.0,113.33541665065782,23.165423343510344,2018-09-19-03-06-26
1.0,113.34489855394453,23.16590618572304,2018-09-19-03-06-26
1.0,113.33491757006756,23.166423883569525,2018-09-19-03-06-26
1.0,113.33491755301785,23.166673787703672,2018-09-19-03-06-26
1.0,113.33516705883305,23.16667332544549,2018-09-19-03-06-26
1.0,113.33766216057744,23.166668738784665,2018-09-19-03-06-26
1.0,113.34165451285038,23.166661558696177,2018-09-19-03-06-26
1.0,113.33491753596797,23.166923691875613,2018-09-19-03-06-26
1.0,113.33940876659622,23.166915475495813,2018-09-19-03-06-26
1.0,113.33491748481735,23.16767340461874,2018-09-19-03-06-26
1.0,113.34140491488408,23.16766161789105,2018-09-19-03-06-26
1.0,113.34664526734933,23.167902445405904,2018-09-19-03-06-26
1.0,113.34090582464039,23.168162313887436,2018-09-19-03-06-26
1.0,113.33491743366521,23.16842311770398,2018-09-19-03-06-26
1.0,113.33516693947357,23.168422655445507,2018-09-19-03-06-26
1.0,113.33566595336228,23.168421732790264,2018-09-19-03-06-26
1.0,113.34714434512713,23.16840141481115,2018-09-19-03-06-26
1.0,113.33491741661418,23.168673022142006,2018-09-19-03-06-26
2.0,113.3356659363083,23.168671637228165,2018-09-19-03-06-26
1.0,113.34115530092781,23.16891158308842,2018-09-19-03-06-26
1.0,113.34240295474785,23.168909376378434,2018-09-19-03-06-26
1.0,113.34015718009312,23.169163269363956,2018-09-19-03-06-26
1.0,113.34714429383592,23.16915112823375,2018-09-19-03-06-26
1.0,113.34015716302135,23.16941317391596,2018-09-19-03-06-26
1.0,113.34739383477145,23.16940061488494,2018-09-19-03-06-26
1.0,113.34040667033139,23.169662631747393,2018-09-19-03-06-26
1.0,113.3366638882486,23.169919322469514,2018-09-19-03-06-26
1.0,113.34290195578134,23.169908118658512,2018-09-19-03-06-26
1.0,113.33691338253956,23.170168769450516,2018-09-19-03-06-26
1.0,113.3421533192942,23.170409243491456,2018-09-19-03-06-26
1.0,113.3431514580217,23.170407491508183,2018-09-19-03-06-26
1.0,113.34340099559779,23.17040705598734,2018-09-19-03-06-26
1.0,113.34664509639387,23.17040149072533,2018-09-19-03-06-26
1.0,113.34514775829389,23.170903845907194,2018-09-19-03-06-26
1.0,113.34365048309976,23.171156335827956,2018-09-19-03-06-26
1.0,113.34140465873452,23.171410186751473,2018-09-19-03-06-26
1.0,113.3419037191247,23.171409303112167,2018-09-19-03-06-26
1.0,113.34464863312456,23.17140451302998,2018-09-19-03-06-26
1.0,113.34539727150606,23.171403228504857,2018-09-19-03-06-26
1.0,113.3434009101725,23.171656580094403,2018-09-19-03-06-26
1.0,113.34739368087936,23.171649757576123,2018-09-19-03-06-26
1.0,113.34340089308695,23.171906485032252,2018-09-19-03-06-26
1.0,113.34564678599885,23.171902612365013,2018-09-19-03-06-26
1.0,113.34914131063516,23.161650700340672,2018-09-19-03-06-26
1.0,113.35138745623318,23.162146882818785,2018-09-19-03-06-26
1.0,113.3491412593366,23.162400410723166,2018-09-19-03-06-26
1.0,113.35288494578857,23.16264433519065,2018-09-19-03-06-26
1.0,113.34864202217956,23.163900652273295,2018-09-19-03-06-26
1.0,113.35338401366637,23.164392887531427,2018-09-19-03-06-26
1.0,113.35363361000911,23.16439250301199,2018-09-19-03-06-26
2.0,113.35088808913385,23.165146523278587,2018-09-19-03-06-26
2.0,113.3511376692497,23.165146124569837,2018-09-19-03-06-26
1.0,113.35088807202618,23.165396427221857,2018-09-19-03-06-26
1.0,113.34489855394453,23.16590618572304,2018-09-19-03-06-26
1.0,113.35288472331138,23.165893084509648,2018-09-19-03-06-26
1.0,113.35063840793116,23.166646347569255,2018-09-19-03-06-26
1.0,113.35687836613619,23.16663677858839,2018-09-19-03-06-26
1.0,113.34664526734933,23.167902445405904,2018-09-19-03-06-26
1.0,113.35563020275637,23.167888138051804,2018-09-19-03-06-26
4.0,113.3558798146968,23.167887767230972,2018-09-19-03-06-26
1.0,113.35338375691732,23.168141448937643,2018-09-19-03-06-26
1.0,113.35563018563143,23.168138042409968,2018-09-19-03-06-26
13.0,113.35587979757106,23.16813767158909,2018-09-19-03-06-26
3.0,113.35612941130289,23.168137302343716,2018-09-19-03-06-26
1.0,113.34714434512713,23.16840141481115,2018-09-19-03-06-26
1.0,113.34988956174683,23.168396885790454,2018-09-19-03-06-26
1.0,113.35587978044516,23.168387575985328,2018-09-19-03-06-26
12.0,113.35612939417621,23.16838720673991,2018-09-19-03-06-26
3.0,113.35637900971088,23.168386839080558,2018-09-19-03-06-26
1.0,113.35687822910755,23.168636012996387,2018-09-19-03-06-26
1.0,113.3491408146859,23.168897914759963,2018-09-19-03-06-26
1.0,113.34714429383592,23.16915112823375,2018-09-19-03-06-26
1.0,113.35338368844454,23.169141066753653,2018-09-19-03-06-26
1.0,113.3563789583275,23.169136552498284,2018-09-19-03-06-26
1.0,113.34739383477145,23.16940061488494,2018-09-19-03-06-26
1.0,113.35438204968324,23.169639346727838,2018-09-19-03-06-26
1.0,113.34864161175413,23.169898352829225,2018-09-19-03-06-26
1.0,113.35063818551636,23.169895104737385,2018-09-19-03-06-26
1.0,113.3536332334131,23.169890395997633,2018-09-19-03-06-26
1.0,113.34889116117745,23.170147846965698,2018-09-19-03-06-26
1.0,113.35388281430501,23.170139917621285,2018-09-19-03-06-26
1.0,113.34664509639387,23.17040149072533,2018-09-19-03-06-26
1.0,113.35038857429923,23.17039531552186,2018-09-19-03-06-26
1.0,113.3506381512962,23.17039491410704,2018-09-19-03-06-26
1.0,113.35113730993594,23.170394115329547,2018-09-19-03-06-26
1.0,113.35612924002848,23.170636348030143,2018-09-19-03-06-26
1.0,113.34514775829389,23.170903845907194,2018-09-19-03-06-26
1.0,113.35562999724581,23.17088699287779,2018-09-19-03-06-26
1.0,113.35587960917687,23.170886622056422,2018-09-19-03-06-26
1.0,113.34864152623669,23.171147876544833,2018-09-19-03-06-26
1.0,113.3488910927597,23.17114746601524,2018-09-19-03-06-26
1.0,113.35238518284888,23.171141856885324,2018-09-19-03-06-26
1.0,113.34464863312456,23.17140451302998,2018-09-19-03-06-26
1.0,113.34539727150606,23.171403228504857,2018-09-19-03-06-26
1.0,113.34864150913269,23.171397781404064,2018-09-19-03-06-26
1.0,113.34914064363623,23.171396961613027,2018-09-19-03-06-26
1.0,113.35113724148684,23.17139373453229,2018-09-19-03-06-26
1.0,113.34739368087936,23.171649757576123,2018-09-19-03-06-26
1.0,113.32543645208757,23.171189969845106,2018-09-19-03-06-26
1.0,113.3266838900186,23.171187588615552,2018-09-19-03-06-26
1.0,113.32768184566197,23.17118568711262,2018-09-19-03-06-26
1.0,113.33292122522676,23.1711757874296,2018-09-19-03-06-26
1.0,113.33217271117496,23.171427095528625,2018-09-19-03-06-26
1.0,113.33267170856394,23.17142615954749,2018-09-19-03-06-26
1.0,113.32693334440557,23.17168692267729,2018-09-19-03-06-26
1.0,113.33092521081456,23.17167934837796,2018-09-19-03-06-26
1.0,113.33042620423107,23.171930195436726,2018-09-19-03-06-26
1.0,113.32568587109186,23.172189112964,2018-09-19-03-06-26
1.0,113.32668382193773,23.1721872083005,2018-09-19-03-06-26
1.0,113.32718279910007,23.172186257104254,2018-09-19-03-06-26
1.0,113.32768176054029,23.17243521181532,2018-09-19-03-06-26
1.0,113.32818074041292,23.17243426249571,2018-09-19-03-06-26
1.0,113.3284302309114,23.172433788237253,2018-09-19-03-06-26
1.0,113.3354161731668,23.17242066942888,2018-09-19-03-06-26
1.0,113.33566568047863,23.17242020841495,2018-09-19-03-06-26
1.0,113.3271827650546,23.1726860671803,2018-09-19-03-06-26
1.0,113.32768174351546,23.172685116872785,2018-09-19-03-06-26
1.0,113.3294281799339,23.172681799224726,2018-09-19-03-06-26
1.0,113.33716272411766,23.172667361273668,2018-09-19-03-06-26
1.0,113.32718274803162,23.17293597227695,2018-09-19-03-06-26
1.0,113.32892917903979,23.172932650738474,2018-09-19-03-06-26
1.0,113.33142411727016,23.172927932978777,2018-09-19-03-06-26
1.0,113.33267160629634,23.172925589536472,2018-09-19-03-06-26
1.0,113.32668375385423,23.173186828609328,2018-09-19-03-06-26
1.0,113.32818068933186,23.17318397778521,2018-09-19-03-06-26
1.0,113.32867967071543,23.173183029552103,2018-09-19-03-06-26
1.0,113.33391909377194,23.173173163574035,2018-09-19-03-06-26
1.0,113.33441810029309,23.173172234935883,2018-09-19-03-06-26
1.0,113.32892914497921,23.17343246104871,2018-09-19-03-06-26
1.0,113.32942812883726,23.173431514631073,2018-09-19-03-06-26
1.0,113.33366957449857,23.173423533906046,2018-09-19-03-06-26
1.0,113.33691316074652,23.173417533661762,2018-09-19-03-06-26
1.0,113.32793116516278,23.173684262704523,2018-09-19-03-06-26
1.0,113.32892912794868,23.173682366262696,2018-09-19-03-06-26
1.0,113.32917861966027,23.17368189289327,2018-09-19-03-06-26
1.0,113.32942811180472,23.17368141984498,2018-09-19-03-06-26
1.0,113.33691314368434,23.173667438874418,2018-09-19-03-06-26
1.0,113.32867961962684,23.17393274519424,2018-09-19-03-06-26
1.0,113.33466755345654,23.173921487119483,2018-09-19-03-06-26
1.0,113.32593522225658,23.17418787779116,2018-09-19-03-06-26
1.0,113.32743215196905,23.1741850230773,2018-09-19-03-06-26
1.0,113.32843011171288,23.174183124461653,2018-09-19-03-06-26
1.0,113.3289290938871,23.174182176808674,2018-09-19-03-06-26
1.0,113.33217252370162,23.17417605158561,2018-09-19-03-06-26
1.0,113.33791116348323,23.174165425807406,2018-09-19-03-06-26
1.0,113.32743213494406,23.17443492840965,2018-09-19-03-06-26
1.0,113.32768162433693,23.174434453372896,2018-09-19-03-06-26
1.0,113.32793111408225,23.174433978583103,2018-09-19-03-06-26
1.0,113.32892907685607,23.17443208214078,2018-09-19-03-06-26
1.0,113.33741211771316,23.174416241490942,2018-09-19-03-06-26
1.0,113.32618467577718,23.174687212236982,2018-09-19-03-06-26
1.0,113.32668365172395,23.174686260249935,2018-09-19-03-06-26
1.0,113.32768160731077,23.174684358744685,2018-09-19-03-06-26
1.0,113.32892905982486,23.174681987512358,2018-09-19-03-06-26
1.0,113.33142399798515,23.174677269749758,2018-09-19-03-06-26
1.0,113.32718261184175,23.174935214464266,2018-09-19-03-06-26
1.0,113.32768159028443,23.174934264156008,2018-09-19-03-06-26
1.0,113.3281805701369,23.174933314835574,2018-09-19-03-06-26
1.0,113.32768157325792,23.17518416960692,2018-09-19-03-06-26
1.0,113.32867953447584,23.175182272052627,2018-09-19-03-06-26
1.0,113.3369130413078,23.175166870977908,2018-09-19-03-06-26
1.0,113.32693308906848,23.175435500899628,2018-09-19-03-06-26
1.0,113.32743206684242,23.175434550134387,2018-09-19-03-06-26
2.0,113.32768155623125,23.17543407509747,2018-09-19-03-06-26
5.0,113.32793104597253,23.175433600307507,2018-09-19-03-06-26
1.0,113.32818053607969,23.17543312577687,2018-09-19-03-06-26
1.0,113.33317043567426,23.175423708649106,2018-09-19-03-06-26
1.0,113.32593512014053,23.175687310380024,2018-09-19-03-06-26
1.0,113.32768153920442,23.175683980627717,2018-09-19-03-06-26
1.0,113.32793102894469,23.175683505837714,2018-09-19-03-06-26
1.0,113.32892899169838,23.175681609394566,2018-09-19-03-06-26
1.0,113.32568561582568,23.17593769236977,2018-09-19-03-06-26
1.0,113.33292090134313,23.175923986498148,2018-09-19-03-06-26
1.0,113.32593508610051,23.1761871215604,2018-09-19-03-06-26
1.0,113.332421885717,23.176174827114455,2018-09-19-03-06-26
1.0,113.3354159173142,23.176169249401756,2018-09-19-03-06-26
1.0,113.33691297305342,23.176166493172346,2018-09-19-03-06-26
1.0,113.33791102694629,23.176164669560677,2018-09-19-03-06-26
1.0,113.32593506908026,23.176437027210348,2018-09-19-03-06-26
1.0,113.33391887210517,23.17642193391265,2018-09-19-03-06-26
1.0,113.33741198119029,23.176415485562234,2018-09-19-03-06-26
1.0,113.33766149509188,23.176415030016283,2018-09-19-03-06-26
1.0,113.33791100987843,23.17641457520863,2018-09-19-03-06-26
1.0,113.32618453961035,23.176686456641026,2018-09-19-03-06-26
1.0,113.33616440743495,23.176667679629485,2018-09-19-03-06-26
1.0,113.33217233620807,23.176925012413093,2018-09-19-03-06-26
1.0,113.33791097574218,23.17691438662432,2018-09-19-03-06-26
1.0,113.32643397636458,23.17743569786394,2018-09-19-03-06-26
1.0,113.33791094160527,23.177414198200083,2018-09-19-03-06-26
1.0,113.33117429740446,23.177676607338086,2018-09-19-03-06-26
1.0,113.33391878684121,23.177671462755498,2018-09-19-03-06-26
1.0,113.32967731479951,23.177929341825497,2018-09-19-03-06-26
1.0,113.33092478482986,23.17792698368265,2018-09-19-03-06-26
1.0,113.33117428036208,23.177926513227437,2018-09-19-03-06-26
1.0,113.33741187879112,23.177914920290462,2018-09-19-03-06-26
1.0,113.33766139268693,23.177914464744262,2018-09-19-03-06-26
1.0,113.32718237348384,23.178433894405178,2018-09-19-03-06-26
1.0,113.32743186252151,23.178433419133174,2018-09-19-03-06-26
1.0,113.32768135189824,23.17843294409576,2018-09-19-03-06-26
1.0,113.3279308416274,23.178432469305303,2018-09-19-03-06-26
1.0,113.3311742462768,23.178426325126896,2018-09-19-03-06-26
1.0,113.3361642880014,23.178417020568606,2018-09-19-03-06-26
1.0,113.33666330815342,23.17841610313506,2018-09-19-03-06-26
1.0,113.3369128194713,23.17841564544674,2018-09-19-03-06-26
1.0,113.33716233163469,23.17841518846028,2018-09-19-03-06-26
1.0,113.3376613585506,23.17841427664155,2018-09-19-03-06-26
1.0,113.33791087332945,23.17841382183356,2018-09-19-03-06-26
1.0,113.32568542860666,23.17868665628225,2018-09-19-03-06-26
1.0,113.32743184549368,23.17868332514401,2018-09-19-03-06-26
1.0,113.33017625022286,23.178678115354543,2018-09-19-03-06-26
1.0,113.33167322192543,23.1786752914985,2018-09-19-03-06-26
1.0,113.33591476207921,23.178667386298898,2018-09-19-03-06-26
1.0,113.33641378060429,23.178666467522415,2018-09-19-03-06-26
1.0,113.33666329108888,23.178666009144358,2018-09-19-03-06-26
1.0,113.3371623145682,23.178665094469494,2018-09-19-03-06-26
1.0,113.33766134148219,23.17866418265068,2018-09-19-03-06-26
1.0,113.32917826195936,23.17892991155161,2018-09-19-03-06-26
1.0,113.33641376354053,23.17891637357215,2018-09-19-03-06-26
2.0,113.33741181052166,23.178914544246577,2018-09-19-03-06-26
1.0,113.3269328336939,23.1791840880534,2018-09-19-03-06-26
1.0,113.32743181143753,23.17918313728692,2018-09-19-03-06-26
1.0,113.33616423681308,23.17916673871799,2018-09-19-03-06-26
1.0,113.33716228043474,23.17916490660916,2018-09-19-03-06-26
1.0,113.32718230537557,23.179433518691273,2018-09-19-03-06-26
1.0,113.32743179440921,23.179433043419102,2018-09-19-03-06-26
1.0,113.32768128378189,23.17943256838152,2018-09-19-03-06-26
1.0,113.33267116306737,23.17942313592708,2018-09-19-03-06-26
1.0,113.33317016287295,23.17942220191856,2018-09-19-03-06-26
1.0,113.33666323989424,23.17941572741483,2018-09-19-03-06-26
1.0,113.33766129027595,23.179413900920654,2018-09-19-03-06-26
1.0,113.32718228834808,23.17968342486405,2018-09-19-03-06-26
1.0,113.32743177738071,23.17968294959184,2018-09-19-03-06-26
1.0,113.32768126675239,23.17968247455422,2018-09-19-03-06-26
1.0,113.33691273414205,23.1796651758975,2018-09-19-03-06-26
1.0,113.3374117593178,23.179664262638177,2018-09-19-03-06-26
1.0,113.33766127320686,23.179663807091682,2018-09-19-03-06-26
1.0,113.32693278261449,23.17993380657191,2018-09-19-03-06-26
1.0,113.32768124972272,23.17993238076752,2018-09-19-03-06-26
1.0,113.3329206285523,23.179922481054017,2018-09-19-03-06-26
1.0,113.3336691311581,23.179921082367674,2018-09-19-03-06-26
1.0,113.3344176398236,23.17991968856807,2018-09-19-03-06-26
1.0,113.33766125613762,23.17991371330332,2018-09-19-03-06-26
1.0,113.32518635264566,23.180187046471254,2018-09-19-03-06-26
1.0,113.33317011171795,23.180171920555786,2018-09-19-03-06-26
1.0,113.3336691141043,23.180170988620645,2018-09-19-03-06-26
1.0,113.33766123906821,23.18016361955562,2018-09-19-03-06-26
1.0,113.33142360599116,23.18042510430695,2018-09-19-03-06-26
1.0,113.33142358894594,23.180675010641774,2018-09-19-03-06-26
1.0,113.33791071969905,23.180662977374052,2018-09-19-03-06-26
1.0,113.3266832261166,23.18093390753728,2018-09-19-03-06-26
1.0,113.33341956142165,23.18092117332641,2018-09-19-03-06-26
1.0,113.34514775829389,23.170903845907194,2018-09-19-03-06-26
1.0,113.34365048309976,23.171156335827956,2018-09-19-03-06-26
1.0,113.34140465873452,23.171410186751473,2018-09-19-03-06-26
1.0,113.3419037191247,23.171409303112167,2018-09-19-03-06-26
1.0,113.34464863312456,23.17140451302998,2018-09-19-03-06-26
1.0,113.34539727150606,23.171403228504857,2018-09-19-03-06-26
1.0,113.3434009101725,23.171656580094403,2018-09-19-03-06-26
1.0,113.34739368087936,23.171649757576123,2018-09-19-03-06-26
1.0,113.34340089308695,23.171906485032252,2018-09-19-03-06-26
1.0,113.34564678599885,23.171902612365013,2018-09-19-03-06-26
1.0,113.34564676890494,23.172152517341416,2018-09-19-03-06-26
1.0,113.34739364667928,23.172149567489388,2018-09-19-03-06-26
1.0,113.3354161731668,23.17242066942888,2018-09-19-03-06-26
1.0,113.33566568047863,23.17242020841495,2018-09-19-03-06-26
1.0,113.34365039766739,23.17240586051725,2018-09-19-03-06-26
1.0,113.34639540567558,23.172401151188918,2018-09-19-03-06-26
1.0,113.33716272411766,23.172667361273668,2018-09-19-03-06-26
1.0,113.33841029818824,23.17266508729914,2018-09-19-03-06-26
1.0,113.34664494251962,23.17265063481262,2018-09-19-03-06-26
1.0,113.33915883654691,23.172913637207564,2018-09-19-03-06-26
1.0,113.339907400645,23.17291228931867,2018-09-19-03-06-26
2.0,113.34015692399903,23.172911841700213,2018-09-19-03-06-26
1.0,113.34040644836874,23.172911394940698,2018-09-19-03-06-26
1.0,113.34365036349325,23.172905670665923,2018-09-19-03-06-26
1.0,113.34389990343955,23.172905237183667,2018-09-19-03-06-26
1.0,113.34539716894754,23.172902658480936,2018-09-19-03-06-26
1.0,113.34564671762224,23.172902232504793,2018-09-19-03-06-26
1.0,113.34689448070938,23.172900119640627,2018-09-19-03-06-26
1.0,113.34714403735731,23.17289970055208,2018-09-19-03-06-26
1.0,113.33841026405317,23.17316489752784,2018-09-19-03-06-26
1.0,113.34514760446498,23.173152990697208,2018-09-19-03-06-26
1.0,113.34564670052767,23.173152137637487,2018-09-19-03-06-26
1.0,113.34639535438431,23.173150866469214,2018-09-19-03-06-26
1.0,113.3466449083235,23.173150445038512,2018-09-19-03-06-26
1.0,113.34689446361035,23.173150024773104,2018-09-19-03-06-26
1.0,113.33691316074652,23.173417533661762,2018-09-19-03-06-26
1.0,113.33940832278896,23.173412997391104,2018-09-19-03-06-26
1.0,113.34240264728177,23.173407663527968,2018-09-19-03-06-26
1.0,113.3443989527911,23.173404183647417,2018-09-19-03-06-26
1.0,113.34489804125633,23.173403324048476,2018-09-19-03-06-26
1.0,113.34514758737204,23.173402895869202,2018-09-19-03-06-26
1.0,113.34539713476003,23.173402468785625,2018-09-19-03-06-26
1.0,113.34564668343293,23.173402042809396,2018-09-19-03-06-26
1.0,113.34589623340331,23.173401617952145,2018-09-19-03-06-26
1.0,113.34614578468378,23.17340119422548,2018-09-19-03-06-26
3.0,113.34664489122518,23.173400350210247,2018-09-19-03-06-26
1.0,113.34789268138148,23.173398260766135,2018-09-19-03-06-26
1.0,113.33691314368434,23.173667438874418,2018-09-19-03-06-26
1.0,113.34165403466669,23.173658889964226,2018-09-19-03-06-26
1.0,113.34365031223082,23.173655386182723,2018-09-19-03-06-26
1.0,113.34439893570071,23.173654088858804,2018-09-19-03-06-26
1.0,113.34489802416412,23.173653229259774,2018-09-19-03-06-26
1.0,113.34589621630751,23.173651523163272,2018-09-19-03-06-26
1.0,113.34664487412671,23.173650255421247,2018-09-19-03-06-26
1.0,113.34764310347803,23.17364858146619,2018-09-19-03-06-26
1.0,113.33816069624385,23.173915066459404,2018-09-19-03-06-26
1.0,113.34040638006685,23.173911015710537,2018-09-19-03-06-26
1.0,113.34240261311552,23.173907473990734,2018-09-19-03-06-26
1.0,113.34389983508564,23.17390485795113,2018-09-19-03-06-26
1.0,113.3441493762371,23.173904425505864,2018-09-19-03-06-26
1.0,113.34439891861015,23.173903994109505,2018-09-19-03-06-26
1.0,113.34464846221746,23.173903563773777,2018-09-19-03-06-26
1.0,113.34489800707176,23.17390313451039,2018-09-19-03-06-26
1.0,113.34514755318567,23.17390270633103,2018-09-19-03-06-26
1.0,113.34714396895664,23.173899321317307,2018-09-19-03-06-26
1.0,113.33791116348323,23.174165425807406,2018-09-19-03-06-26
1.0,113.3389092317761,23.174163614203454,2018-09-19-03-06-26
1.0,113.34040636299096,23.17416092100129,2018-09-19-03-06-26
1.0,113.34389981799673,23.17415476324129,2018-09-19-03-06-26
1.0,113.34439890151944,23.17415389939958,2018-09-19-03-06-26
1.0,113.34464844512584,23.17415346906381,2018-09-19-03-06-26
1.0,113.34489798997922,23.17415303980038,2018-09-19-03-06-26
1.0,113.34614573339319,23.174150909976742,2018-09-19-03-06-26
1.0,113.34664483992924,23.174150065961253,2018-09-19-03-06-26
1.0,113.34689439521256,23.17414964569567,2018-09-19-03-06-26
1.0,113.34739350987223,23.174148808706477,2018-09-19-03-06-26
1.0,113.33741211771316,23.174416241490942,2018-09-19-03-06-26
1.0,113.34340072222214,23.17440553656129,2018-09-19-03-06-26
1.0,113.3441493420573,23.174404236125525,2018-09-19-03-06-26
1.0,113.34439888442854,23.17440380472908,2018-09-19-03-06-26
1.0,113.34514751899862,23.17440251695035,2018-09-19-03-06-26
1.0,113.345397066383,23.174402089866604,2018-09-19-03-06-26
1.0,113.34714393475531,23.174399131935942,2018-09-19-03-06-26
1.0,113.33816064504137,23.17466478245114,2018-09-19-03-06-26
1.0,113.33965775878347,23.174662074545385,2018-09-19-03-06-26
1.0,113.34365024387854,23.17465500742249,2018-09-19-03-06-26
1.0,113.34389978381843,23.17465457393994,2018-09-19-03-06-26
1.0,113.34439886733749,23.17465371009806,2018-09-19-03-06-26
1.0,113.34464841094207,23.174653279762204,2018-09-19-03-06-26
1.0,113.34539704928832,23.174651995235408,2018-09-19-03-06-26
1.0,113.34589614792262,23.1746511444015,2018-09-19-03-06-26
1.0,113.34614569919862,23.17465072067462,2018-09-19-03-06-26
1.0,113.34639525179726,23.174650298089915,2018-09-19-03-06-26
1.0,113.34664480573112,23.174649876658957,2018-09-19-03-06-26
1.0,113.33965774170991,23.174911979954707,2018-09-19-03-06-26
1.0,113.33990726405366,23.174911531488977,2018-09-19-03-06-26
1.0,113.34265207886737,23.17490665689758,2018-09-19-03-06-26
1.0,113.34340068804718,23.174905347339127,2018-09-19-03-06-26
1.0,113.34365022679006,23.174904912831135,2018-09-19-03-06-26
1.0,113.34389976672904,23.17490447934854,2018-09-19-03-06-26
1.0,113.3448979387006,23.174902755907116,2018-09-19-03-06-26
1.0,113.3451474848109,23.174902327727587,2018-09-19-03-06-26
1.0,113.34564658086097,23.174901474667266,2018-09-19-03-06-26
1.0,113.34614568210108,23.174900626082835,2018-09-19-03-06-26
1.0,113.34639523469883,23.17490020349809,2018-09-19-03-06-26
1.0,113.34789257876164,23.174897692621677,2018-09-19-03-06-26
1.0,113.3369130413078,23.175166870977908,2018-09-19-03-06-26
1.0,113.34514746771679,23.17515223317556,2018-09-19-03-06-26
1.0,113.34539701509846,23.175151806091684,2018-09-19-03-06-26
1.0,113.34564656376506,23.175151380115157,2018-09-19-03-06-26
1.0,113.34639521760025,23.17515010894585,2018-09-19-03-06-26
1.0,113.34664477153231,23.175149687514804,2018-09-19-03-06-26
1.0,113.34689432681208,23.17514926724905,2018-09-19-03-06-26
1.0,113.34789256165774,23.175147598069177,2018-09-19-03-06-26
1.0,113.33965770756231,23.175411790892163,2018-09-19-03-06-26
1.0,113.34265204469726,23.175406467834023,2018-09-19-03-06-26
1.0,113.34290157992668,23.175406030320513,2018-09-19-03-06-26
1.0,113.34315111631383,23.175405593797006,2018-09-19-03-06-26
1.0,113.34464835966517,23.175402996106435,2018-09-19-03-06-26
1.0,113.34489790451403,23.17540256684279,2018-09-19-03-06-26
1.0,113.3389091293514,23.175663046779334,2018-09-19-03-06-26
1.0,113.33940816913703,23.175662145721184,2018-09-19-03-06-26
1.0,113.3424024935284,23.175656811853475,2018-09-19-03-06-26
1.0,113.34464834257254,23.175652901633832,2018-09-19-03-06-26
1.0,113.34589607953504,23.17565076627227,2018-09-19-03-06-26
1.0,113.339907195754,23.17591115352251,2018-09-19-03-06-26
1.0,113.3476429495524,23.175897730139404,2018-09-19-03-06-26
1.0,113.3354159173142,23.176169249401756,2018-09-19-03-06-26
1.0,113.33691297305342,23.176166493172346,2018-09-19-03-06-26
1.0,113.33791102694629,23.176164669560677,2018-09-19-03-06-26
1.0,113.33915861461762,23.176162407020804,2018-09-19-03-06-26
1.0,113.33940813499031,23.17616195689706,2018-09-19-03-06-26
1.0,113.33965765633964,23.176161507596206,2018-09-19-03-06-26
1.0,113.34165386385502,23.176157944254147,2018-09-19-03-06-26
1.0,113.34464830838675,23.176152712807927,2018-09-19-03-06-26
1.0,113.3461455966109,23.176150153718797,2018-09-19-03-06-26
1.0,113.34764293244871,23.176147635745835,2018-09-19-03-06-26
1.0,113.33741198119029,23.176415485562234,2018-09-19-03-06-26
1.0,113.33766149509188,23.176415030016283,2018-09-19-03-06-26
1.0,113.33791100987843,23.17641457520863,2018-09-19-03-06-26
1.0,113.33816052556307,23.176414121151385,2018-09-19-03-06-26
1.0,113.33865955967916,23.176413215336563,2018-09-19-03-06-26
1.0,113.33915859754495,23.176412312668546,2018-09-19-03-06-26
1.0,113.34090526111252,23.176409179503278,2018-09-19-03-06-26
1.0,113.3443987476954,23.17640304879089,2018-09-19-03-06-26
1.0,113.34464829129362,23.176402618454734,2018-09-19-03-06-26
1.0,113.34489783613884,23.17640218919092,2018-09-19-03-06-26
1.0,113.33616440743495,23.176667679629485,2018-09-19-03-06-26
1.0,113.33865954260824,23.176663121024298,2018-09-19-03-06-26
10.0,113.33890906106494,23.17666266929086,2018-09-19-03-06-26
1.0,113.33915858047213,23.1766622183562,2018-09-19-03-06-26
1.0,113.33965762219036,23.176661318931433,2018-09-19-03-06-26
1.0,113.33990714452747,23.176660870465405,2018-09-19-03-06-26
1.0,113.34040619222286,23.176659976086164,2018-09-19-03-06-26
1.0,113.34489781904463,23.176652094877596,2018-09-19-03-06-26
1.0,113.33791097574218,23.17691438662432,2018-09-19-03-06-26
1.0,113.34539689542868,23.17690114534018,2018-09-19-03-06-26
1.0,113.34639509790539,23.176899448193144,2018-09-19-03-06-26
1.0,113.33915854632599,23.177162029851452,2018-09-19-03-06-26
1.0,113.33940806669489,23.177161579727542,2018-09-19-03-06-26
1.0,113.34090520987368,23.1771588966853,2018-09-19-03-06-26
1.0,113.34589597694867,23.17715020027199,2018-09-19-03-06-26
1.0,113.34739330464156,23.17714767527183,2018-09-19-03-06-26
1.0,113.33791094160527,23.177414198200083,2018-09-19-03-06-26
1.0,113.33816045728607,23.177413744142672,2018-09-19-03-06-26
1.0,113.3386594913945,23.177412838327513,2018-09-19-03-06-26
1.0,113.33890900984832,23.177412386593947,2018-09-19-03-06-26
1.0,113.33915852925266,23.17741193565916,2018-09-19-03-06-26
1.0,113.33965757096519,23.17741103623414,2018-09-19-03-06-26
1.0,113.33990709329946,23.177410587767987,2018-09-19-03-06-26
1.0,113.34015661663645,23.17741014014877,2018-09-19-03-06-26
1.0,113.34165377844289,23.17740747289039,2018-09-19-03-06-26
1.0,113.3384099568075,23.177663196695743,2018-09-19-03-06-26
1.0,113.33915851217917,23.177661841506993,2018-09-19-03-06-26
1.0,113.33990707622311,23.177660493615694,2018-09-19-03-06-26
1.0,113.34539684413912,23.177650862760174,2018-09-19-03-06-26
1.0,113.33741187879112,23.177914920290462,2018-09-19-03-06-26
1.0,113.33766139268693,23.177914464744262,2018-09-19-03-06-26
1.0,113.33990705914661,23.177910399503585,2018-09-19-03-06-26
1.0,113.3414042146528,23.17790772691148,2018-09-19-03-06-26
1.0,113.33816040607657,23.178163461807276,2018-09-19-03-06-26
1.0,113.34040608975396,23.178159411051958,2018-09-19-03-06-26
1.0,113.3421527897332,23.17815630878485,2018-09-19-03-06-26
1.0,113.34240232267541,23.178155869326392,2018-09-19-03-06-26
1.0,113.34689412159454,23.178148135728588,2018-09-19-03-06-26
1.0,113.34789235639795,23.17814646654664,2018-09-19-03-06-26
1.0,113.3361642880014,23.178417020568606,2018-09-19-03-06-26
1.0,113.33666330815342,23.17841610313506,2018-09-19-03-06-26
1.0,113.3369128194713,23.17841564544674,2018-09-19-03-06-26
1.0,113.33716233163469,23.17841518846028,2018-09-19-03-06-26
1.0,113.3376613585506,23.17841427664155,2018-09-19-03-06-26
1.0,113.33791087332945,23.17841382183356,2018-09-19-03-06-26
1.0,113.33591476207921,23.178667386298898,2018-09-19-03-06-26
1.0,113.33641378060429,23.178666467522415,2018-09-19-03-06-26
1.0,113.33666329108888,23.178666009144358,2018-09-19-03-06-26
1.0,113.3371623145682,23.178665094469494,2018-09-19-03-06-26
1.0,113.33766134148219,23.17866418265068,2018-09-19-03-06-26
1.0,113.33940796424672,23.17866101517651,2018-09-19-03-06-26
1.0,113.33641376354053,23.17891637357215,2018-09-19-03-06-26
2.0,113.33741181052166,23.178914544246577,2018-09-19-03-06-26
1.0,113.33840987145186,23.178912726539323,2018-09-19-03-06-26
1.0,113.3386593889625,23.178912274018803,2018-09-19-03-06-26
1.0,113.3391584268092,23.178911371349944,2018-09-19-03-06-26
1.0,113.33616423681308,23.17916673871799,2018-09-19-03-06-26
1.0,113.33716228043474,23.17916490660916,2018-09-19-03-06-26
1.0,113.33840985438023,23.17916263262917,2018-09-19-03-06-26
1.0,113.3386593718899,23.179162180108605,2018-09-19-03-06-26
1.0,113.33915840973471,23.17916127743966,2018-09-19-03-06-26
1.0,113.33666323989424,23.17941572741483,2018-09-19-03-06-26
1.0,113.33766129027595,23.179413900920654,2018-09-19-03-06-26
1.0,113.33865935481715,23.179412086238912,2018-09-19-03-06-26
1.0,113.33915839266005,23.179411183569883,2018-09-19-03-06-26
1.0,113.33940791302038,23.179410733445597,2018-09-19-03-06-26
1.0,113.33965743435736,23.17941028414419,2018-09-19-03-06-26
1.0,113.33691273414205,23.1796651758975,2018-09-19-03-06-26
1.0,113.3374117593178,23.179664262638177,2018-09-19-03-06-26
1.0,113.33766127320686,23.179663807091682,2018-09-19-03-06-26
1.0,113.33840982023648,23.179662444930422,2018-09-19-03-06-26
1.0,113.33965741728062,23.179660190314884,2018-09-19-03-06-26
1.0,113.34340036335158,23.17965355768722,2018-09-19-03-06-26
1.0,113.33766125613762,23.17991371330332,2018-09-19-03-06-26
1.0,113.33840980316434,23.179912351141933,2018-09-19-03-06-26
1.0,113.33865932067116,23.179911898621242,2018-09-19-03-06-26
1.0,113.33965740020373,23.179910096526186,2018-09-19-03-06-26
1.0,113.33766123906821,23.18016361955562,2018-09-19-03-06-26
1.0,113.3386593035979,23.180161804873375,2018-09-19-03-06-26
1.0,113.33890882204122,23.180161353139347,2018-09-19-03-06-26
1.0,113.33915834143507,23.180160902204097,2018-09-19-03-06-26
1.0,113.3399069054505,23.180159554311533,2018-09-19-03-06-26
1.0,113.33816025243904,23.180412616982395,2018-09-19-03-06-26
1.0,113.33865928652448,23.180411711166226,2018-09-19-03-06-26
1.0,113.33791071969905,23.180662977374052,2018-09-19-03-06-26
1.0,113.33840975194695,23.18066207002066,2018-09-19-03-06-26
1.0,113.33840973487415,23.180911976395144,2018-09-19-03-06-26
1.0,113.33865925237713,23.180911523874283,2018-09-19-03-06-26
1.0,113.35612924002848,23.170636348030143,2018-09-19-03-06-26
1.0,113.34514775829389,23.170903845907194,2018-09-19-03-06-26
1.0,113.35562999724581,23.17088699287779,2018-09-19-03-06-26
1.0,113.35587960917687,23.170886622056422,2018-09-19-03-06-26
1.0,113.34864152623669,23.171147876544833,2018-09-19-03-06-26
1.0,113.3488910927597,23.17114746601524,2018-09-19-03-06-26
1.0,113.35238518284888,23.171141856885324,2018-09-19-03-06-26
1.0,113.34464863312456,23.17140451302998,2018-09-19-03-06-26
1.0,113.34539727150606,23.171403228504857,2018-09-19-03-06-26
1.0,113.34864150913269,23.171397781404064,2018-09-19-03-06-26
1.0,113.34914064363623,23.171396961613027,2018-09-19-03-06-26
1.0,113.35113724148684,23.17139373453229,2018-09-19-03-06-26
1.0,113.34739368087936,23.171649757576123,2018-09-19-03-06-26
1.0,113.34564678599885,23.171902612365013,2018-09-19-03-06-26
1.0,113.34564676890494,23.172152517341416,2018-09-19-03-06-26
1.0,113.34739364667928,23.172149567489388,2018-09-19-03-06-26
1.0,113.34639540567558,23.172401151188918,2018-09-19-03-06-26
1.0,113.34864144071504,23.172397401229826,2018-09-19-03-06-26
1.0,113.34664494251962,23.17265063481262,2018-09-19-03-06-26
1.0,113.34539716894754,23.172902658480936,2018-09-19-03-06-26
1.0,113.34564671762224,23.172902232504793,2018-09-19-03-06-26
1.0,113.34689448070938,23.172900119640627,2018-09-19-03-06-26
1.0,113.34714403735731,23.17289970055208,2018-09-19-03-06-26
1.0,113.35088755871836,23.172893563212497,2018-09-19-03-06-26
1.0,113.35138672046669,23.172892767161564,2018-09-19-03-06-26
1.0,113.34514760446498,23.173152990697208,2018-09-19-03-06-26
1.0,113.34564670052767,23.173152137637487,2018-09-19-03-06-26
1.0,113.34639535438431,23.173150866469214,2018-09-19-03-06-26
1.0,113.3466449083235,23.173150445038512,2018-09-19-03-06-26
1.0,113.34689446361035,23.173150024773104,2018-09-19-03-06-26
1.0,113.34864138940004,23.173147116508954,2018-09-19-03-06-26
1.0,113.35138670335215,23.17314267229326,2018-09-19-03-06-26
1.0,113.34489804125633,23.173403324048476,2018-09-19-03-06-26
1.0,113.34514758737204,23.173402895869202,2018-09-19-03-06-26
1.0,113.34539713476003,23.173402468785625,2018-09-19-03-06-26
1.0,113.34564668343293,23.173402042809396,2018-09-19-03-06-26
1.0,113.34589623340331,23.173401617952145,2018-09-19-03-06-26
1.0,113.34614578468378,23.17340119422548,2018-09-19-03-06-26
3.0,113.34664489122518,23.173400350210247,2018-09-19-03-06-26
1.0,113.34789268138148,23.173398260766135,2018-09-19-03-06-26
1.0,113.34489802416412,23.173653229259774,2018-09-19-03-06-26
1.0,113.34589621630751,23.173651523163272,2018-09-19-03-06-26
1.0,113.34664487412671,23.173650255421247,2018-09-19-03-06-26
1.0,113.34764310347803,23.17364858146619,2018-09-19-03-06-26
1.0,113.34814222648906,23.173647751710355,2018-09-19-03-06-26
1.0,113.35063792884868,23.17364367879393,2018-09-19-03-06-26
1.0,113.351885837189,23.173641692144646,2018-09-19-03-06-26
1.0,113.35213542362338,23.173641298978026,2018-09-19-03-06-26
1.0,113.34464846221746,23.173903563773777,2018-09-19-03-06-26
1.0,113.34489800707176,23.17390313451039,2018-09-19-03-06-26
1.0,113.34514755318567,23.17390270633103,2018-09-19-03-06-26
1.0,113.34714396895664,23.173899321317307,2018-09-19-03-06-26
1.0,113.34864133808354,23.173896832140965,2018-09-19-03-06-26
1.0,113.35113707035234,23.173892785264833,2018-09-19-03-06-26
1.0,113.35138665200753,23.173892387923832,2018-09-19-03-06-26
1.0,113.34464844512584,23.17415346906381,2018-09-19-03-06-26
1.0,113.34489798997922,23.17415303980038,2018-09-19-03-06-26
1.0,113.34614573339319,23.174150909976742,2018-09-19-03-06-26
1.0,113.34664483992924,23.174150065961253,2018-09-19-03-06-26
1.0,113.34689439521256,23.17414964569567,2018-09-19-03-06-26
1.0,113.34739350987223,23.174148808706477,2018-09-19-03-06-26
1.0,113.34514751899862,23.17440251695035,2018-09-19-03-06-26
1.0,113.345397066383,23.174402089866604,2018-09-19-03-06-26
1.0,113.34714393475531,23.174399131935942,2018-09-19-03-06-26
1.0,113.34814217517676,23.174397467578697,2018-09-19-03-06-26
1.0,113.35113703612342,23.174392595882075,2018-09-19-03-06-26
1.0,113.34464841094207,23.174653279762204,2018-09-19-03-06-26
1.0,113.34539704928832,23.174651995235408,2018-09-19-03-06-26
1.0,113.34589614792262,23.1746511444015,2018-09-19-03-06-26
1.0,113.34614569919862,23.17465072067462,2018-09-19-03-06-26
1.0,113.34639525179726,23.174650298089915,2018-09-19-03-06-26
1.0,113.34664480573112,23.174649876658957,2018-09-19-03-06-26
1.0,113.3448979387006,23.174902755907116,2018-09-19-03-06-26
1.0,113.3451474848109,23.174902327727587,2018-09-19-03-06-26
1.0,113.34564658086097,23.174901474667266,2018-09-19-03-06-26
1.0,113.34614568210108,23.174900626082835,2018-09-19-03-06-26
1.0,113.34639523469883,23.17490020349809,2018-09-19-03-06-26
1.0,113.34789257876164,23.174897692621677,2018-09-19-03-06-26
1.0,113.34514746771679,23.17515223317556,2018-09-19-03-06-26
1.0,113.34539701509846,23.175151806091684,2018-09-19-03-06-26
1.0,113.34564656376506,23.175151380115157,2018-09-19-03-06-26
1.0,113.34639521760025,23.17515010894585,2018-09-19-03-06-26
1.0,113.34664477153231,23.175149687514804,2018-09-19-03-06-26
1.0,113.34689432681208,23.17514926724905,2018-09-19-03-06-26
1.0,113.34789256165774,23.175147598069177,2018-09-19-03-06-26
1.0,113.34464835966517,23.175402996106435,2018-09-19-03-06-26
1.0,113.34489790451403,23.17540256684279,2018-09-19-03-06-26
1.0,113.34464834257254,23.175652901633832,2018-09-19-03-06-26
1.0,113.34589607953504,23.17565076627227,2018-09-19-03-06-26
1.0,113.3476429495524,23.175897730139404,2018-09-19-03-06-26
1.0,113.34889076773871,23.175895665032236,2018-09-19-03-06-26
1.0,113.34914033570456,23.175895255770055,2018-09-19-03-06-26
1.0,113.34464830838675,23.176152712807927,2018-09-19-03-06-26
1.0,113.3461455966109,23.176150153718797,2018-09-19-03-06-26
1.0,113.34764293244871,23.176147635745835,2018-09-19-03-06-26
1.0,113.35612886316568,23.176134262227347,2018-09-19-03-06-26
1.0,113.34464829129362,23.176402618454734,2018-09-19-03-06-26
1.0,113.34489783613884,23.17640218919092,2018-09-19-03-06-26
1.0,113.34489781904463,23.176652094877596,2018-09-19-03-06-26
1.0,113.34814202123084,23.176646617321456,2018-09-19-03-06-26
1.0,113.34539689542868,23.17690114534018,2018-09-19-03-06-26
1.0,113.34639509790539,23.176899448193144,2018-09-19-03-06-26
1.0,113.34589597694867,23.17715020027199,2018-09-19-03-06-26
1.0,113.34739330464156,23.17714767527183,2018-09-19-03-06-26
1.0,113.34539684413912,23.177650862760174,2018-09-19-03-06-26
1.0,113.34689412159454,23.178148135728588,2018-09-19-03-06-26
1.0,113.34789235639795,23.17814646654664,2018-09-19-03-06-26
1.0,113.34839148220973,23.17814563924608,2018-09-19-03-06-26
