count,wgs_lng,wgs_lat,time
1.0,113.32743421076417,23.14394675270455,2018-09-25-04-00-22
1.0,113.33067760578687,23.14394060009075,2018-09-25-04-00-22
1.0,113.33092710092825,23.14394012923361,2018-09-25-04-00-22
1.0,113.33367158516458,23.14393497941644,2018-09-25-04-00-22
1.0,113.33417059052954,23.143934049665283,2018-09-25-04-00-22
1.0,113.32718470458337,23.144197128931694,2018-09-25-04-00-22
1.0,113.33367156813479,23.14418488037621,2018-09-25-04-00-22
1.0,113.33367155110484,23.14443478136876,2018-09-25-04-00-22
1.0,113.33516857569066,23.14443199902298,2018-09-25-04-00-22
1.0,113.33741416427326,23.144427867940013,2018-09-25-04-00-22
1.0,113.33766367829811,23.144427412399438,2018-09-25-04-00-22
1.0,113.32668565918588,23.14519768429077,2018-09-25-04-00-22
1.0,113.33092701583216,23.145189634363113,2018-09-25-04-00-22
1.0,113.33616655583963,23.14517985946592,2018-09-25-04-00-22
1.0,113.33591702981033,23.145430220305077,2018-09-25-04-00-22
1.0,113.32468972655386,23.145701298235267,2018-09-25-04-00-22
1.0,113.33342196429334,23.145684752521653,2018-09-25-04-00-22
1.0,113.3259371443231,23.145948815997837,2018-09-25-04-00-22
1.0,113.32643611994507,23.145947863662407,2018-09-25-04-00-22
1.0,113.33766357602144,23.14592681904226,2018-09-25-04-00-22
1.0,113.32668559117427,23.146197288990955,2018-09-25-04-00-22
1.0,113.33566747049754,23.146180384243856,2018-09-25-04-00-22
1.0,113.32793302007221,23.14644481397722,2018-09-25-04-00-22
1.0,113.32893098329674,23.14644291755344,2018-09-25-04-00-22
1.0,113.33392091718864,23.14643352534239,2018-09-25-04-00-22
1.0,113.32568760590887,23.146698996186842,2018-09-25-04-00-22
1.0,113.33192489963089,23.14668716237702,2018-09-25-04-00-22
1.0,113.33217439752703,23.14668669368061,2018-09-25-04-00-22
1.0,113.3339209001562,23.146683426632457,2018-09-25-04-00-22
1.0,113.3341704031711,23.146682962034046,2018-09-25-04-00-22
1.0,113.3306774015612,23.146939413789877,2018-09-25-04-00-22
1.0,113.33292287779936,23.146935191779423,2018-09-25-04-00-22
1.0,113.33441988985113,23.14693239932648,2018-09-25-04-00-22
1.0,113.33591692757027,23.14692962774451,2018-09-25-04-00-22
1.0,113.33616643655334,23.146929168028915,2018-09-25-04-00-22
1.0,113.32693501168607,23.147196418523922,2018-09-25-04-00-22
1.0,113.33292286077054,23.147185093136404,2018-09-25-04-00-22
1.0,113.32668550615601,23.147446795614318,2018-09-25-04-00-22
1.0,113.32718448351831,23.147445844426258,2018-09-25-04-00-22
1.0,113.33217434644946,23.14743639775198,2018-09-25-04-00-22
1.0,113.33292284374154,23.147434994526844,2018-09-25-04-00-22
1.0,113.3336713467324,23.147433595856743,2018-09-25-04-00-22
1.0,113.33566738530027,23.14742989085974,2018-09-25-04-00-22
1.0,113.33591689348891,23.147429430490924,2018-09-25-04-00-22
1.0,113.33217432942327,23.147686299176062,2018-09-25-04-00-22
1.0,113.32593700831748,23.147948026730493,2018-09-25-04-00-22
1.0,113.3346693261339,23.14793154150304,2018-09-25-04-00-22
1.0,113.336415878171,23.147928314605213,2018-09-25-04-00-22
1.0,113.33342179398615,23.14818376592588,2018-09-25-04-00-22
1.0,113.33616631725887,23.14867847822856,2018-09-25-04-00-22
1.0,113.33741387449011,23.148676189872734,2018-09-25-04-00-22
1.0,113.32518847882004,23.148949062578815,2018-09-25-04-00-22
1.0,113.33067726539743,23.148938625588684,2018-09-25-04-00-22
1.0,113.32493897511308,23.149199441028408,2018-09-25-04-00-22
1.0,113.32992876603973,23.14918994211137,2018-09-25-04-00-22
1.0,113.33017825966112,23.149189470104677,2018-09-25-04-00-22
1.0,113.33092674349666,23.149188056357264,2018-09-25-04-00-22
1.0,113.33117623914355,23.149187585906827,2018-09-25-04-00-22
1.0,113.33516825197809,23.14918012417995,2018-09-25-04-00-22
1.0,113.33666530355231,23.14917736402232,2018-09-25-04-00-22
1.0,113.3271843474643,23.149445056768634,2018-09-25-04-00-22
1.0,113.33142571830584,23.149437017536677,2018-09-25-04-00-22
1.0,113.33217421023527,23.149435610087725,2018-09-25-04-00-22
1.0,113.33092670945172,23.14968785971215,2018-09-25-04-00-22
1.0,113.32768327508373,23.15019381165582,2018-09-25-04-00-22
1.0,113.32618632595226,23.15044656692125,2018-09-25-04-00-22
1.0,113.33616619795623,23.1504277900842,2018-09-25-04-00-22
1.0,113.33042763462261,23.150938310807554,2018-09-25-04-00-22
1.0,113.33466912168632,23.150930361628802,2018-09-25-04-00-22
1.0,113.33491862682357,23.15092989876899,2018-09-25-04-00-22
1.0,113.33541763933002,23.150928974874386,2018-09-25-04-00-22
1.0,113.33691469565811,23.150926218670342,2018-09-25-04-00-22
1.0,113.33142559913054,23.151186330113475,2018-09-25-04-00-22
1.0,113.33017810648062,23.151438586277386,2018-09-25-04-00-22
1.0,113.32868113461767,23.151691325414223,2018-09-25-04-00-22
1.0,113.32518825781902,23.152197786397295,2018-09-25-04-00-22
1.0,113.32743363250596,23.152443404099216,2018-09-25-04-00-22
1.0,113.33541753707962,23.152428386782727,2018-09-25-04-00-22
1.0,113.33741361875903,23.152424717327,2018-09-25-04-00-22
1.0,113.32743361549545,23.152693306206178,2018-09-25-04-00-22
1.0,113.33217398886445,23.152684334782233,2018-09-25-04-00-22
1.0,113.33491850754453,23.152679212783546,2018-09-25-04-00-22
1.0,113.33541752003731,23.15267828888836,2018-09-25-04-00-22
1.0,113.32743356446294,23.153443012735444,2018-09-25-04-00-22
1.0,113.32917999867539,23.15343969312136,2018-09-25-04-00-22
1.0,113.329678983573,23.15343874736498,2018-09-25-04-00-22
1.0,113.33042746439956,23.153437331355132,2018-09-25-04-00-22
1.0,113.33042743035296,23.153937135881197,2018-09-25-04-00-22
1.0,113.33691449108139,23.153925043730975,2018-09-25-04-00-22
1.0,113.3389112960566,23.143925344062673,2018-09-25-04-00-22
1.0,113.33916081558861,23.14392489313353,2018-09-25-04-00-22
1.0,113.34115700761997,23.143921315900812,2018-09-25-04-00-22
1.0,113.34065793641068,23.144172105966064,2018-09-25-04-00-22
1.0,113.34190557982471,23.144169890030145,2018-09-25-04-00-22
1.0,113.33516857569066,23.14443199902298,2018-09-25-04-00-22
1.0,113.33741416427326,23.144427867940013,2018-09-25-04-00-22
1.0,113.33766367829811,23.144427412399438,2018-09-25-04-00-22
1.0,113.34514956903621,23.14441414355713,2018-09-25-04-00-22
1.0,113.34664687351211,23.14441159792809,2018-09-25-04-00-22
1.0,113.33791317616105,23.144676858621835,2018-09-25-04-00-22
1.0,113.33616655583963,23.14517985946592,2018-09-25-04-00-22
1.0,113.34015881820456,23.145172602767524,2018-09-25-04-00-22
1.0,113.33591702981033,23.145430220305077,2018-09-25-04-00-22
1.0,113.33990926063586,23.145672852660724,2018-09-25-04-00-22
1.0,113.33766357602144,23.14592681904226,2018-09-25-04-00-22
1.0,113.33566747049754,23.146180384243856,2018-09-25-04-00-22
1.0,113.33916066212271,23.146174002947987,2018-09-25-04-00-22
1.0,113.33916062801734,23.146673805493073,2018-09-25-04-00-22
1.0,113.33441988985113,23.14693239932648,2018-09-25-04-00-22
1.0,113.33591692757027,23.14692962774451,2018-09-25-04-00-22
1.0,113.33616643655334,23.146929168028915,2018-09-25-04-00-22
1.0,113.33841205524048,23.146925061988817,2018-09-25-04-00-22
1.0,113.33816252148226,23.147175416634674,2018-09-25-04-00-22
1.0,113.33566738530027,23.14742989085974,2018-09-25-04-00-22
1.0,113.33591689348891,23.147429430490924,2018-09-25-04-00-22
1.0,113.3381625044328,23.147425318024236,2018-09-25-04-00-22
1.0,113.33841202113983,23.147424864734393,2018-09-25-04-00-22
1.0,113.33941009734012,23.147423059442037,2018-09-25-04-00-22
1.0,113.33841200408925,23.147674766157426,2018-09-25-04-00-22
1.0,113.34190534094691,23.14766850691509,2018-09-25-04-00-22
1.0,113.3346693261339,23.14793154150304,2018-09-25-04-00-22
1.0,113.336415878171,23.147928314605213,2018-09-25-04-00-22
1.0,113.34215482168815,23.14841777097621,2018-09-25-04-00-22
1.0,113.33616631725887,23.14867847822856,2018-09-25-04-00-22
1.0,113.33741387449011,23.148676189872734,2018-09-25-04-00-22
1.0,113.33891095502194,23.14892336953303,2018-09-25-04-00-22
1.0,113.33516825197809,23.14918012417995,2018-09-25-04-00-22
1.0,113.33666530355231,23.14917736402232,2018-09-25-04-00-22
1.0,113.3409070876469,23.149669490446716,2018-09-25-04-00-22
33.0,113.34589785674096,23.149660794127225,2018-09-25-04-00-22
1.0,113.33616619795623,23.1504277900842,2018-09-25-04-00-22
1.0,113.34365190066612,23.150414362390876,2018-09-25-04-00-22
1.0,113.33466912168632,23.150930361628802,2018-09-25-04-00-22
1.0,113.33491862682357,23.15092989876899,2018-09-25-04-00-22
1.0,113.33541763933002,23.150928974874386,2018-09-25-04-00-22
1.0,113.33691469565811,23.150926218670342,2018-09-25-04-00-22
1.0,113.34365186652144,23.150914166082526,2018-09-25-04-00-22
1.0,113.3404079332729,23.15116979220652,2018-09-25-04-00-22
1.0,113.34489956179178,23.151161911076066,2018-09-25-04-00-22
1.0,113.3451491079879,23.151161482900605,2018-09-25-04-00-22
1.0,113.34315273882997,23.151664741899072,2018-09-25-04-00-22
1.0,113.33541753707962,23.152428386782727,2018-09-25-04-00-22
1.0,113.33741361875903,23.152424717327,2018-09-25-04-00-22
1.0,113.33491850754453,23.152679212783546,2018-09-25-04-00-22
1.0,113.33541752003731,23.15267828888836,2018-09-25-04-00-22
1.0,113.34739492872382,23.15340679864401,2018-09-25-04-00-22
1.0,113.35488302056055,23.143898610574148,2018-09-25-04-00-22
1.0,113.35563184597062,23.143897488777558,2018-09-25-04-00-22
1.0,113.35513261016214,23.144148136050845,2018-09-25-04-00-22
1.0,113.35538221862753,23.14414776211505,2018-09-25-04-00-22
1.0,113.3558814408764,23.14414701891696,2018-09-25-04-00-22
1.0,113.34514956903621,23.14441414355713,2018-09-25-04-00-22
1.0,113.34664687351211,23.14441159792809,2018-09-25-04-00-22
1.0,113.35563181175277,23.144397290722324,2018-09-25-04-00-22
1.0,113.35388455975593,23.144649830681228,2018-09-25-04-00-22
1.0,113.3548829692406,23.144648313540927,2018-09-25-04-00-22
1.0,113.35063989567007,23.144904823459893,2018-09-25-04-00-22
1.0,113.35188777029677,23.14540263904505,2018-09-25-04-00-22
1.0,113.34764500077839,23.145909330625837,2018-09-25-04-00-22
1.0,113.34939195709711,23.145906448310303,2018-09-25-04-00-22
1.0,113.34989110064093,23.145905636239387,2018-09-25-04-00-22
1.0,113.3506398272961,23.14590442801149,2018-09-25-04-00-22
1.0,113.34964151103067,23.146155942844644,2018-09-25-04-00-22
1.0,113.35438365841839,23.14614847591181,2018-09-25-04-00-22
1.0,113.35663015081553,23.146145124793794,2018-09-25-04-00-22
1.0,113.34964149394,23.146405844098744,2018-09-25-04-00-22
1.0,113.34989106645803,23.14640543871427,2018-09-25-04-00-22
1.0,113.35014064048396,23.14640503464319,2018-09-25-04-00-22
1.0,113.3501405892058,23.14715473860519,2018-09-25-04-00-22
1.0,113.35039014765535,23.14740423724607,2018-09-25-04-00-22
1.0,113.349391837466,23.147655757556546,2018-09-25-04-00-22
1.0,113.35438355577746,23.147647883931864,2018-09-25-04-00-22
1.0,113.3563804136049,23.14789480032395,2018-09-25-04-00-22
1.0,113.35663003101783,23.147894434264874,2018-09-25-04-00-22
1.0,113.35638039649103,23.148144701811063,2018-09-25-04-00-22
1.0,113.3566299625583,23.148894040415467,2018-09-25-04-00-22
33.0,113.34589785674096,23.149660794127225,2018-09-25-04-00-22
1.0,113.35138829428678,23.149901655454926,2018-09-25-04-00-22
1.0,113.35413380031746,23.149897378278876,2018-09-25-04-00-22
1.0,113.34989081006492,23.15015396155132,2018-09-25-04-00-22
1.0,113.34489956179178,23.151161911076066,2018-09-25-04-00-22
1.0,113.3451491079879,23.151161482900605,2018-09-25-04-00-22
1.0,113.3481437138894,23.151906139472835,2018-09-25-04-00-22
1.0,113.34864284274084,23.151905314661025,2018-09-25-04-00-22
1.0,113.34939154689914,23.151904086898323,2018-09-25-04-00-22
1.0,113.350639416996,23.151902066594275,2018-09-25-04-00-22
1.0,113.3526360900812,23.15189890472726,2018-09-25-04-00-22
1.0,113.34739492872382,23.15340679864401,2018-09-25-04-00-22
1.0,113.32743356446294,23.153443012735444,2018-09-25-04-00-22
1.0,113.32917999867539,23.15343969312136,2018-09-25-04-00-22
1.0,113.329678983573,23.15343874736498,2018-09-25-04-00-22
1.0,113.33042746439956,23.153437331355132,2018-09-25-04-00-22
1.0,113.33042743035296,23.153937135881197,2018-09-25-04-00-22
1.0,113.33691449108139,23.153925043730975,2018-09-25-04-00-22
1.0,113.33367086977002,23.154430848597762,2018-09-25-04-00-22
1.0,113.33267285014409,23.15468261690972,2018-09-25-04-00-22
1.0,113.33691443993344,23.15467475077926,2018-09-25-04-00-22
1.0,113.33716395218865,23.154674293796788,2018-09-25-04-00-22
1.0,113.32618601985253,23.15494480517592,2018-09-25-04-00-22
1.0,113.33167484044436,23.154934393158168,2018-09-25-04-00-22
1.0,113.33192433772786,23.154933924003494,2018-09-25-04-00-22
8.0,113.33217383559123,23.154933455305713,2018-09-25-04-00-22
1.0,113.33267283311108,23.15493251933007,2018-09-25-04-00-22
1.0,113.32793242467471,23.155191379372983,2018-09-25-04-00-22
1.0,113.33192432069765,23.15518382645916,2018-09-25-04-00-22
1.0,113.33217381856005,23.155183357761338,2018-09-25-04-00-22
1.0,113.33691440583398,23.155174555653733,2018-09-25-04-00-22
1.0,113.32593649820157,23.155445086380077,2018-09-25-04-00-22
1.0,113.32793240766037,23.155441281864565,2018-09-25-04-00-22
1.0,113.33242329998335,23.155432792023554,2018-09-25-04-00-22
1.0,113.33491832008951,23.155428138248485,2018-09-25-04-00-22
1.0,113.33516780890538,23.155677578517874,2018-09-25-04-00-22
1.0,113.33491826896191,23.15617784593182,2018-09-25-04-00-22
1.0,113.32543745567217,23.15644564968189,2018-09-25-04-00-22
1.0,113.32668489390174,23.15644326846453,2018-09-25-04-00-22
1.0,113.33466874680335,23.156428211424537,2018-09-25-04-00-22
1.0,113.33716383283085,23.156423611475027,2018-09-25-04-00-22
1.0,113.3266848768916,23.15669317113342,2018-09-25-04-00-22
1.0,113.32568690878853,23.156944978491303,2018-09-25-04-00-22
1.0,113.32643535468395,23.157193452476072,2018-09-25-04-00-22
1.0,113.33067670360917,23.15718539747589,2018-09-25-04-00-22
1.0,113.32593636214537,23.157444307591167,2018-09-25-04-00-22
1.0,113.33067666955557,23.157685203061945,2018-09-25-04-00-22
1.0,113.3311756602551,23.15768426175067,2018-09-25-04-00-22
1.0,113.32843121824222,23.157939359947736,2018-09-25-04-00-22
1.0,113.33616568656656,23.157924860107364,2018-09-25-04-00-22
1.0,113.33691421827501,23.157923484995802,2018-09-25-04-00-22
1.0,113.32518784974329,23.158195445815064,2018-09-25-04-00-22
1.0,113.32568682375472,23.158194492550248,2018-09-25-04-00-22
1.0,113.32518783273805,23.15844534873447,2018-09-25-04-00-22
1.0,113.32593629411328,23.158443919053006,2018-09-25-04-00-22
1.0,113.32868067515312,23.15843869177747,2018-09-25-04-00-22
1.0,113.3289301665066,23.158438218101796,2018-09-25-04-00-22
1.0,113.33541711097163,23.158675949960056,2018-09-25-04-00-22
1.0,113.32493831205873,23.158945631504974,2018-09-25-04-00-22
1.0,113.32618574771863,23.158943248743313,2018-09-25-04-00-22
1.0,113.32643523561305,23.158942772659827,2018-09-25-04-00-22
1.0,113.33142507125604,23.15893330631088,2018-09-25-04-00-22
1.0,113.33192404819181,23.159182270582022,2018-09-25-04-00-22
1.0,113.33342099331905,23.15992917497075,2018-09-25-04-00-22
1.0,113.33466850819941,23.159926852028967,2018-09-25-04-00-22
1.0,113.33516751914301,23.1599259269106,2018-09-25-04-00-22
1.0,113.33416948311876,23.16017768268632,2018-09-25-04-00-22
1.0,113.33491799625604,23.160176292338438,2018-09-25-04-00-22
1.0,113.32543718357088,23.1604440966889,2018-09-25-04-00-22
1.0,113.32643513354577,23.160442191366833,2018-09-25-04-00-22
1.0,113.33416946607616,23.160427585893594,2018-09-25-04-00-22
1.0,113.32518767968347,23.1606944766347,2018-09-25-04-00-22
1.0,113.3341694490334,23.16067748913728,2018-09-25-04-00-22
1.0,113.32693407616428,23.16094104629338,2018-09-25-04-00-22
1.0,113.33042695363045,23.160934414137717,2018-09-25-04-00-22
1.0,113.32942896322791,23.16118620618147,2018-09-25-04-00-22
1.0,113.32992793194275,23.16143516445584,2018-09-25-04-00-22
1.0,113.3301774255151,23.161434692447113,2018-09-25-04-00-22
1.0,113.32793198224742,23.16168885577386,2018-09-25-04-00-22
1.0,113.32868045388616,23.161687433016194,2018-09-25-04-00-22
1.0,113.33042690254528,23.161684124199475,2018-09-25-04-00-22
1.0,113.32843094593106,23.161937810416386,2018-09-25-04-00-22
1.0,113.3284309289102,23.1621877138807,2018-09-25-04-00-22
1.0,113.32843091188917,23.162437617381823,2018-09-25-04-00-22
1.0,113.32618547554212,23.162941701548686,2018-09-25-04-00-22
1.0,113.32768240736064,23.16293884806805,2018-09-25-04-00-22
1.0,113.34739492872382,23.15340679864401,2018-09-25-04-00-22
1.0,113.33691449108139,23.153925043730975,2018-09-25-04-00-22
1.0,113.33891061392049,23.15392140854393,2018-09-25-04-00-22
1.0,113.34365164456476,23.1541628934427,2018-09-25-04-00-22
1.0,113.34689574557277,23.154407244806933,2018-09-25-04-00-22
1.0,113.33691443993344,23.15467475077926,2018-09-25-04-00-22
1.0,113.33716395218865,23.154674293796788,2018-09-25-04-00-22
1.0,113.34689572848613,23.154657147189727,2018-09-25-04-00-22
1.0,113.34664615604775,23.154907469869926,2018-09-25-04-00-22
1.0,113.33691440583398,23.155174555653733,2018-09-25-04-00-22
1.0,113.34714525102304,23.15515653297532,2018-09-25-04-00-22
1.0,113.33491832008951,23.155428138248485,2018-09-25-04-00-22
1.0,113.33516780890538,23.155677578517874,2018-09-25-04-00-22
1.0,113.33791240888877,23.155922439631897,2018-09-25-04-00-22
1.0,113.33491826896191,23.15617784593182,2018-09-25-04-00-22
1.0,113.33466874680335,23.156428211424537,2018-09-25-04-00-22
1.0,113.33716383283085,23.156423611475027,2018-09-25-04-00-22
1.0,113.346895608875,23.156406464856364,2018-09-25-04-00-22
1.0,113.34365147380962,23.156661918510903,2018-09-25-04-00-22
1.0,113.34440008038652,23.156910523897196,2018-09-25-04-00-22
1.0,113.34639646535743,23.156907111913423,2018-09-25-04-00-22
1.0,113.3453982113449,23.157658517364773,2018-09-25-04-00-22
1.0,113.33616568656656,23.157924860107364,2018-09-25-04-00-22
1.0,113.33691421827501,23.157923484995802,2018-09-25-04-00-22
1.0,113.33541711097163,23.158675949960056,2018-09-25-04-00-22
1.0,113.34190458997479,23.158664203533945,2018-09-25-04-00-22
1.0,113.34589720758724,23.15915708414065,2018-09-25-04-00-22
1.0,113.33466850819941,23.159926852028967,2018-09-25-04-00-22
1.0,113.33516751914301,23.1599259269106,2018-09-25-04-00-22
1.0,113.33491799625604,23.160176292338438,2018-09-25-04-00-22
1.0,113.33791210188518,23.160420691833124,2018-09-25-04-00-22
1.0,113.3406567420214,23.161665257742,2018-09-25-04-00-22
1.0,113.34739492872382,23.15340679864401,2018-09-25-04-00-22
1.0,113.34689574557277,23.154407244806933,2018-09-25-04-00-22
1.0,113.34889223840341,23.154403926038807,2018-09-25-04-00-22
1.0,113.34689572848613,23.154657147189727,2018-09-25-04-00-22
1.0,113.34864265472964,23.154654238947984,2018-09-25-04-00-22
1.0,113.34939135885948,23.154653011183846,2018-09-25-04-00-22
1.0,113.34664615604775,23.154907469869926,2018-09-25-04-00-22
1.0,113.34714525102304,23.15515653297532,2018-09-25-04-00-22
1.0,113.346895608875,23.156406464856364,2018-09-25-04-00-22
1.0,113.34440008038652,23.156910523897196,2018-09-25-04-00-22
1.0,113.34639646535743,23.156907111913423,2018-09-25-04-00-22
1.0,113.3453982113449,23.157658517364773,2018-09-25-04-00-22
1.0,113.34589720758724,23.15915708414065,2018-09-25-04-00-22
1.0,113.35113787453864,23.16214728015773,2018-09-25-04-00-22
1.0,113.34889169132414,23.162400819983002,2018-09-25-04-00-22
1.0,113.32843094593106,23.161937810416386,2018-09-25-04-00-22
1.0,113.3284309289102,23.1621877138807,2018-09-25-04-00-22
1.0,113.32843091188917,23.162437617381823,2018-09-25-04-00-22
1.0,113.32618547554212,23.162941701548686,2018-09-25-04-00-22
1.0,113.32768240736064,23.16293884806805,2018-09-25-04-00-22
1.0,113.32518750960699,23.1631935111017,2018-09-25-04-00-22
1.0,113.3271834118046,23.163189701984415,2018-09-25-04-00-22
1.0,113.32743290090386,23.163189226714934,2018-09-25-04-00-22
1.0,113.32593595391289,23.16344198506718,2018-09-25-04-00-22
1.0,113.3269339060153,23.16344008112526,2018-09-25-04-00-22
1.0,113.32718339478794,23.16343960563351,2018-09-25-04-00-22
1.0,113.32668440054007,23.163690460513127,2018-09-25-04-00-22
1.0,113.3271833777711,23.163689509319692,2018-09-25-04-00-22
1.0,113.32518745858081,23.163943222161286,2018-09-25-04-00-22
1.0,113.32693387198351,23.16393988853484,2018-09-25-04-00-22
1.0,113.32718336075412,23.16393941304301,2018-09-25-04-00-22
1.0,113.32743284985037,23.163938937773406,2018-09-25-04-00-22
1.0,113.33741283428277,23.16392025092461,2018-09-25-04-00-22
1.0,113.32518744157174,23.16419312592212,2018-09-25-04-00-22
1.0,113.32768232226644,23.164188366498813,2018-09-25-04-00-22
1.0,113.32493793791647,23.164443506544814,2018-09-25-04-00-22
1.0,113.32743281581386,23.16443874533158,2018-09-25-04-00-22
1.0,113.33441869701686,23.164425578166536,2018-09-25-04-00-22
1.0,113.32743279879537,23.164688649166592,2018-09-25-04-00-22
1.0,113.33391967338244,23.1646764106357,2018-09-25-04-00-22
1.0,113.33466815023218,23.16517482632599,2018-09-25-04-00-22
1.0,113.33516716113468,23.16517390120587,2018-09-25-04-00-22
1.0,113.32643479327828,23.165440263259274,2018-09-25-04-00-22
1.0,113.33317111749065,23.16542751944886,2018-09-25-04-00-22
1.0,113.33541663360683,23.165673247493775,2018-09-25-04-00-22
1.0,113.32693373584969,23.165939119665172,2018-09-25-04-00-22
1.0,113.3339195881577,23.165925930366786,2018-09-25-04-00-22
1.0,113.33441857768847,23.166174905789862,2018-09-25-04-00-22
1.0,113.33591559790271,23.166422038284818,2018-09-25-04-00-22
1.0,113.32593573274693,23.1666907359025,2018-09-25-04-00-22
1.0,113.33441852654522,23.1669246181926,2018-09-25-04-00-22
1.0,113.33441850949714,23.16717452240247,2018-09-25-04-00-22
1.0,113.32643465715263,23.167439496193857,2018-09-25-04-00-22
1.0,113.32693363374233,23.167438544591832,2018-09-25-04-00-22
1.0,113.3274326115809,23.167437593829238,2018-09-25-04-00-22
1.0,113.33416897176835,23.167674794970377,2018-09-25-04-00-22
1.0,113.33566598746972,23.16792192402893,2018-09-25-04-00-22
1.0,113.32768204993702,23.168186831768296,2018-09-25-04-00-22
1.0,113.33416886948025,23.169174221485203,2018-09-25-04-00-22
1.0,113.33766197290213,23.16941768676162,2018-09-25-04-00-22
1.0,113.33292125931627,23.17067597782207,2018-09-25-04-00-22
1.0,113.33317075957034,23.170675511072325,2018-09-25-04-00-22
1.0,113.32718286718901,23.171186637419638,2018-09-25-04-00-22
1.0,113.32818082554468,23.171184737793425,2018-09-25-04-00-22
1.0,113.33192323041816,23.171177659367082,2018-09-25-04-00-22
1.0,113.32793130137021,23.17168502208765,2018-09-25-04-00-22
1.0,113.32892926418832,23.17168312564715,2018-09-25-04-00-22
1.0,113.32942824806042,23.171682179230093,2018-09-25-04-00-22
1.0,113.33441818555187,23.1719227096539,2018-09-25-04-00-22
1.0,113.3349171949354,23.17192178333524,2018-09-25-04-00-22
1.0,113.34165476896628,23.162913000638717,2018-09-25-04-00-22
1.0,113.34764380452307,23.163402499439133,2018-09-25-04-00-22
1.0,113.34240331338977,23.163661390359366,2018-09-25-04-00-22
1.0,113.34265284751778,23.16366095186969,2018-09-25-04-00-22
1.0,113.33741283428277,23.16392025092461,2018-09-25-04-00-22
1.0,113.3386603788864,23.16441778826387,2018-09-25-04-00-22
1.0,113.3389098973899,23.164417336532495,2018-09-25-04-00-22
1.0,113.33816131055626,23.16491850177845,2018-09-25-04-00-22
1.0,113.33890986326205,23.164917144236036,2018-09-25-04-00-22
1.0,113.3399079469033,23.16491534541851,2018-09-25-04-00-22
1.0,113.33516716113468,23.16517390120587,2018-09-25-04-00-22
1.0,113.33541663360683,23.165673247493775,2018-09-25-04-00-22
1.0,113.3404069093365,23.166163970956475,2018-09-25-04-00-22
1.0,113.33591559790271,23.166422038284818,2018-09-25-04-00-22
1.0,113.34140493195937,23.16741171360649,2018-09-25-04-00-22
1.0,113.33566598746972,23.16792192402893,2018-09-25-04-00-22
1.0,113.34015724837852,23.1681636515388,2018-09-25-04-00-22
1.0,113.34140488073298,23.16816142657425,2018-09-25-04-00-22
1.0,113.34165439331676,23.168410888688534,2018-09-25-04-00-22
1.0,113.34015721423614,23.168663460374916,2018-09-25-04-00-22
1.0,113.34165437623986,23.168660793125422,2018-09-25-04-00-22
1.0,113.3473938860658,23.16865090134761,2018-09-25-04-00-22
1.0,113.34065622988952,23.169162376717125,2018-09-25-04-00-22
1.0,113.33766197290213,23.16941768676162,2018-09-25-04-00-22
1.0,113.34739383477145,23.16940061488494,2018-09-25-04-00-22
1.0,113.34040665325834,23.1699125363762,2018-09-25-04-00-22
1.0,113.34614602401996,23.169902525368315,2018-09-25-04-00-22
1.0,113.34714424254322,23.169900842001415,2018-09-25-04-00-22
1.0,113.3473938005744,23.169900424101712,2018-09-25-04-00-22
1.0,113.34265240344999,23.170158460838007,2018-09-25-04-00-22
1.0,113.34764332579111,23.170399816772516,2018-09-25-04-00-22
1.0,113.34639552534932,23.170651816899014,2018-09-25-04-00-22
1.0,113.3466450792974,23.17065139546874,2018-09-25-04-00-22
1.0,113.34365050018575,23.17090643100664,2018-09-25-04-00-22
1.0,113.34664506220076,23.170901300250822,2018-09-25-04-00-22
1.0,113.3471441741506,23.170900460897602,2018-09-25-04-00-22
1.0,113.34365048309976,23.171156335827956,2018-09-25-04-00-22
1.0,113.34414956421398,23.171155469901205,2018-09-25-04-00-22
1.0,113.34489819507861,23.17115417890714,2018-09-25-04-00-22
1.0,113.34215325097279,23.17140886270041,2018-09-25-04-00-22
1.0,113.3434009101725,23.171656580094403,2018-09-25-04-00-22
1.0,113.3453972544134,23.171653133403478,2018-09-25-04-00-22
1.0,113.34739368087936,23.171649757576123,2018-09-25-04-00-22
1.0,113.34764324028943,23.171649340875927,2018-09-25-04-00-22
1.0,113.3349171949354,23.17192178333524,2018-09-25-04-00-22
1.0,113.34414951294957,23.171905184597765,2018-09-25-04-00-22
1.0,113.35113787453864,23.16214728015773,2018-09-25-04-00-22
1.0,113.34889169132414,23.162400819983002,2018-09-25-04-00-22
1.0,113.34764380452307,23.163402499439133,2018-09-25-04-00-22
1.0,113.35363361000911,23.16439250301199,2018-09-25-04-00-22
1.0,113.35338397943534,23.164892695229973,2018-09-25-04-00-22
1.0,113.35238559359901,23.165144151786937,2018-09-25-04-00-22
1.0,113.35313435054,23.16539288906601,2018-09-25-04-00-22
1.0,113.35113763503253,23.165645932493803,2018-09-25-04-00-22
1.0,113.35263511485176,23.166143377457043,2018-09-25-04-00-22
1.0,113.35388305398007,23.166641255795618,2018-09-25-04-00-22
1.0,113.35238547380688,23.166893480177805,2018-09-25-04-00-22
1.0,113.34964007482944,23.16714776957273,2018-09-25-04-00-22
1.0,113.3473938860658,23.16865090134761,2018-09-25-04-00-22
1.0,113.34839209797956,23.16914905084848,2018-09-25-04-00-22
1.0,113.34914079758168,23.169147819272087,2018-09-25-04-00-22
1.0,113.34739383477145,23.16940061488494,2018-09-25-04-00-22
1.0,113.34614602401996,23.169902525368315,2018-09-25-04-00-22
1.0,113.34714424254322,23.169900842001415,2018-09-25-04-00-22
1.0,113.3473938005744,23.169900424101712,2018-09-25-04-00-22
1.0,113.34764332579111,23.170399816772516,2018-09-25-04-00-22
1.0,113.35013899883471,23.170395718272506,2018-09-25-04-00-22
1.0,113.35413239689458,23.170389440773327,2018-09-25-04-00-22
1.0,113.34639552534932,23.170651816899014,2018-09-25-04-00-22
1.0,113.3466450792974,23.17065139546874,2018-09-25-04-00-22
1.0,113.34988940778274,23.17064602709062,2018-09-25-04-00-22
1.0,113.35413237977271,23.170639345515433,2018-09-25-04-00-22
1.0,113.34664506220076,23.170901300250822,2018-09-25-04-00-22
1.0,113.3471441741506,23.170900460897602,2018-09-25-04-00-22
1.0,113.35488117209091,23.17088811468882,2018-09-25-04-00-22
1.0,113.34489819507861,23.17115417890714,2018-09-25-04-00-22
1.0,113.35163642350895,23.171143036372836,2018-09-25-04-00-22
1.0,113.35013893039913,23.17139533747595,2018-09-25-04-00-22
1.0,113.35188599123184,23.171392546662815,2018-09-25-04-00-22
1.0,113.3551307444634,23.171387548882034,2018-09-25-04-00-22
1.0,113.3453972544134,23.171653133403478,2018-09-25-04-00-22
1.0,113.34739368087936,23.171649757576123,2018-09-25-04-00-22
1.0,113.34764324028943,23.171649340875927,2018-09-25-04-00-22
1.0,113.32718286718901,23.171186637419638,2018-09-25-04-00-22
1.0,113.32818082554468,23.171184737793425,2018-09-25-04-00-22
1.0,113.33192323041816,23.171177659367082,2018-09-25-04-00-22
1.0,113.32793130137021,23.17168502208765,2018-09-25-04-00-22
1.0,113.32892926418832,23.17168312564715,2018-09-25-04-00-22
1.0,113.32942824806042,23.171682179230093,2018-09-25-04-00-22
1.0,113.33441818555187,23.1719227096539,2018-09-25-04-00-22
1.0,113.3349171949354,23.17192178333524,2018-09-25-04-00-22
1.0,113.33691324605488,23.17216800818636,2018-09-25-04-00-22
1.0,113.33366964269479,23.17242391344535,2018-09-25-04-00-22
1.0,113.33741225422533,23.172416999946346,2018-09-25-04-00-22
1.0,113.33766176814234,23.17241654440107,2018-09-25-04-00-22
1.0,113.33791128294428,23.172416089594087,2018-09-25-04-00-22
1.0,113.32618481193336,23.172687970363096,2018-09-25-04-00-22
1.0,113.32843021388354,23.172683693294594,2018-09-25-04-00-22
1.0,113.33541615611114,23.17267057448506,2018-09-25-04-00-22
1.0,113.33666370059188,23.17266827594652,2018-09-25-04-00-22
1.0,113.33716272411766,23.172667361273668,2018-09-25-04-00-22
1.0,113.33791126587892,23.172665994649844,2018-09-25-04-00-22
1.0,113.32743223709153,23.172935497005856,2018-09-25-04-00-22
1.0,113.33267160629634,23.172925589536472,2018-09-25-04-00-22
1.0,113.32668375385423,23.173186828609328,2018-09-25-04-00-22
1.0,113.32942814586964,23.17318160945643,2018-09-25-04-00-22
1.0,113.33366959154787,23.173173628732112,2018-09-25-04-00-22
1.0,113.32718271398515,23.173435782587763,2018-09-25-04-00-22
1.0,113.32892914497921,23.17343246104871,2018-09-25-04-00-22
1.0,113.32843014577043,23.17368331391551,2018-09-25-04-00-22
1.0,113.32917861966027,23.17368189289327,2018-09-25-04-00-22
1.0,113.32892911091797,23.173932271515998,2018-09-25-04-00-22
1.0,113.32917860262856,23.173931798146533,2018-09-25-04-00-22
1.0,113.3374121518422,23.173916430868992,2018-09-25-04-00-22
1.0,113.32593522225658,23.17418787779116,2018-09-25-04-00-22
1.0,113.32643419764992,23.174186925446385,2018-09-25-04-00-22
1.0,113.32693317418502,23.174185973842125,2018-09-25-04-00-22
1.0,113.32718266291421,23.1741854983486,2018-09-25-04-00-22
1.0,113.32743215196905,23.1741850230773,2018-09-25-04-00-22
1.0,113.32818062122145,23.1741835987204,2018-09-25-04-00-22
1.0,113.32843011171288,23.174183124461653,2018-09-25-04-00-22
1.0,113.32942807773911,23.174181230390793,2018-09-25-04-00-22
1.0,113.32693315716203,23.17443587917456,2018-09-25-04-00-22
1.0,113.32743213494406,23.17443492840965,2018-09-25-04-00-22
1.0,113.32867958556695,23.174432555819102,2018-09-25-04-00-22
1.0,113.32718262886607,23.17468530905286,2018-09-25-04-00-22
1.0,113.3274321179189,23.174684833781477,2018-09-25-04-00-22
1.0,113.32967751922511,23.174930473790337,2018-09-25-04-00-22
1.0,113.32668360065657,23.175435976603215,2018-09-25-04-00-22
1.0,113.32768155623125,23.17543407509747,2018-09-25-04-00-22
1.0,113.32793104597253,23.175433600307507,2018-09-25-04-00-22
1.0,113.32768153920442,23.175683980627717,2018-09-25-04-00-22
1.0,113.32793102894469,23.175683505837714,2018-09-25-04-00-22
1.0,113.32892899169838,23.175681609394566,2018-09-25-04-00-22
1.0,113.3376615462921,23.175665313191825,2018-09-25-04-00-22
1.0,113.33516642784024,23.175919805436482,2018-09-25-04-00-22
1.0,113.3256855988066,23.1761875979799,2018-09-25-04-00-22
1.0,113.33466738291165,23.176420541817325,2018-09-25-04-00-22
1.0,113.33741198119029,23.176415485562234,2018-09-25-04-00-22
1.0,113.33641391710822,23.176667220574245,2018-09-25-04-00-22
1.0,113.32618450556697,23.17718626814061,2018-09-25-04-00-22
1.0,113.3276814200119,23.17743332045546,2018-09-25-04-00-22
1.0,113.33616435625014,23.177417396933958,2018-09-25-04-00-22
1.0,113.33691288773169,23.177416021812594,2018-09-25-04-00-22
1.0,113.33766142682258,23.177414653007908,2018-09-25-04-00-22
1.0,113.33791094160527,23.177414198200083,2018-09-25-04-00-22
1.0,113.32618447152294,23.177686079800484,2018-09-25-04-00-22
1.0,113.33117429740446,23.177676607338086,2018-09-25-04-00-22
1.0,113.32593496695522,23.177936461950054,2018-09-25-04-00-22
1.0,113.3276813689269,23.17818303812531,2018-09-25-04-00-22
1.0,113.33142375939063,23.17817594912168,2018-09-25-04-00-22
1.0,113.32693288477182,23.178434369899406,2018-09-25-04-00-22
1.0,113.32743186252151,23.178433419133174,2018-09-25-04-00-22
1.0,113.33666330815342,23.17841610313506,2018-09-25-04-00-22
1.0,113.32693286774601,23.178684275910328,2018-09-25-04-00-22
1.0,113.32718235645702,23.178683800416056,2018-09-25-04-00-22
2.0,113.33666329108888,23.178666009144358,2018-09-25-04-00-22
1.0,113.33766134148219,23.17866418265068,2018-09-25-04-00-22
1.0,113.32693285072004,23.17893418196164,2018-09-25-04-00-22
1.0,113.33067522166098,23.178927078506053,2018-09-25-04-00-22
1.0,113.33741181052166,23.178914544246577,2018-09-25-04-00-22
1.0,113.32867926196465,23.179180764692443,2018-09-25-04-00-22
1.0,113.33741179345388,23.17916445033659,2018-09-25-04-00-22
1.0,113.3269328166676,23.179433994185665,2018-09-25-04-00-22
1.0,113.32718230537557,23.179433518691273,2018-09-25-04-00-22
1.0,113.32743179440921,23.179433043419102,2018-09-25-04-00-22
1.0,113.33117417810425,23.179425949410337,2018-09-25-04-00-22
1.0,113.33317016287295,23.17942220191856,2018-09-25-04-00-22
1.0,113.33466717823575,23.17941941272772,2018-09-25-04-00-22
1.0,113.33691275120823,23.179415269726345,2018-09-25-04-00-22
1.0,113.33716226336774,23.17941481273972,2018-09-25-04-00-22
1.0,113.32768126675239,23.17968247455422,2018-09-25-04-00-22
1.0,113.33042567605133,23.179677268159345,2018-09-25-04-00-22
1.0,113.33466716117833,23.179669318899258,2018-09-25-04-00-22
1.0,113.3374117593178,23.179664262638177,2018-09-25-04-00-22
1.0,113.3379107879809,23.17966335228348,2018-09-25-04-00-22
1.0,113.32568534350045,23.179936186944865,2018-09-25-04-00-22
1.0,113.32743176035206,23.17993285580518,2018-09-25-04-00-22
1.0,113.33192263388258,23.179924352997322,2018-09-25-04-00-22
1.0,113.33317012876978,23.17992201430273,2018-09-25-04-00-22
1.0,113.3336691311581,23.179921082367674,2018-09-25-04-00-22
1.0,113.33466714412076,23.179919225111394,2018-09-25-04-00-22
1.0,113.3259348137564,23.180185616779003,2018-09-25-04-00-22
1.0,113.32718225429262,23.180183237331484,2018-09-25-04-00-22
1.0,113.33192261683571,23.18017425925058,2018-09-25-04-00-22
1.0,113.3336691141043,23.180170988620645,2018-09-25-04-00-22
1.0,113.33766123906821,23.18016361955562,2018-09-25-04-00-22
1.0,113.33791075384032,23.180163164747334,2018-09-25-04-00-22
1.0,113.3309246144068,23.180426044798292,2018-09-25-04-00-22
1.0,113.32643375505108,23.18068447706279,2018-09-25-04-00-22
1.0,113.33192258274146,23.180674071879306,2018-09-25-04-00-22
1.0,113.33317007761377,23.18067173318409,2018-09-25-04-00-22
1.0,113.32618425022044,23.180934859526392,2018-09-25-04-00-22
1.0,113.32643373802581,23.180934383439272,2018-09-25-04-00-22
1.0,113.33366906294187,23.180920707624065,2018-09-25-04-00-22
1.0,113.34365050018575,23.17090643100664,2018-09-25-04-00-22
1.0,113.34664506220076,23.170901300250822,2018-09-25-04-00-22
1.0,113.3471441741506,23.170900460897602,2018-09-25-04-00-22
1.0,113.34365048309976,23.171156335827956,2018-09-25-04-00-22
1.0,113.34414956421398,23.171155469901205,2018-09-25-04-00-22
1.0,113.34489819507861,23.17115417890714,2018-09-25-04-00-22
1.0,113.34215325097279,23.17140886270041,2018-09-25-04-00-22
1.0,113.3434009101725,23.171656580094403,2018-09-25-04-00-22
1.0,113.3453972544134,23.171653133403478,2018-09-25-04-00-22
1.0,113.34739368087936,23.171649757576123,2018-09-25-04-00-22
1.0,113.34764324028943,23.171649340875927,2018-09-25-04-00-22
1.0,113.3349171949354,23.17192178333524,2018-09-25-04-00-22
1.0,113.34414951294957,23.171905184597765,2018-09-25-04-00-22
1.0,113.33691324605488,23.17216800818636,2018-09-25-04-00-22
1.0,113.3404064995934,23.172161679774636,2018-09-25-04-00-22
1.0,113.34215319972996,23.172158577514644,2018-09-25-04-00-22
1.0,113.34389995470323,23.17215552201939,2018-09-25-04-00-22
1.0,113.34739364667928,23.172149567489388,2018-09-25-04-00-22
1.0,113.33741225422533,23.172416999946346,2018-09-25-04-00-22
1.0,113.33766176814234,23.17241654440107,2018-09-25-04-00-22
1.0,113.33791128294428,23.172416089594087,2018-09-25-04-00-22
1.0,113.34514765574279,23.17240327541627,2018-09-25-04-00-22
1.0,113.34639540567558,23.172401151188918,2018-09-25-04-00-22
1.0,113.33541615611114,23.17267057448506,2018-09-25-04-00-22
1.0,113.33666370059188,23.17266827594652,2018-09-25-04-00-22
1.0,113.33716272411766,23.172667361273668,2018-09-25-04-00-22
1.0,113.33791126587892,23.172665994649844,2018-09-25-04-00-22
1.0,113.33816078157797,23.17266554059323,2018-09-25-04-00-22
1.0,113.33816076451147,23.172915445688048,2018-09-25-04-00-22
1.0,113.33841028112079,23.172914992393913,2018-09-25-04-00-22
1.0,113.34539716894754,23.172902658480936,2018-09-25-04-00-22
1.0,113.34714403735731,23.17289970055208,2018-09-25-04-00-22
1.0,113.33865978158582,23.173164445008286,2018-09-25-04-00-22
1.0,113.33890930005587,23.173163993275438,2018-09-25-04-00-22
1.0,113.34514760446498,23.173152990697208,2018-09-25-04-00-22
1.0,113.34539715185387,23.173152563613673,2018-09-25-04-00-22
1.0,113.34589625049894,23.173151712780278,2018-09-25-04-00-22
1.0,113.34639535438431,23.173150866469214,2018-09-25-04-00-22
1.0,113.33890928298618,23.173413898448494,2018-09-25-04-00-22
1.0,113.33915880240578,23.17341344751438,2018-09-25-04-00-22
1.0,113.34340079057007,23.173405915478945,2018-09-25-04-00-22
1.0,113.34389986926293,23.17340504748887,2018-09-25-04-00-22
1.0,113.3443989527911,23.173404183647417,2018-09-25-04-00-22
1.0,113.34489804125633,23.173403324048476,2018-09-25-04-00-22
1.0,113.34539713476003,23.173402468785625,2018-09-25-04-00-22
1.0,113.34564668343293,23.173402042809396,2018-09-25-04-00-22
1.0,113.34789268138148,23.173398260766135,2018-09-25-04-00-22
1.0,113.33940830571719,23.17366290260334,2018-09-25-04-00-22
1.0,113.34290169952558,23.173656692735108,2018-09-25-04-00-22
1.0,113.34414939332675,23.17365452025512,2018-09-25-04-00-22
1.0,113.34439893570071,23.173654088858804,2018-09-25-04-00-22
1.0,113.34464847930893,23.17365365852312,2018-09-25-04-00-22
1.0,113.34489802416412,23.173653229259774,2018-09-25-04-00-22
1.0,113.34689442941179,23.173649835155757,2018-09-25-04-00-22
1.0,113.3374121518422,23.173916430868992,2018-09-25-04-00-22
1.0,113.33965781000313,23.17391235855441,2018-09-25-04-00-22
1.0,113.34090543189778,23.17391012481594,2018-09-25-04-00-22
1.0,113.34389983508564,23.17390485795113,2018-09-25-04-00-22
1.0,113.34439891861015,23.173903994109505,2018-09-25-04-00-22
1.0,113.34464846221746,23.173903563773777,2018-09-25-04-00-22
1.0,113.34514755318567,23.17390270633103,2018-09-25-04-00-22
1.0,113.33990731527668,23.174161815379687,2018-09-25-04-00-22
1.0,113.34389981799673,23.17415476324129,2018-09-25-04-00-22
1.0,113.34514753609223,23.17415261162098,2018-09-25-04-00-22
1.0,113.34689439521256,23.17414964569567,2018-09-25-04-00-22
1.0,113.3399072982025,23.174411720709955,2018-09-25-04-00-22
1.0,113.34315118466077,23.174405972082813,2018-09-25-04-00-22
1.0,113.34489797288651,23.174402945129795,2018-09-25-04-00-22
1.0,113.34514751899862,23.17440251695035,2018-09-25-04-00-22
1.0,113.34664482283026,23.174399971290367,2018-09-25-04-00-22
6.0,113.34714393475531,23.174399131935942,2018-09-25-04-00-22
1.0,113.33816064504137,23.17466478245114,2018-09-25-04-00-22
1.0,113.33940823742844,23.17466252384599,2018-09-25-04-00-22
1.0,113.34015680447557,23.174661178460944,2018-09-25-04-00-22
1.0,113.34165396634403,23.174658511205354,2018-09-25-04-00-22
1.0,113.34290163118436,23.174656313975387,2018-09-25-04-00-22
1.0,113.34389978381843,23.17465457393994,2018-09-25-04-00-22
1.0,113.34489795579364,23.17465285049869,2018-09-25-04-00-22
1.0,113.3473934756688,23.174648619403925,2018-09-25-04-00-22
1.0,113.33940822035584,23.174912429255354,2018-09-25-04-00-22
1.0,113.34015678740013,23.17491108387018,2018-09-25-04-00-22
1.0,113.34315115048764,23.174905782860733,2018-09-25-04-00-22
1.0,113.34539703219347,23.174901900643754,2018-09-25-04-00-22
1.0,113.34564658086097,23.174901474667266,2018-09-25-04-00-22
1.0,113.34589613082598,23.17490104980976,2018-09-25-04-00-22
1.0,113.34689434391245,23.17489936180138,2018-09-25-04-00-22
1.0,113.33865964503121,23.175163687495473,2018-09-25-04-00-22
1.0,113.34015677032451,23.175160989319007,2018-09-25-04-00-22
1.0,113.34040629468572,23.17516054255911,2018-09-25-04-00-22
1.0,113.34290159701274,23.175156124832515,2018-09-25-04-00-22
1.0,113.34365020970141,23.175154818279367,2018-09-25-04-00-22
1.0,113.34414929078638,23.17515395235125,2018-09-25-04-00-22
1.0,113.34514746771679,23.17515223317556,2018-09-25-04-00-22
1.0,113.34689432681208,23.17514926724905,2018-09-25-04-00-22
1.0,113.33816059383739,23.175414498798673,2018-09-25-04-00-22
1.0,113.33865962796114,23.17541359298419,2018-09-25-04-00-22
1.0,113.33990722990417,23.17541134242635,2018-09-25-04-00-22
1.0,113.34040627760899,23.175410448047533,2018-09-25-04-00-22
1.0,113.34265204469726,23.175406467834023,2018-09-25-04-00-22
1.0,113.34290157992668,23.175406030320513,2018-09-25-04-00-22
1.0,113.34464835966517,23.175402996106435,2018-09-25-04-00-22
1.0,113.34664475443266,23.175399593002158,2018-09-25-04-00-22
1.0,113.34764298375926,23.175397919045892,2018-09-25-04-00-22
1.0,113.3376615462921,23.175665313191825,2018-09-25-04-00-22
1.0,113.3404062605321,23.17566035357565,2018-09-25-04-00-22
1.0,113.34464834257254,23.175652901633832,2018-09-25-04-00-22
1.0,113.33516642784024,23.175919805436482,2018-09-25-04-00-22
1.0,113.33890911228004,23.175912952347456,2018-09-25-04-00-22
1.0,113.339907195754,23.17591115352251,2018-09-25-04-00-22
1.0,113.34015671909667,23.175910705903544,2018-09-25-04-00-22
1.0,113.34040624345504,23.17591025914352,2018-09-25-04-00-22
1.0,113.34539696381242,23.17590152267354,2018-09-25-04-00-22
1.0,113.34689427550995,23.175898983830134,2018-09-25-04-00-22
1.0,113.3389090952085,23.17616285795538,2018-09-25-04-00-22
1.0,113.34065575176396,23.176159718862056,2018-09-25-04-00-22
1.0,113.34689425840891,23.176148889436696,2018-09-25-04-00-22
1.0,113.34714381504534,23.17614847034759,2018-09-25-04-00-22
1.0,113.33741198119029,23.176415485562234,2018-09-25-04-00-22
1.0,113.33915859754495,23.176412312668546,2018-09-25-04-00-22
1.0,113.34040620930041,23.176410070398724,2018-09-25-04-00-22
1.0,113.34090526111252,23.176409179503278,2018-09-25-04-00-22
1.0,113.34464829129362,23.176402618454734,2018-09-25-04-00-22
1.0,113.34489783613884,23.17640218919092,2018-09-25-04-00-22
1.0,113.34564647828299,23.176400907950296,2018-09-25-04-00-22
1.0,113.3458960282426,23.17640048309253,2018-09-25-04-00-22
1.0,113.33641391710822,23.176667220574245,2018-09-25-04-00-22
1.0,113.33816050849407,23.176664026839205,2018-09-25-04-00-22
1.0,113.33890906106494,23.17666266929086,2018-09-25-04-00-22
1.0,113.33915858047213,23.1766622183562,2018-09-25-04-00-22
1.0,113.33990714452747,23.176660870465405,2018-09-25-04-00-22
1.0,113.3401566678673,23.176660422846314,2018-09-25-04-00-22
1.0,113.34065571760712,23.176659530196947,2018-09-25-04-00-22
1.0,113.34464827420031,23.176652524141453,2018-09-25-04-00-22
1.0,113.34614556241364,23.176649965051812,2018-09-25-04-00-22
1.0,113.3381604914249,23.17691393256699,2018-09-25-04-00-22
1.0,113.33940808376899,23.176911673959946,2018-09-25-04-00-22
1.0,113.34015665079052,23.17691032857376,2018-09-25-04-00-22
1.0,113.34065570052844,23.17690943592431,2018-09-25-04-00-22
1.0,113.34439871351043,23.176902860204375,2018-09-25-04-00-22
1.0,113.34489780195025,23.176902000604233,2018-09-25-04-00-22
1.0,113.34689420710478,23.176898606495744,2018-09-25-04-00-22
1.0,113.34065568344961,23.17715934169169,2018-09-25-04-00-22
1.0,113.34564642699173,23.177150625129887,2018-09-25-04-00-22
1.0,113.34614552821573,23.17714977654468,2018-09-25-04-00-22
1.0,113.33616435625014,23.177417396933958,2018-09-25-04-00-22
1.0,113.33691288773169,23.177416021812594,2018-09-25-04-00-22
1.0,113.33766142682258,23.177414653007908,2018-09-25-04-00-22
1.0,113.33791094160527,23.177414198200083,2018-09-25-04-00-22
1.0,113.33840997387811,23.177413290847785,2018-09-25-04-00-22
1.0,113.34090519279373,23.17740880249271,2018-09-25-04-00-22
1.0,113.34564640989431,23.177400530936488,2018-09-25-04-00-22
1.0,113.34639506370534,23.177399259766023,2018-09-25-04-00-22
1.0,113.33865947432291,23.17766274417543,2018-09-25-04-00-22
1.0,113.33990707622311,23.177660493615694,2018-09-25-04-00-22
1.0,113.34115470319047,23.177658264228636,2018-09-25-04-00-22
1.0,113.34589594275187,23.177650011925234,2018-09-25-04-00-22
1.0,113.34115468610925,23.177908170116318,2018-09-25-04-00-22
1.0,113.33816040607657,23.178163461807276,2018-09-25-04-00-22
1.0,113.34040608975396,23.178159411051958,2018-09-25-04-00-22
1.0,113.34190325791023,23.178156749197754,2018-09-25-04-00-22
1.0,113.3421527897332,23.17815630878485,2018-09-25-04-00-22
1.0,113.34664456632542,23.178148555994856,2018-09-25-04-00-22
1.0,113.33666330815342,23.17841610313506,2018-09-25-04-00-22
1.0,113.33865942310716,23.178412461960484,2018-09-25-04-00-22
1.0,113.33890894155716,23.178412010226747,2018-09-25-04-00-22
1.0,113.33940798132183,23.178411109167673,2018-09-25-04-00-22
1.0,113.3421527726479,23.178406214752876,2018-09-25-04-00-22
1.0,113.34265183966257,23.178405336802193,2018-09-25-04-00-22
1.0,113.34664454922377,23.17839846196211,2018-09-25-04-00-22
1.0,113.346894104492,23.1783980416958,2018-09-25-04-00-22
2.0,113.33666329108888,23.178666009144358,2018-09-25-04-00-22
1.0,113.33766134148219,23.17866418265068,2018-09-25-04-00-22
1.0,113.33890892448396,23.17866191623567,2018-09-25-04-00-22
1.0,113.33741181052166,23.178914544246577,2018-09-25-04-00-22
1.0,113.33816035486556,23.178913179834467,2018-09-25-04-00-22
1.0,113.34240227141625,23.178905587351426,2018-09-25-04-00-22
1.0,113.33741179345388,23.17916445033659,2018-09-25-04-00-22
1.0,113.3381603377949,23.17916308592435,2018-09-25-04-00-22
1.0,113.33691275120823,23.179415269726345,2018-09-25-04-00-22
1.0,113.33716226336774,23.17941481273972,2018-09-25-04-00-22
1.0,113.33840983730843,23.179412538759518,2018-09-25-04-00-22
1.0,113.33865935481715,23.179412086238912,2018-09-25-04-00-22
1.0,113.3374117593178,23.179664262638177,2018-09-25-04-00-22
1.0,113.3379107879809,23.17966335228348,2018-09-25-04-00-22
1.0,113.3394078959446,23.179660639616333,2018-09-25-04-00-22
1.0,113.33965741728062,23.179660190314884,2018-09-25-04-00-22
1.0,113.33840980316434,23.179912351141933,2018-09-25-04-00-22
1.0,113.33890883911542,23.179911446887257,2018-09-25-04-00-22
1.0,113.33915835851022,23.179910995952046,2018-09-25-04-00-22
1.0,113.33965740020373,23.179910096526186,2018-09-25-04-00-22
1.0,113.33990692252851,23.17990964805961,2018-09-25-04-00-22
1.0,113.33766123906821,23.18016361955562,2018-09-25-04-00-22
1.0,113.33791075384032,23.180163164747334,2018-09-25-04-00-22
1.0,113.33915834143507,23.180160902204097,2018-09-25-04-00-22
1.0,113.33940786179254,23.180160452079683,2018-09-25-04-00-22
1.0,113.3399069054505,23.180159554311533,2018-09-25-04-00-22
1.0,113.33816025243904,23.180412616982395,2018-09-25-04-00-22
1.0,113.3389087878923,23.18066116576573,2018-09-25-04-00-22
1.0,113.34290122108072,23.18065405482106,2018-09-25-04-00-22
1.0,113.34639552534932,23.170651816899014,2018-09-25-04-00-22
1.0,113.3466450792974,23.17065139546874,2018-09-25-04-00-22
1.0,113.34988940778274,23.17064602709062,2018-09-25-04-00-22
1.0,113.35413237977271,23.170639345515433,2018-09-25-04-00-22
1.0,113.34664506220076,23.170901300250822,2018-09-25-04-00-22
1.0,113.3471441741506,23.170900460897602,2018-09-25-04-00-22
1.0,113.35488117209091,23.17088811468882,2018-09-25-04-00-22
1.0,113.34489819507861,23.17115417890714,2018-09-25-04-00-22
1.0,113.35163642350895,23.171143036372836,2018-09-25-04-00-22
1.0,113.35013893039913,23.17139533747595,2018-09-25-04-00-22
1.0,113.35188599123184,23.171392546662815,2018-09-25-04-00-22
1.0,113.3551307444634,23.171387548882034,2018-09-25-04-00-22
1.0,113.3453972544134,23.171653133403478,2018-09-25-04-00-22
1.0,113.34739368087936,23.171649757576123,2018-09-25-04-00-22
1.0,113.34764324028943,23.171649340875927,2018-09-25-04-00-22
1.0,113.34739364667928,23.172149567489388,2018-09-25-04-00-22
1.0,113.35113719014825,23.172143449341874,2018-09-25-04-00-22
1.0,113.34514765574279,23.17240327541627,2018-09-25-04-00-22
1.0,113.34639540567558,23.172401151188918,2018-09-25-04-00-22
1.0,113.34889100723372,23.172396990700015,2018-09-25-04-00-22
1.0,113.3498892880235,23.17239536137628,2018-09-25-04-00-22
1.0,113.35013886196086,23.172394957300668,2018-09-25-04-00-22
1.0,113.35088759294358,23.17239375306633,2018-09-25-04-00-22
1.0,113.34889099012803,23.172646895753896,2018-09-25-04-00-22
1.0,113.34539716894754,23.172902658480936,2018-09-25-04-00-22
1.0,113.34714403735731,23.17289970055208,2018-09-25-04-00-22
1.0,113.34514760446498,23.173152990697208,2018-09-25-04-00-22
1.0,113.34539715185387,23.173152563613673,2018-09-25-04-00-22
1.0,113.34589625049894,23.173151712780278,2018-09-25-04-00-22
1.0,113.34639535438431,23.173150866469214,2018-09-25-04-00-22
1.0,113.3508875416055,23.173143468344282,2018-09-25-04-00-22
1.0,113.35113712169445,23.17314306963413,2018-09-25-04-00-22
1.0,113.35138670335215,23.17314267229326,2018-09-25-04-00-22
1.0,113.34489804125633,23.173403324048476,2018-09-25-04-00-22
1.0,113.34539713476003,23.173402468785625,2018-09-25-04-00-22
1.0,113.34564668343293,23.173402042809396,2018-09-25-04-00-22
1.0,113.34789268138148,23.173398260766135,2018-09-25-04-00-22
1.0,113.34988921958596,23.17339498182593,2018-09-25-04-00-22
1.0,113.35113710458059,23.173392974805086,2018-09-25-04-00-22
1.0,113.34464847930893,23.17365365852312,2018-09-25-04-00-22
1.0,113.34489802416412,23.173653229259774,2018-09-25-04-00-22
1.0,113.34689442941179,23.173649835155757,2018-09-25-04-00-22
1.0,113.3516362523594,23.173642086713766,2018-09-25-04-00-22
1.0,113.34464846221746,23.173903563773777,2018-09-25-04-00-22
1.0,113.34514755318567,23.17390270633103,2018-09-25-04-00-22
1.0,113.35113707035234,23.173892785264833,2018-09-25-04-00-22
1.0,113.34514753609223,23.17415261162098,2018-09-25-04-00-22
1.0,113.34689439521256,23.17414964569567,2018-09-25-04-00-22
1.0,113.34489797288651,23.174402945129795,2018-09-25-04-00-22
1.0,113.34514751899862,23.17440251695035,2018-09-25-04-00-22
1.0,113.34664482283026,23.174399971290367,2018-09-25-04-00-22
6.0,113.34714393475531,23.174399131935942,2018-09-25-04-00-22
1.0,113.34489795579364,23.17465285049869,2018-09-25-04-00-22
1.0,113.3473934756688,23.174648619403925,2018-09-25-04-00-22
1.0,113.34539703219347,23.174901900643754,2018-09-25-04-00-22
1.0,113.34564658086097,23.174901474667266,2018-09-25-04-00-22
1.0,113.34589613082598,23.17490104980976,2018-09-25-04-00-22
1.0,113.34689434391245,23.17489936180138,2018-09-25-04-00-22
1.0,113.34814214096774,23.174897278354898,2018-09-25-04-00-22
1.0,113.34514746771679,23.17515223317556,2018-09-25-04-00-22
1.0,113.34689432681208,23.17514926724905,2018-09-25-04-00-22
1.0,113.34464835966517,23.175402996106435,2018-09-25-04-00-22
1.0,113.34664475443266,23.175399593002158,2018-09-25-04-00-22
1.0,113.34764298375926,23.175397919045892,2018-09-25-04-00-22
1.0,113.34464834257254,23.175652901633832,2018-09-25-04-00-22
1.0,113.34539696381242,23.17590152267354,2018-09-25-04-00-22
1.0,113.34689427550995,23.175898983830134,2018-09-25-04-00-22
1.0,113.34689425840891,23.176148889436696,2018-09-25-04-00-22
1.0,113.34714381504534,23.17614847034759,2018-09-25-04-00-22
1.0,113.34464829129362,23.176402618454734,2018-09-25-04-00-22
1.0,113.34489783613884,23.17640218919092,2018-09-25-04-00-22
1.0,113.34564647828299,23.176400907950296,2018-09-25-04-00-22
1.0,113.3458960282426,23.17640048309253,2018-09-25-04-00-22
1.0,113.34464827420031,23.176652524141453,2018-09-25-04-00-22
1.0,113.34614556241364,23.176649965051812,2018-09-25-04-00-22
1.0,113.34489780195025,23.176902000604233,2018-09-25-04-00-22
1.0,113.34689420710478,23.176898606495744,2018-09-25-04-00-22
1.0,113.3511368649688,23.176891651345688,2018-09-25-04-00-22
1.0,113.34564642699173,23.177150625129887,2018-09-25-04-00-22
1.0,113.34614552821573,23.17714977654468,2018-09-25-04-00-22
1.0,113.34564640989431,23.177400530936488,2018-09-25-04-00-22
1.0,113.34639506370534,23.177399259766023,2018-09-25-04-00-22
1.0,113.34589594275187,23.177650011925234,2018-09-25-04-00-22
1.0,113.34664456632542,23.178148555994856,2018-09-25-04-00-22
1.0,113.34664454922377,23.17839846196211,2018-09-25-04-00-22
1.0,113.346894104492,23.1783980416958,2018-09-25-04-00-22
1.0,113.34988879179053,23.179642624006195,2018-09-25-04-00-22
