count,wgs_lng,wgs_lat,time
1.0,113.32518881876672,23.143951037062667,2018-09-22-05-03-02
1.0,113.32593728031809,23.143949607388393,2018-09-22-05-03-02
1.0,113.33217458479862,23.143937781308182,2018-09-22-05-03-02
1.0,113.33242408329887,23.143937313081434,2018-09-22-05-03-02
1.0,113.33641615083957,23.143929895291038,2018-09-22-05-03-02
1.0,113.32543828871748,23.144200461325912,2018-09-22-05-03-02
1.0,113.32718470458337,23.144197128931694,2018-09-22-05-03-02
1.0,113.3281826633745,23.144195229323355,2018-09-22-05-03-02
1.0,113.32718468757938,23.144447029925328,2018-09-22-05-03-02
1.0,113.32768366626819,23.14444607962716,2018-09-22-05-03-02
1.0,113.32468977753754,23.144951594858032,2018-09-22-05-03-02
1.0,113.33267351430129,23.144936449372853,2018-09-22-05-03-02
1.0,113.32718463656636,23.145196733103457,2018-09-22-05-03-02
1.0,113.32868155993958,23.145443786395685,2018-09-22-05-03-02
1.0,113.33491900164734,23.14543206557574,2018-09-22-05-03-02
1.0,113.33192496772801,23.14568755741492,2018-09-22-05-03-02
1.0,113.3256876569067,23.14594929241234,2018-09-22-05-03-02
1.0,113.32643611994507,23.145947863662407,2018-09-22-05-03-02
1.0,113.32868152591766,23.145943588745055,2018-09-22-05-03-02
1.0,113.32893101732134,23.145943115071454,2018-09-22-05-03-02
1.0,113.33367144892162,23.145934188015598,2018-09-22-05-03-02
1.0,113.33392095125302,23.14593372286206,2018-09-22-05-03-02
1.0,113.32593712732299,23.146198717222713,2018-09-22-05-03-02
1.0,113.32768354722137,23.146195387504562,2018-09-22-05-03-02
1.0,113.33092694775227,23.146189239060476,2018-09-22-05-03-02
1.0,113.32992895323102,23.146441026070033,2018-09-22-05-03-02
1.0,113.33042794098212,23.146440082428107,2018-09-22-05-03-02
5.0,113.33092693073189,23.146439140317753,2018-09-22-05-03-02
1.0,113.3344199239201,23.146432596713165,2018-09-22-05-03-02
1.0,113.33092691371134,23.146689041608322,2018-09-22-05-03-02
1.0,113.33616645359474,23.146679266705878,2018-09-22-05-03-02
1.0,113.3366654739932,23.14667834928297,2018-09-22-05-03-02
1.0,113.32568758890926,23.146948897511624,2018-09-22-05-03-02
1.0,113.32893094927148,23.146942720168585,2018-09-22-05-03-02
1.0,113.3306774015612,23.146939413789877,2018-09-22-05-03-02
1.0,113.3324238789897,23.146936126777067,2018-09-22-05-03-02
1.0,113.33616643655334,23.146929168028915,2018-09-22-05-03-02
1.0,113.32868144085994,23.147193095200038,2018-09-22-05-03-02
1.0,113.33591691052968,23.147179529100985,2018-09-22-05-03-02
1.0,113.33441985578149,23.1474322020734,2018-09-22-05-03-02
1.0,113.33516837124762,23.14743081350796,2018-09-22-05-03-02
1.0,113.33591689348891,23.147429430490924,2018-09-22-05-03-02
1.0,113.32718446651215,23.147695745851166,2018-09-22-05-03-02
1.0,113.33367132970028,23.14768349728057,2018-09-22-05-03-02
1.0,113.33666538877485,23.147927856232307,2018-09-22-05-03-02
1.0,113.3306773164601,23.14818892091179,2018-09-22-05-03-02
1.0,113.33392079795809,23.14818283507508,2018-09-22-05-03-02
1.0,113.33766342259517,23.14817593124963,2018-09-22-05-03-02
1.0,113.32568748690811,23.14844830616371,2018-09-22-05-03-02
1.0,113.33067729943937,23.148438822436997,2018-09-22-05-03-02
1.0,113.3319247804545,23.148436472346642,2018-09-22-05-03-02
1.0,113.33317227596594,23.14843413367826,2018-09-22-05-03-02
1.0,113.32918032198982,23.1486915570114,2018-09-22-05-03-02
1.0,113.32967928990848,23.148940512849503,2018-09-22-05-03-02
1.0,113.32818232318216,23.149193255495906,2018-09-22-05-03-02
1.0,113.33067724837622,23.14918852721528,2018-09-22-05-03-02
1.0,113.33466924095033,23.149181049294725,2018-09-22-05-03-02
1.0,113.3374138403948,23.14917599308982,2018-09-22-05-03-02
1.0,113.33766333735251,23.14942543920778,2018-09-22-05-03-02
1.0,113.32743381961055,23.149694483196434,2018-09-22-05-03-02
1.0,113.32768330910326,23.149694008163777,2018-09-22-05-03-02
1.0,113.33092670945172,23.14968785971215,2018-09-22-05-03-02
1.0,113.33242369168521,23.14968504355424,2018-09-22-05-03-02
1.0,113.33067719731154,23.149938232298734,2018-09-22-05-03-02
1.0,113.33167518099344,23.149936351360974,2018-09-22-05-03-02
1.0,113.33192467829682,23.149935882207135,2018-09-22-05-03-02
1.0,113.3296792048207,23.150190021322945,2018-09-22-05-03-02
1.0,113.32518837682305,23.15044847285359,2018-09-22-05-03-02
1.0,113.32843172871073,23.15044228988588,2018-09-22-05-03-02
1.0,113.33092665838306,23.150437564999773,2018-09-22-05-03-02
1.0,113.3366652183256,23.150426872660034,2018-09-22-05-03-02
1.0,113.33117613700075,23.150686996379935,2018-09-22-05-03-02
1.0,113.32668526808276,23.150945418639566,2018-09-22-05-03-02
1.0,113.32843167767062,23.151191995482453,2018-09-22-05-03-02
1.0,113.32992862988796,23.151189156350537,2018-09-22-05-03-02
1.0,113.33491860978421,23.151179800667716,2018-09-22-05-03-02
1.0,113.33766321800577,23.15117475177727,2018-09-22-05-03-02
1.0,113.32818217007389,23.1514423716716,2018-09-22-05-03-02
1.0,113.33042760057933,23.151438114640868,2018-09-22-05-03-02
1.0,113.3274336495163,23.152193502026897,2018-09-22-05-03-02
1.0,113.32843160961481,23.15219160342582,2018-09-22-05-03-02
1.0,113.33142549697378,23.152685742232805,2018-09-22-05-03-02
1.0,113.32818206799422,23.152941784001484,2018-09-22-05-03-02
1.0,113.32843155857121,23.152941309746257,2018-09-22-05-03-02
1.0,113.3299285107464,23.1529384706126,2018-09-22-05-03-02
1.0,113.3309264711185,23.153186487031828,2018-09-22-05-03-02
1.0,113.33641552022867,23.15317625305532,2018-09-22-05-03-02
1.0,113.33042746439956,23.153437331355132,2018-09-22-05-03-02
1.0,113.33067695898997,23.153436860101177,2018-09-22-05-03-02
1.0,113.33641615083957,23.143929895291038,2018-09-22-05-03-02
1.0,113.33965985755576,23.143923993719813,2018-09-22-05-03-02
2.0,113.33990938001698,23.14392354525932,2018-09-22-05-03-02
1.0,113.33965984050276,23.144173894678577,2018-09-22-05-03-02
1.0,113.34215511177412,23.144169449623018,2018-09-22-05-03-02
1.0,113.34115695644353,23.14467101887474,2018-09-22-05-03-02
1.0,113.33491900164734,23.14543206557574,2018-09-22-05-03-02
1.0,113.33891117670207,23.14567465146526,2018-09-22-05-03-02
1.0,113.33841212343977,23.145925456898023,2018-09-22-05-03-02
1.0,113.3344199239201,23.146432596713165,2018-09-22-05-03-02
1.0,113.33941016555599,23.14642345408516,2018-09-22-05-03-02
1.0,113.33616645359474,23.146679266705878,2018-09-22-05-03-02
1.0,113.3366654739932,23.14667834928297,2018-09-22-05-03-02
1.0,113.33891110849581,23.146674256422678,2018-09-22-05-03-02
1.0,113.33616643655334,23.146929168028915,2018-09-22-05-03-02
1.0,113.33891109144382,23.146924157745254,2018-09-22-05-03-02
1.0,113.33965965290878,23.146922807400877,2018-09-22-05-03-02
1.0,113.34489985208033,23.14691358345326,2018-09-22-05-03-02
1.0,113.33591691052968,23.147179529100985,2018-09-22-05-03-02
1.0,113.33965963585378,23.147172708756724,2018-09-22-05-03-02
1.0,113.34664668563332,23.147160511001562,2018-09-22-05-03-02
1.0,113.33441985578149,23.1474322020734,2018-09-22-05-03-02
1.0,113.33516837124762,23.14743081350796,2018-09-22-05-03-02
1.0,113.33591689348891,23.147429430490924,2018-09-22-05-03-02
1.0,113.33866153877096,23.147424412219173,2018-09-22-05-03-02
1.0,113.34340256667635,23.14741597760043,2018-09-22-05-03-02
1.0,113.34440072927742,23.147414245786667,2018-09-22-05-03-02
1.0,113.33666538877485,23.147927856232307,2018-09-22-05-03-02
1.0,113.33766342259517,23.14817593124963,2018-09-22-05-03-02
1.0,113.3446502217588,23.14816351982216,2018-09-22-05-03-02
1.0,113.33466924095033,23.149181049294725,2018-09-22-05-03-02
1.0,113.3374138403948,23.14917599308982,2018-09-22-05-03-02
1.0,113.3399090218491,23.149171472351348,2018-09-22-05-03-02
1.0,113.33766333735251,23.14942543920778,2018-09-22-05-03-02
1.0,113.34265380358738,23.14966640115891,2018-09-22-05-03-02
1.0,113.34639696079411,23.149659947824244,2018-09-22-05-03-02
1.0,113.34390147484056,23.149914125357654,2018-09-22-05-03-02
20.0,113.34589783966106,23.149910695853144,2018-09-22-05-03-02
1.0,113.34190517029985,23.150167522995154,2018-09-22-05-03-02
1.0,113.34664648065154,23.150159329883248,2018-09-22-05-03-02
1.0,113.3366652183256,23.150426872660034,2018-09-22-05-03-02
1.0,113.34190511910246,23.150917228482214,2018-09-22-05-03-02
1.0,113.33491860978421,23.151179800667716,2018-09-22-05-03-02
1.0,113.33766321800577,23.15117475177727,2018-09-22-05-03-02
1.0,113.34190510203634,23.151167130379765,2018-09-22-05-03-02
1.0,113.33791271583826,23.151424198906437,2018-09-22-05-03-02
1.0,113.34290316821445,23.152164982454302,2018-09-22-05-03-02
1.0,113.34464994854848,23.152161948268013,2018-09-22-05-03-02
1.0,113.33641552022867,23.15317625305532,2018-09-22-05-03-02
1.0,113.34714603689099,23.1436610557115,2018-09-22-05-03-02
1.0,113.34864340665284,23.14365856656658,2018-09-22-05-03-02
1.0,113.35613108890351,23.143646847796795,2018-09-22-05-03-02
1.0,113.35488302056055,23.143898610574148,2018-09-22-05-03-02
1.0,113.35538223573559,23.143897861159015,2018-09-22-05-03-02
1.0,113.3556317946436,23.144647191743932,2018-09-22-05-03-02
1.0,113.3493919741866,23.145656547122563,2018-09-22-05-03-02
1.0,113.34864325287674,23.14590767606988,2018-09-22-05-03-02
1.0,113.34914238755653,23.145906856287702,2018-09-22-05-03-02
1.0,113.34939195709711,23.145906448310303,2018-09-22-05-03-02
1.0,113.34989106645803,23.14640543871427,2018-09-22-05-03-02
1.0,113.3526364663398,23.146401068626826,2018-09-22-05-03-02
1.0,113.34864320161503,23.14665737983276,2018-09-22-05-03-02
1.0,113.34489985208033,23.14691358345326,2018-09-22-05-03-02
1.0,113.35138849946304,23.14690283698836,2018-09-22-05-03-02
1.0,113.35263643213783,23.146900871233903,2018-09-22-05-03-02
1.0,113.35613086645739,23.146895562366705,2018-09-22-05-03-02
1.0,113.34664668563332,23.147160511001562,2018-09-22-05-03-02
1.0,113.34440072927742,23.147414245786667,2018-09-22-05-03-02
1.0,113.35463317610254,23.147397603976394,2018-09-22-05-03-02
1.0,113.3446502217588,23.14816351982216,2018-09-22-05-03-02
1.0,113.3566299625583,23.148894040415467,2018-09-22-05-03-02
1.0,113.34639696079411,23.149659947824244,2018-09-22-05-03-02
1.0,113.35588106442222,23.14964484834111,2018-09-22-05-03-02
20.0,113.34589783966106,23.149910695853144,2018-09-22-05-03-02
1.0,113.34664648065154,23.150159329883248,2018-09-22-05-03-02
1.0,113.35388416632628,23.150397563378064,2018-09-22-05-03-02
1.0,113.34464994854848,23.152161948268013,2018-09-22-05-03-02
1.0,113.34989067330652,23.152153176859255,2018-09-22-05-03-02
1.0,113.35563126417581,23.1523941400085,2018-09-22-05-03-02
1.0,113.347894100337,23.152656259942294,2018-09-22-05-03-02
1.0,113.35014019602315,23.152902479096575,2018-09-22-05-03-02
1.0,113.32818206799422,23.152941784001484,2018-09-22-05-03-02
1.0,113.32843155857121,23.152941309746257,2018-09-22-05-03-02
1.0,113.3299285107464,23.1529384706126,2018-09-22-05-03-02
1.0,113.3309264711185,23.153186487031828,2018-09-22-05-03-02
1.0,113.33641552022867,23.15317625305532,2018-09-22-05-03-02
1.0,113.33042746439956,23.153437331355132,2018-09-22-05-03-02
1.0,113.33067695898997,23.153436860101177,2018-09-22-05-03-02
1.0,113.32818198292324,23.154191295231495,2018-09-22-05-03-02
1.0,113.33042739630568,23.154436940547157,2018-09-22-05-03-02
1.0,113.33641543499347,23.15442576445306,2018-09-22-05-03-02
1.0,113.33691445698292,23.15442484839477,2018-09-22-05-03-02
1.0,113.33691443993344,23.15467475077926,2018-09-22-05-03-02
1.0,113.33267283311108,23.15493251933007,2018-09-22-05-03-02
1.0,113.32543754069509,23.15519613686827,2018-09-22-05-03-02
1.0,113.33167482341516,23.155184295613875,2018-09-22-05-03-02
1.0,113.33192432069765,23.15518382645916,2018-09-22-05-03-02
1.0,113.33491832008951,23.155428138248485,2018-09-22-05-03-02
1.0,113.3371639010363,23.155424001161215,2018-09-22-05-03-02
1.0,113.33117576242587,23.156184845420928,2018-09-22-05-03-02
1.0,113.33491826896191,23.15617784593182,2018-09-22-05-03-02
1.0,113.33541728142734,23.15617692203546,2018-09-22-05-03-02
1.0,113.32543745567217,23.15644564968189,2018-09-22-05-03-02
1.0,113.32893030266493,23.156438995754137,2018-09-22-05-03-02
1.0,113.33716383283085,23.156423611475027,2018-09-22-05-03-02
1.0,113.3374133459378,23.156423155206273,2018-09-22-05-03-02
1.0,113.33117571134123,23.15693455342541,2018-09-22-05-03-02
1.0,113.32618586678245,23.157193928559266,2018-09-22-05-03-02
1.0,113.32693433135651,23.157192500877436,2018-09-22-05-03-02
1.0,113.32818177873592,23.157190125769777,2018-09-22-05-03-02
1.0,113.33167468717552,23.157183516533312,2018-09-22-05-03-02
1.0,113.32618584977384,23.157443831335165,2018-09-22-05-03-02
1.0,113.32843121824222,23.157939359947736,2018-09-22-05-03-02
1.0,113.3286806921725,23.15818878885864,2018-09-22-05-03-02
1.0,113.3316746190517,23.158183127847998,2018-09-22-05-03-02
1.0,113.32868067515312,23.15843869177747,2018-09-22-05-03-02
1.0,113.33616565246857,23.158424665906608,2018-09-22-05-03-02
1.0,113.33591612648193,23.158675028577726,2018-09-22-05-03-02
1.0,113.33142505422515,23.159183209337346,2018-09-22-05-03-02
1.0,113.3364151110616,23.159173915823118,2018-09-22-05-03-02
1.0,113.32593620906943,23.159693434190174,2018-09-22-05-03-02
1.0,113.33167451686097,23.159682545898736,2018-09-22-05-03-02
1.0,113.32518773070316,23.15994476700835,2018-09-22-05-03-02
1.0,113.32543721758587,23.159944290307813,2018-09-22-05-03-02
1.0,113.33292199207928,23.15993010794825,2018-09-22-05-03-02
1.0,113.33317149237587,23.159929641200293,2018-09-22-05-03-02
1.0,113.32543720057846,23.160194193480173,2018-09-22-05-03-02
1.0,113.33416948311876,23.16017768268632,2018-09-22-05-03-02
1.0,113.33466849115503,23.160176755199796,2018-09-22-05-03-02
1.0,113.32668458769373,23.160941521994573,2018-09-22-05-03-02
1.0,113.32693407616428,23.16094104629338,2018-09-22-05-03-02
1.0,113.32843099699265,23.161188100243717,2018-09-22-05-03-02
1.0,113.32942894620354,23.161436109535533,2018-09-22-05-03-02
1.0,113.33466835479389,23.16217598188011,2018-09-22-05-03-02
1.0,113.33641552022867,23.15317625305532,2018-09-22-05-03-02
1.0,113.34564799923784,23.15415945530725,2018-09-22-05-03-02
1.0,113.33641543499347,23.15442576445306,2018-09-22-05-03-02
1.0,113.33691445698292,23.15442484839477,2018-09-22-05-03-02
1.0,113.33691443993344,23.15467475077926,2018-09-22-05-03-02
1.0,113.34689572848613,23.154657147189727,2018-09-22-05-03-02
1.0,113.3473948432835,23.154656310207262,2018-09-22-05-03-02
1.0,113.33491832008951,23.155428138248485,2018-09-22-05-03-02
1.0,113.3371639010363,23.155424001161215,2018-09-22-05-03-02
1.0,113.3461469981212,23.155658021344387,2018-09-22-05-03-02
1.0,113.34689566013792,23.155656757072876,2018-09-22-05-03-02
1.0,113.33491826896191,23.15617784593182,2018-09-22-05-03-02
1.0,113.33541728142734,23.15617692203546,2018-09-22-05-03-02
1.0,113.34714518266995,23.156156143140755,2018-09-22-05-03-02
1.0,113.33716383283085,23.156423611475027,2018-09-22-05-03-02
1.0,113.3374133459378,23.156423155206273,2018-09-22-05-03-02
1.0,113.34015803346837,23.156668089506564,2018-09-22-05-03-02
1.0,113.34365147380962,23.156661918510903,2018-09-22-05-03-02
1.0,113.34489918605246,23.15665976160249,2018-09-22-05-03-02
1.0,113.3446495557336,23.157909704727185,2018-09-22-05-03-02
1.0,113.33616565246857,23.158424665906608,2018-09-22-05-03-02
1.0,113.33591612648193,23.158675028577726,2018-09-22-05-03-02
1.0,113.3364151110616,23.159173915823118,2018-09-22-05-03-02
1.0,113.33466849115503,23.160176755199796,2018-09-22-05-03-02
1.0,113.34040719951291,23.161915607054247,2018-09-22-05-03-02
1.0,113.33466835479389,23.16217598188011,2018-09-22-05-03-02
1.0,113.343900620994,23.162409256283624,2018-09-22-05-03-02
1.0,113.347894100337,23.152656259942294,2018-09-22-05-03-02
1.0,113.35014019602315,23.152902479096575,2018-09-22-05-03-02
1.0,113.34564799923784,23.15415945530725,2018-09-22-05-03-02
1.0,113.35588075635384,23.154143084635663,2018-09-22-05-03-02
1.0,113.34689572848613,23.154657147189727,2018-09-22-05-03-02
1.0,113.3473948432835,23.154656310207262,2018-09-22-05-03-02
1.0,113.3461469981212,23.155658021344387,2018-09-22-05-03-02
1.0,113.34689566013792,23.155656757072876,2018-09-22-05-03-02
1.0,113.34714518266995,23.156156143140755,2018-09-22-05-03-02
1.0,113.34489918605246,23.15665976160249,2018-09-22-05-03-02
1.0,113.3511382166332,23.15714921786794,2018-09-22-05-03-02
1.0,113.35113819953007,23.15739912063961,2018-09-22-05-03-02
1.0,113.3446495557336,23.157909704727185,2018-09-22-05-03-02
1.0,113.35013964883893,23.160899366158674,2018-09-22-05-03-02
1.0,113.3506386987385,23.162397982429688,2018-09-22-05-03-02
1.0,113.33466835479389,23.16217598188011,2018-09-22-05-03-02
1.0,113.32493802295588,23.1631939879261,2018-09-22-05-03-02
1.0,113.32668443456951,23.163190653177683,2018-09-22-05-03-02
1.0,113.32743290090386,23.163189226714934,2018-09-22-05-03-02
1.0,113.32618544151707,23.16344150881019,2018-09-22-05-03-02
1.0,113.32718339478794,23.16343960563351,2018-09-22-05-03-02
1.0,113.32768237332346,23.163438655329056,2018-09-22-05-03-02
1.0,113.32693388899949,23.16368998481148,2018-09-22-05-03-02
1.0,113.3271833777711,23.163689509319692,2018-09-22-05-03-02
1.0,113.32793184609329,23.16368808422714,2018-09-22-05-03-02
1.0,113.33367023929772,23.163677260680046,2018-09-22-05-03-02
1.0,113.32643489536552,23.16394084013571,2018-09-22-05-03-02
1.0,113.3266843835251,23.163940364236527,2018-09-22-05-03-02
1.0,113.32493795492468,23.16419360274669,2018-09-22-05-03-02
1.0,113.32543692843723,23.16419264922088,2018-09-22-05-03-02
1.0,113.33416921041723,23.164176138403803,2018-09-22-05-03-02
1.0,113.32718332671965,23.164439220601267,2018-09-22-05-03-02
1.0,113.32743281581386,23.16443874533158,2018-09-22-05-03-02
1.0,113.33367018816834,23.164426971958385,2018-09-22-05-03-02
1.0,113.32743279879537,23.164688649166592,2018-09-22-05-03-02
1.0,113.32793177801224,23.164687699343272,2018-09-22-05-03-02
1.0,113.33566620915188,23.164673170772314,2018-09-22-05-03-02
1.0,113.33691375781733,23.16467087556709,2018-09-22-05-03-02
1.0,113.32643479327828,23.165440263259274,2018-09-22-05-03-02
1.0,113.32843070762382,23.165436462286127,2018-09-22-05-03-02
1.0,113.32743273071972,23.165688264880735,2018-09-22-05-03-02
1.0,113.32543680936205,23.165941976592404,2018-09-22-05-03-02
1.0,113.32768220312757,23.16593769386773,2018-09-22-05-03-02
1.0,113.33766221175811,23.165919026496777,2018-09-22-05-03-02
1.0,113.3266842303829,23.166189499427283,2018-09-22-05-03-02
1.0,113.33666414411154,23.166170757040323,2018-09-22-05-03-02
1.0,113.33491757006756,23.166423883569525,2018-09-22-05-03-02
1.0,113.33566608978808,23.166422498656814,2018-09-22-05-03-02
1.0,113.33242253335504,23.166678441497492,2018-09-22-05-03-02
1.0,113.32493776782518,23.166942546586636,2018-09-22-05-03-02
1.0,113.33416902291016,23.166925082226875,2018-09-22-05-03-02
1.0,113.33466803089341,23.166924154738098,2018-09-22-05-03-02
1.0,113.33541654834934,23.16692276797566,2018-09-22-05-03-02
1.0,113.33566603862965,23.167172211172307,2018-09-22-05-03-02
1.0,113.33591554674138,23.167171750800186,2018-09-22-05-03-02
1.0,113.33441849244889,23.167424426650243,2018-09-22-05-03-02
1.0,113.33092548339006,23.167680874590086,2018-09-22-05-03-02
1.0,113.33541648014034,23.16792238504211,2018-09-22-05-03-02
1.0,113.33566598746972,23.16792192402893,2018-09-22-05-03-02
1.0,113.32518716940415,23.168191591198223,2018-09-22-05-03-02
1.0,113.33616498742435,23.1681709082991,2018-09-22-05-03-02
1.0,113.33516693947357,23.168422655445507,2018-09-22-05-03-02
1.0,113.33641448007391,23.168420353644883,2018-09-22-05-03-02
1.0,113.33616495331268,23.168670717136557,2018-09-22-05-03-02
1.0,113.33666397354042,23.168669799706276,2018-09-22-05-03-02
1.0,113.32593557961556,23.168939874830542,2018-09-22-05-03-02
1.0,113.33416888652869,23.168924316970532,2018-09-22-05-03-02
1.0,113.33541641192868,23.168922002717647,2018-09-22-05-03-02
1.0,113.33142437285336,23.16917936062055,2018-09-22-05-03-02
1.0,113.331673818397,23.16992860479446,2018-09-22-05-03-02
1.0,113.32892933230414,23.170683506274333,2018-09-22-05-03-02
1.0,113.33342026047106,23.17067504484099,2018-09-22-05-03-02
1.0,113.3301767783509,23.170931047549445,2018-09-22-05-03-02
1.0,113.3276818116138,23.17168549687699,2018-09-22-05-03-02
1.0,113.34040719951291,23.161915607054247,2018-09-22-05-03-02
1.0,113.343900620994,23.162409256283624,2018-09-22-05-03-02
1.0,113.3429024340247,23.162910803418736,2018-09-22-05-03-02
1.0,113.34015755562972,23.163665378823215,2018-09-22-05-03-02
1.0,113.34290238279061,23.16366051435818,2018-09-22-05-03-02
1.0,113.33890991445358,23.164167432736697,2018-09-22-05-03-02
1.0,113.33816134467838,23.16441869407465,2018-09-22-05-03-02
1.0,113.34215372916647,23.164411541089407,2018-09-22-05-03-02
1.0,113.33566620915188,23.164673170772314,2018-09-22-05-03-02
1.0,113.33691375781733,23.16467087556709,2018-09-22-05-03-02
1.0,113.33816132761741,23.164668597907873,2018-09-22-05-03-02
1.0,113.33766221175811,23.165919026496777,2018-09-22-05-03-02
1.0,113.33841075894617,23.165917664342448,2018-09-22-05-03-02
1.0,113.33666414411154,23.166170757040323,2018-09-22-05-03-02
1.0,113.33491757006756,23.166423883569525,2018-09-22-05-03-02
1.0,113.33566608978808,23.166422498656814,2018-09-22-05-03-02
1.0,113.33541654834934,23.16692276797566,2018-09-22-05-03-02
1.0,113.33566603862965,23.167172211172307,2018-09-22-05-03-02
1.0,113.33591554674138,23.167171750800186,2018-09-22-05-03-02
1.0,113.34140493195937,23.16741171360649,2018-09-22-05-03-02
1.0,113.34140491488408,23.16766161789105,2018-09-22-05-03-02
1.0,113.33541648014034,23.16792238504211,2018-09-22-05-03-02
1.0,113.33566598746972,23.16792192402893,2018-09-22-05-03-02
1.0,113.33616498742435,23.1681709082991,2018-09-22-05-03-02
1.0,113.3416544103935,23.168160984289816,2018-09-22-05-03-02
1.0,113.33516693947357,23.168422655445507,2018-09-22-05-03-02
1.0,113.33641448007391,23.168420353644883,2018-09-22-05-03-02
1.0,113.34090580756647,23.168412218286278,2018-09-22-05-03-02
1.0,113.33616495331268,23.168670717136557,2018-09-22-05-03-02
1.0,113.33666397354042,23.168669799706276,2018-09-22-05-03-02
1.0,113.33541641192868,23.168922002717647,2018-09-22-05-03-02
1.0,113.34240295474785,23.168909376378434,2018-09-22-05-03-02
1.0,113.3434010981026,23.16890762833248,2018-09-22-05-03-02
1.0,113.3448983147088,23.16940484597067,2018-09-22-05-03-02
1.0,113.34739381767301,23.1696505194741,2018-09-22-05-03-02
1.0,113.34065617866806,23.169912090488122,2018-09-22-05-03-02
1.0,113.3426523863682,23.170408365543494,2018-09-22-05-03-02
1.0,113.34589643853988,23.170402758465677,2018-09-22-05-03-02
1.0,113.34614597273641,23.170652239483026,2018-09-22-05-03-02
1.0,113.34489821216914,23.17090427408604,2018-09-22-05-03-02
1.0,113.34639550825356,23.170901721681133,2018-09-22-05-03-02
1.0,113.3471441741506,23.170900460897602,2018-09-22-05-03-02
1.0,113.34240280102159,23.171158518382793,2018-09-22-05-03-02
1.0,113.34539728859856,23.171153323645065,2018-09-22-05-03-02
1.0,113.34639549115765,23.171151626501977,2018-09-22-05-03-02
1.0,113.34340092725789,23.171406675195442,2018-09-22-05-03-02
1.0,113.34539727150606,23.171403228504857,2018-09-22-05-03-02
1.0,113.3434009101725,23.171656580094403,2018-09-22-05-03-02
1.0,113.34764324028943,23.171649340875927,2018-09-22-05-03-02
1.0,113.3506386987385,23.162397982429688,2018-09-22-05-03-02
1.0,113.34914122513672,23.162900217829037,2018-09-22-05-03-02
1.0,113.3478933140705,23.164151795111156,2018-09-22-05-03-02
1.0,113.34814287631417,23.164151380846235,2018-09-22-05-03-02
1.0,113.34839243998003,23.164150967815445,2018-09-22-05-03-02
1.0,113.3511376692497,23.165146124569837,2018-09-22-05-03-02
1.0,113.35213600551985,23.16514454353853,2018-09-22-05-03-02
1.0,113.35488156591055,23.165140314420416,2018-09-22-05-03-02
1.0,113.35313435054,23.16539288906601,2018-09-22-05-03-02
1.0,113.35662878120861,23.166137334820675,2018-09-22-05-03-02
1.0,113.35388305398007,23.166641255795618,2018-09-22-05-03-02
1.0,113.3521358857335,23.16689387192971,2018-09-22-05-03-02
1.0,113.35188628216456,23.16714416930202,2018-09-22-05-03-02
1.0,113.35463175556443,23.16813954123618,2018-09-22-05-03-02
1.0,113.35463173844246,23.16838944563264,2018-09-22-05-03-02
1.0,113.35587974619284,23.16888738489239,2018-09-22-05-03-02
1.0,113.34914079758168,23.169147819272087,2018-09-22-05-03-02
1.0,113.35438208392709,23.169139537590365,2018-09-22-05-03-02
1.0,113.3448983147088,23.16940484597067,2018-09-22-05-03-02
1.0,113.34889121248901,23.169398133083597,2018-09-22-05-03-02
1.0,113.34939034993707,23.16939731584106,2018-09-22-05-03-02
1.0,113.3501390672676,23.16939609968686,2018-09-22-05-03-02
1.0,113.34739381767301,23.1696505194741,2018-09-22-05-03-02
1.0,113.35463163570714,23.16988887281503,2018-09-22-05-03-02
1.0,113.35263484100518,23.17014184751028,2018-09-22-05-03-02
1.0,113.34589643853988,23.170402758465677,2018-09-22-05-03-02
1.0,113.35188605969095,23.1703929274606,2018-09-22-05-03-02
1.0,113.34614597273641,23.170652239483026,2018-09-22-05-03-02
1.0,113.34988940778274,23.17064602709062,2018-09-22-05-03-02
1.0,113.35288439810138,23.170641268063857,2018-09-22-05-03-02
1.0,113.34489821216914,23.17090427408604,2018-09-22-05-03-02
1.0,113.34639550825356,23.170901721681133,2018-09-22-05-03-02
1.0,113.3471441741506,23.170900460897602,2018-09-22-05-03-02
1.0,113.34789285240115,23.170899210808866,2018-09-22-05-03-02
1.0,113.34839197826355,23.170898383510817,2018-09-22-05-03-02
1.0,113.3486415433405,23.170897971724376,2018-09-22-05-03-02
1.0,113.3523851999654,23.17089195206552,2018-09-22-05-03-02
1.0,113.35587960917687,23.170886622056422,2018-09-22-05-03-02
1.0,113.34539728859856,23.171153323645065,2018-09-22-05-03-02
1.0,113.34639549115765,23.171151626501977,2018-09-22-05-03-02
1.0,113.3488910927597,23.17114746601524,2018-09-22-05-03-02
1.0,113.34539727150606,23.171403228504857,2018-09-22-05-03-02
1.0,113.35013893039913,23.17139533747595,2018-09-22-05-03-02
1.0,113.35463153296577,23.171388301383544,2018-09-22-05-03-02
1.0,113.34764324028943,23.171649340875927,2018-09-22-05-03-02
1.0,113.35138680603687,23.171643242089306,2018-09-22-05-03-02
1.0,113.3276818116138,23.17168549687699,2018-09-22-05-03-02
1.0,113.32668382193773,23.1721872083005,2018-09-22-05-03-02
1.0,113.32618482895214,23.172438065305382,2018-09-22-05-03-02
1.0,113.32768176054029,23.17243521181532,2018-09-22-05-03-02
1.0,113.33391914492181,23.172423448287397,2018-09-22-05-03-02
1.0,113.33591518856989,23.17241974804195,2018-09-22-05-03-02
1.0,113.32668378789631,23.172687018376713,2018-09-22-05-03-02
1.0,113.32768174351546,23.172685116872785,2018-09-22-05-03-02
1.0,113.3294281799339,23.172681799224726,2018-09-22-05-03-02
1.0,113.32967767252858,23.17268132651009,2018-09-22-05-03-02
1.0,113.33766175107795,23.17266644945687,2018-09-22-05-03-02
1.0,113.32593530734871,23.17293835171847,2018-09-22-05-03-02
1.0,113.32892917903979,23.172932650738474,2018-09-22-05-03-02
1.0,113.32718273100848,23.17318587741275,2018-09-22-05-03-02
1.0,113.32743222006737,23.173185402141613,2018-09-22-05-03-02
1.0,113.32967763846231,23.173181136741714,2018-09-22-05-03-02
1.0,113.32942812883726,23.173431514631073,2018-09-22-05-03-02
1.0,113.33466758756352,23.173421676654105,2018-09-22-05-03-02
1.0,113.33516659840139,23.173420751531225,2018-09-22-05-03-02
1.0,113.32643423169132,23.17368711489958,2018-09-22-05-03-02
1.0,113.32867963665655,23.173682839940895,2018-09-22-05-03-02
1.0,113.33516658134602,23.173670656744175,2018-09-22-05-03-02
1.0,113.32743216899388,23.173935117784374,2018-09-22-05-03-02
1.0,113.32818063824931,23.1739336934276,2018-09-22-05-03-02
1.0,113.32917860262856,23.173931798146533,2018-09-22-05-03-02
1.0,113.33366954039947,23.173923344371758,2018-09-22-05-03-02
1.0,113.33466755345654,23.173921487119483,2018-09-22-05-03-02
1.0,113.32718266291421,23.1741854983486,2018-09-22-05-03-02
1.0,113.32768164136293,23.17418454804059,2018-09-22-05-03-02
1.0,113.32818062122145,23.1741835987204,2018-09-22-05-03-02
1.0,113.32942807773911,23.174181230390793,2018-09-22-05-03-02
1.0,113.3346675364028,23.174171392411203,2018-09-22-05-03-02
1.0,113.32793111408225,23.174433978583103,2018-09-22-05-03-02
1.0,113.32843009468385,23.17443302979384,2018-09-22-05-03-02
1.0,113.3274321179189,23.174684833781477,2018-09-22-05-03-02
1.0,113.32843007765466,23.174682935165503,2018-09-22-05-03-02
1.0,113.32867956853674,23.174682461190724,2018-09-22-05-03-02
1.0,113.33242198799165,23.17467539405635,2018-09-22-05-03-02
1.0,113.32668363470165,23.174936165661425,2018-09-22-05-03-02
1.0,113.32768159028443,23.174934264156008,2018-09-22-05-03-02
1.0,113.3281805701369,23.174933314835574,2018-09-22-05-03-02
1.0,113.32867955150637,23.174932366601883,2018-09-22-05-03-02
1.0,113.3251866930083,23.175188929048417,2018-09-22-05-03-02
1.0,113.32718257779263,23.175435025405893,2018-09-22-05-03-02
1.0,113.32743206684242,23.175434550134387,2018-09-22-05-03-02
1.0,113.32818053607969,23.17543312577687,2018-09-22-05-03-02
1.0,113.32693307204467,23.17568540643,2018-09-22-05-03-02
1.0,113.32718256076781,23.175684930936225,2018-09-22-05-03-02
1.0,113.32892899169838,23.175681609394566,2018-09-22-05-03-02
1.0,113.33267141879017,23.175674548185718,2018-09-22-05-03-02
1.0,113.33741203238762,23.175665768737645,2018-09-22-05-03-02
1.0,113.33292090134313,23.175923986498148,2018-09-22-05-03-02
1.0,113.33691299011726,23.175916587564085,2018-09-22-05-03-02
1.0,113.33791104401399,23.175914763952584,2018-09-22-05-03-02
1.0,113.33791102694629,23.176164669560677,2018-09-22-05-03-02
1.0,113.32867944932067,23.176431799902055,2018-09-22-05-03-02
1.0,113.33641391710822,23.176667220574245,2018-09-22-05-03-02
1.0,113.33791099281038,23.17666448089649,2018-09-22-05-03-02
1.0,113.33416834089597,23.176921280726223,2018-09-22-05-03-02
1.0,113.33441784449174,23.176920816690277,2018-09-22-05-03-02
1.0,113.33641390004581,23.17691712630232,2018-09-22-05-03-02
1.0,113.33716243403006,23.176915753250285,2018-09-22-05-03-02
1.0,113.3379109586738,23.177164292392163,2018-09-22-05-03-02
1.0,113.33691288773169,23.177416021812594,2018-09-22-05-03-02
1.0,113.33791094160527,23.177414198200083,2018-09-22-05-03-02
1.0,113.33117429740446,23.177676607338086,2018-09-22-05-03-02
1.0,113.33142379347755,23.177676137302825,2018-09-22-05-03-02
1.0,113.33117428036208,23.177926513227437,2018-09-22-05-03-02
1.0,113.33317026517845,23.17792276573765,2018-09-22-05-03-02
1.0,113.33666334228202,23.177916291237434,2018-09-22-05-03-02
1.0,113.33766139268693,23.177914464744262,2018-09-22-05-03-02
1.0,113.32643392529474,23.178185415534415,2018-09-22-05-03-02
1.0,113.3276813689269,23.17818303812531,2018-09-22-05-03-02
1.0,113.337162348701,23.17816528249141,2018-09-22-05-03-02
1.0,113.32718237348384,23.178433894405178,2018-09-22-05-03-02
1.0,113.3311742462768,23.178426325126896,2018-09-22-05-03-02
1.0,113.3361642880014,23.178417020568606,2018-09-22-05-03-02
1.0,113.3369128194713,23.17841564544674,2018-09-22-05-03-02
1.0,113.33741184465671,23.178414732187836,2018-09-22-05-03-02
1.0,113.33666329108888,23.178666009144358,2018-09-22-05-03-02
1.0,113.32668336232229,23.17893465766581,2018-09-22-05-03-02
1.0,113.32693285072004,23.17893418196164,2018-09-22-05-03-02
1.0,113.3294277540827,23.178929438502447,2018-09-22-05-03-02
1.0,113.33117421219086,23.178926137187723,2018-09-22-05-03-02
1.0,113.33292069675402,23.178922856447727,2018-09-22-05-03-02
1.0,113.33716229750155,23.178915000519105,2018-09-22-05-03-02
1.0,113.33766132441362,23.178914088700207,2018-09-22-05-03-02
1.0,113.3269328336939,23.1791840880534,2018-09-22-05-03-02
1.0,113.33591472795545,23.17916719843898,2018-09-22-05-03-02
1.0,113.33791082212082,23.17916353998206,2018-09-22-05-03-02
1.0,113.32743179440921,23.179433043419102,2018-09-22-05-03-02
1.0,113.32768128378189,23.17943256838152,2018-09-22-05-03-02
1.0,113.33766129027595,23.179413900920654,2018-09-22-05-03-02
1.0,113.33791080505094,23.17941344611249,2018-09-22-05-03-02
1.0,113.32743177738071,23.17968294959184,2018-09-22-05-03-02
1.0,113.32992668856639,23.179678211812302,2018-09-22-05-03-02
1.0,113.33292064560298,23.179672574841586,2018-09-22-05-03-02
1.0,113.33716222923329,23.179914625122553,2018-09-22-05-03-02
1.0,113.33167311965265,23.18017472840945,2018-09-22-05-03-02
1.0,113.33142360599116,23.18042510430695,2018-09-22-05-03-02
1.0,113.33716219509814,23.18041443766804,2018-09-22-05-03-02
1.0,113.32693273153357,23.18068352545638,2018-09-22-05-03-02
1.0,113.32867915976196,23.180680202093686,2018-09-22-05-03-02
1.0,113.33791071969905,23.180662977374052,2018-09-22-05-03-02
1.0,113.32693271450627,23.18093343183278,2018-09-22-05-03-02
1.0,113.34489821216914,23.17090427408604,2018-09-22-05-03-02
1.0,113.34639550825356,23.170901721681133,2018-09-22-05-03-02
1.0,113.3471441741506,23.170900460897602,2018-09-22-05-03-02
1.0,113.34789285240115,23.170899210808866,2018-09-22-05-03-02
1.0,113.34240280102159,23.171158518382793,2018-09-22-05-03-02
1.0,113.34539728859856,23.171153323645065,2018-09-22-05-03-02
1.0,113.34639549115765,23.171151626501977,2018-09-22-05-03-02
1.0,113.34340092725789,23.171406675195442,2018-09-22-05-03-02
1.0,113.34539727150606,23.171403228504857,2018-09-22-05-03-02
1.0,113.3434009101725,23.171656580094403,2018-09-22-05-03-02
1.0,113.34764324028943,23.171649340875927,2018-09-22-05-03-02
1.0,113.34739364667928,23.172149567489388,2018-09-22-05-03-02
1.0,113.33591518856989,23.17241974804195,2018-09-22-05-03-02
1.0,113.34639540567558,23.172401151188918,2018-09-22-05-03-02
1.0,113.33766175107795,23.17266644945687,2018-09-22-05-03-02
1.0,113.34065599084313,23.172661043957717,2018-09-22-05-03-02
1.0,113.34714405445706,23.172649795458796,2018-09-22-05-03-02
1.0,113.34365036349325,23.172905670665923,2018-09-22-05-03-02
1.0,113.34589626759441,23.172901807647627,2018-09-22-05-03-02
1.0,113.34714403735731,23.17289970055208,2018-09-22-05-03-02
1.0,113.3429017336952,23.173156882351087,2018-09-22-05-03-02
1.0,113.34514760446498,23.173152990697208,2018-09-22-05-03-02
1.0,113.34589625049894,23.173151712780278,2018-09-22-05-03-02
1.0,113.34639535438431,23.173150866469214,2018-09-22-05-03-02
1.0,113.3466449083235,23.173150445038512,2018-09-22-05-03-02
1.0,113.3478926984842,23.173148355594613,2018-09-22-05-03-02
1.0,113.33516659840139,23.173420751531225,2018-09-22-05-03-02
1.0,113.33915880240578,23.17341344751438,2018-09-22-05-03-02
1.0,113.34489804125633,23.173403324048476,2018-09-22-05-03-02
1.0,113.34514758737204,23.173402895869202,2018-09-22-05-03-02
1.0,113.34539713476003,23.173402468785625,2018-09-22-05-03-02
1.0,113.34564668343293,23.173402042809396,2018-09-22-05-03-02
1.0,113.34614578468378,23.17340119422548,2018-09-22-05-03-02
1.0,113.34664489122518,23.173400350210247,2018-09-22-05-03-02
1.0,113.34689444651116,23.1733999299448,2018-09-22-05-03-02
1.0,113.33516658134602,23.173670656744175,2018-09-22-05-03-02
1.0,113.338160713311,23.173665161207644,2018-09-22-05-03-02
1.0,113.33915878533496,23.173663352726656,2018-09-22-05-03-02
1.0,113.34290169952558,23.173656692735108,2018-09-22-05-03-02
1.0,113.34414939332675,23.17365452025512,2018-09-22-05-03-02
1.0,113.34464847930893,23.17365365852312,2018-09-22-05-03-02
1.0,113.34689442941179,23.173649835155757,2018-09-22-05-03-02
1.0,113.33816069624385,23.173915066459404,2018-09-22-05-03-02
1.0,113.34240261311552,23.173907473990734,2018-09-22-05-03-02
1.0,113.3441493762371,23.173904425505864,2018-09-22-05-03-02
1.0,113.34489800707176,23.17390313451039,2018-09-22-05-03-02
1.0,113.34639530309154,23.17390058210239,2018-09-22-05-03-02
1.0,113.34714396895664,23.173899321317307,2018-09-22-05-03-02
1.0,113.34439890151944,23.17415389939958,2018-09-22-05-03-02
1.0,113.34464844512584,23.17415346906381,2018-09-22-05-03-02
1.0,113.34489798997922,23.17415303980038,2018-09-22-05-03-02
1.0,113.34614573339319,23.174150909976742,2018-09-22-05-03-02
1.0,113.34340072222214,23.17440553656129,2018-09-22-05-03-02
1.0,113.34389980090766,23.174404668570876,2018-09-22-05-03-02
1.0,113.34489797288651,23.174402945129795,2018-09-22-05-03-02
1.0,113.34514751899862,23.17440251695035,2018-09-22-05-03-02
1.0,113.34564661505229,23.1744016638902,2018-09-22-05-03-02
1.0,113.34639526889552,23.17440039272128,2018-09-22-05-03-02
1.0,113.34664482283026,23.174399971290367,2018-09-22-05-03-02
1.0,113.33940823742844,23.17466252384599,2018-09-22-05-03-02
1.0,113.33965775878347,23.174662074545385,2018-09-22-05-03-02
1.0,113.34015680447557,23.174661178460944,2018-09-22-05-03-02
1.0,113.34564659795672,23.174651569258966,2018-09-22-05-03-02
1.0,113.34614569919862,23.17465072067462,2018-09-22-05-03-02
1.0,113.34639525179726,23.174650298089915,2018-09-22-05-03-02
1.0,113.34090536358569,23.17490974621539,2018-09-22-05-03-02
1.0,113.34365022679006,23.174904912831135,2018-09-22-05-03-02
1.0,113.34464839384994,23.174903185170677,2018-09-22-05-03-02
1.0,113.3448979387006,23.174902755907116,2018-09-22-05-03-02
1.0,113.34539703219347,23.174901900643754,2018-09-22-05-03-02
1.0,113.34614568210108,23.174900626082835,2018-09-22-05-03-02
1.0,113.3396577246362,23.175161885403615,2018-09-22-05-03-02
1.0,113.3426520617824,23.175156562345983,2018-09-22-05-03-02
1.0,113.34564656376506,23.175151380115157,2018-09-22-05-03-02
1.0,113.34589611372917,23.175150955257603,2018-09-22-05-03-02
1.0,113.33940818621014,23.175412240192895,2018-09-22-05-03-02
1.0,113.33965770756231,23.175411790892163,2018-09-22-05-03-02
1.0,113.34539699800328,23.175401711579255,2018-09-22-05-03-02
1.0,113.34589609663219,23.175400860745086,2018-09-22-05-03-02
1.0,113.33741203238762,23.175665768737645,2018-09-22-05-03-02
1.0,113.33865961089089,23.175663498512606,2018-09-22-05-03-02
1.0,113.33915864876242,23.17566259584484,2018-09-22-05-03-02
1.0,113.34489788742049,23.175652472370146,2018-09-22-05-03-02
1.0,113.34764296665591,23.175647824572774,2018-09-22-05-03-02
1.0,113.33691299011726,23.175916587564085,2018-09-22-05-03-02
1.0,113.33791104401399,23.175914763952584,2018-09-22-05-03-02
1.0,113.34464832547972,23.17590280720098,2018-09-22-05-03-02
1.0,113.34539696381242,23.17590152267354,2018-09-22-05-03-02
1.0,113.33791102694629,23.176164669560677,2018-09-22-05-03-02
1.0,113.34015670202038,23.176160611511257,2018-09-22-05-03-02
1.0,113.34514739933866,23.17615185536441,2018-09-22-05-03-02
1.0,113.34689425840891,23.176148889436696,2018-09-22-05-03-02
1.0,113.34065573468563,23.176409624509546,2018-09-22-05-03-02
1.0,113.34789247613577,23.17639712590238,2018-09-22-05-03-02
1.0,113.33641391710822,23.176667220574245,2018-09-22-05-03-02
1.0,113.33791099281038,23.17666448089649,2018-09-22-05-03-02
1.0,113.33890906106494,23.17666266929086,2018-09-22-05-03-02
1.0,113.33965762219036,23.176661318931433,2018-09-22-05-03-02
1.0,113.34065571760712,23.176659530196947,2018-09-22-05-03-02
1.0,113.34090524403308,23.176659085190636,2018-09-22-05-03-02
1.0,113.34115477151369,23.176658641079197,2018-09-22-05-03-02
1.0,113.34639511500515,23.176649542466762,2018-09-22-05-03-02
1.0,113.33641390004581,23.17691712630232,2018-09-22-05-03-02
1.0,113.33716243403006,23.176915753250285,2018-09-22-05-03-02
1.0,113.3381604914249,23.17691393256699,2018-09-22-05-03-02
1.0,113.33940808376899,23.176911673959946,2018-09-22-05-03-02
1.0,113.342402408104,23.176906340089698,2018-09-22-05-03-02
1.0,113.3429014774068,23.176905464084005,2018-09-22-05-03-02
1.0,113.34639509790539,23.176899448193144,2018-09-22-05-03-02
1.0,113.34689420710478,23.176898606495744,2018-09-22-05-03-02
1.0,113.3379109586738,23.177164292392163,2018-09-22-05-03-02
1.0,113.33816047435558,23.177163838334796,2018-09-22-05-03-02
1.0,113.33840999094858,23.177163385039947,2018-09-22-05-03-02
1.0,113.34040615806722,23.177159787580994,2018-09-22-05-03-02
1.0,113.3466446347304,23.17714893252816,2018-09-22-05-03-02
1.0,113.34764286403228,23.17714725857068,2018-09-22-05-03-02
1.0,113.33691288773169,23.177416021812594,2018-09-22-05-03-02
1.0,113.33791094160527,23.177414198200083,2018-09-22-05-03-02
1.0,113.33840997387811,23.177413290847785,2018-09-22-05-03-02
1.0,113.33965757096519,23.17741103623414,2018-09-22-05-03-02
1.0,113.34464822291939,23.177402241441612,2018-09-22-05-03-02
1.0,113.34564640989431,23.177400530936488,2018-09-22-05-03-02
1.0,113.34589595985034,23.17740010607855,2018-09-22-05-03-02
1.0,113.34639506370534,23.177399259766023,2018-09-22-05-03-02
1.0,113.34664461762941,23.17739883833459,2018-09-22-05-03-02
1.0,113.34689417290119,23.17739841806845,2018-09-22-05-03-02
1.0,113.33890899277579,23.177662292441823,2018-09-22-05-03-02
1.0,113.34015659955917,23.177660045996433,2018-09-22-05-03-02
1.0,113.34514729676646,23.17765128984448,2018-09-22-05-03-02
1.0,113.34614549401714,23.17764958819784,2018-09-22-05-03-02
1.0,113.34689415579915,23.177648323914962,2018-09-22-05-03-02
1.0,113.33666334228202,23.177916291237434,2018-09-22-05-03-02
1.0,113.33766139268693,23.177914464744262,2018-09-22-05-03-02
1.0,113.3414042146528,23.17790772691148,2018-09-22-05-03-02
1.0,113.34215280681832,23.177906402857108,2018-09-22-05-03-02
1.0,113.337162348701,23.17816528249141,2018-09-22-05-03-02
1.0,113.34040608975396,23.178159411051958,2018-09-22-05-03-02
1.0,113.34240232267541,23.178155869326392,2018-09-22-05-03-02
1.0,113.3361642880014,23.178417020568606,2018-09-22-05-03-02
1.0,113.3369128194713,23.17841564544674,2018-09-22-05-03-02
1.0,113.33741184465671,23.178414732187836,2018-09-22-05-03-02
1.0,113.33890894155716,23.178412010226747,2018-09-22-05-03-02
1.0,113.33915846095769,23.178411559291792,2018-09-22-05-03-02
1.0,113.34240230558919,23.178405775294376,2018-09-22-05-03-02
1.0,113.34664454922377,23.17839846196211,2018-09-22-05-03-02
1.0,113.33666329108888,23.178666009144358,2018-09-22-05-03-02
1.0,113.3386594060349,23.178662367969444,2018-09-22-05-03-02
1.0,113.33915844388353,23.17866146530067,2018-09-22-05-03-02
1.0,113.34240228850281,23.178655681302704,2018-09-22-05-03-02
1.0,113.34689408738927,23.178647947703357,2018-09-22-05-03-02
1.0,113.33716229750155,23.178915000519105,2018-09-22-05-03-02
1.0,113.33766132441362,23.178914088700207,2018-09-22-05-03-02
1.0,113.34015651417022,23.178909575838542,2018-09-22-05-03-02
1.0,113.33591472795545,23.17916719843898,2018-09-22-05-03-02
1.0,113.33791082212082,23.17916353998206,2018-09-22-05-03-02
1.0,113.3386593718899,23.179162180108605,2018-09-22-05-03-02
1.0,113.33890889033705,23.179161728374744,2018-09-22-05-03-02
1.0,113.33915840973471,23.17916127743966,2018-09-22-05-03-02
1.0,113.33965745143392,23.17916037801405,2018-09-22-05-03-02
1.0,113.33766129027595,23.179413900920654,2018-09-22-05-03-02
1.0,113.33791080505094,23.17941344611249,2018-09-22-05-03-02
1.0,113.33865935481715,23.179412086238912,2018-09-22-05-03-02
1.0,113.33840982023648,23.179662444930422,2018-09-22-05-03-02
1.0,113.33965741728062,23.179660190314884,2018-09-22-05-03-02
1.0,113.33990693960637,23.17965974184835,2018-09-22-05-03-02
1.0,113.33716222923329,23.179914625122553,2018-09-22-05-03-02
1.0,113.33816028658188,23.179912804437244,2018-09-22-05-03-02
1.0,113.33840980316434,23.179912351141933,2018-09-22-05-03-02
1.0,113.33890883911542,23.179911446887257,2018-09-22-05-03-02
1.0,113.33965740020373,23.179910096526186,2018-09-22-05-03-02
1.0,113.33890882204122,23.180161353139347,2018-09-22-05-03-02
1.0,113.33915834143507,23.180160902204097,2018-09-22-05-03-02
1.0,113.33716219509814,23.18041443766804,2018-09-22-05-03-02
1.0,113.33791071969905,23.180662977374052,2018-09-22-05-03-02
1.0,113.33816023536737,23.180662523316094,2018-09-22-05-03-02
1.0,113.3389087878923,23.18066116576573,2018-09-22-05-03-02
1.0,113.33840973487415,23.180911976395144,2018-09-22-05-03-02
1.0,113.33865925237713,23.180911523874283,2018-09-22-05-03-02
1.0,113.34539662186693,23.18089964244412,2018-09-22-05-03-02
1.0,113.34614597273641,23.170652239483026,2018-09-22-05-03-02
1.0,113.34988940778274,23.17064602709062,2018-09-22-05-03-02
1.0,113.35288439810138,23.170641268063857,2018-09-22-05-03-02
1.0,113.34489821216914,23.17090427408604,2018-09-22-05-03-02
1.0,113.34639550825356,23.170901721681133,2018-09-22-05-03-02
1.0,113.3471441741506,23.170900460897602,2018-09-22-05-03-02
1.0,113.34789285240115,23.170899210808866,2018-09-22-05-03-02
1.0,113.34839197826355,23.170898383510817,2018-09-22-05-03-02
1.0,113.3486415433405,23.170897971724376,2018-09-22-05-03-02
1.0,113.3523851999654,23.17089195206552,2018-09-22-05-03-02
1.0,113.35587960917687,23.170886622056422,2018-09-22-05-03-02
1.0,113.34539728859856,23.171153323645065,2018-09-22-05-03-02
1.0,113.34639549115765,23.171151626501977,2018-09-22-05-03-02
1.0,113.3488910927597,23.17114746601524,2018-09-22-05-03-02
1.0,113.34539727150606,23.171403228504857,2018-09-22-05-03-02
1.0,113.35013893039913,23.17139533747595,2018-09-22-05-03-02
1.0,113.35463153296577,23.171388301383544,2018-09-22-05-03-02
1.0,113.34764324028943,23.171649340875927,2018-09-22-05-03-02
1.0,113.35138680603687,23.171643242089306,2018-09-22-05-03-02
1.0,113.35063804863164,23.17189434314444,2018-09-22-05-03-02
1.0,113.35138678892316,23.171893147025774,2018-09-22-05-03-02
1.0,113.34739364667928,23.172149567489388,2018-09-22-05-03-02
1.0,113.34639540567558,23.172401151188918,2018-09-22-05-03-02
1.0,113.3526346869476,23.172390991238693,2018-09-22-05-03-02
1.0,113.34714405445706,23.172649795458796,2018-09-22-05-03-02
1.0,113.34589626759441,23.172901807647627,2018-09-22-05-03-02
1.0,113.34714403735731,23.17289970055208,2018-09-22-05-03-02
1.0,113.35088755871836,23.172893563212497,2018-09-22-05-03-02
1.0,113.35113713880816,23.17289316450239,2018-09-22-05-03-02
1.0,113.34514760446498,23.173152990697208,2018-09-22-05-03-02
1.0,113.34589625049894,23.173151712780278,2018-09-22-05-03-02
1.0,113.34639535438431,23.173150866469214,2018-09-22-05-03-02
1.0,113.3466449083235,23.173150445038512,2018-09-22-05-03-02
1.0,113.3478926984842,23.173148355594613,2018-09-22-05-03-02
1.0,113.3508875416055,23.173143468344282,2018-09-22-05-03-02
1.0,113.35113712169445,23.17314306963413,2018-09-22-05-03-02
1.0,113.35138670335215,23.17314267229326,2018-09-22-05-03-02
1.0,113.34489804125633,23.173403324048476,2018-09-22-05-03-02
1.0,113.34514758737204,23.173402895869202,2018-09-22-05-03-02
1.0,113.34539713476003,23.173402468785625,2018-09-22-05-03-02
1.0,113.34564668343293,23.173402042809396,2018-09-22-05-03-02
1.0,113.34614578468378,23.17340119422548,2018-09-22-05-03-02
1.0,113.34664489122518,23.173400350210247,2018-09-22-05-03-02
1.0,113.34689444651116,23.1733999299448,2018-09-22-05-03-02
1.0,113.34988921958596,23.17339498182593,2018-09-22-05-03-02
1.0,113.35088752449246,23.173393373515278,2018-09-22-05-03-02
1.0,113.34464847930893,23.17365365852312,2018-09-22-05-03-02
1.0,113.34689442941179,23.173649835155757,2018-09-22-05-03-02
1.0,113.34489800707176,23.17390313451039,2018-09-22-05-03-02
1.0,113.34639530309154,23.17390058210239,2018-09-22-05-03-02
1.0,113.34714396895664,23.173899321317307,2018-09-22-05-03-02
1.0,113.34839177301701,23.17389724392793,2018-09-22-05-03-02
1.0,113.35113707035234,23.173892785264833,2018-09-22-05-03-02
1.0,113.34464844512584,23.17415346906381,2018-09-22-05-03-02
1.0,113.34489798997922,23.17415303980038,2018-09-22-05-03-02
1.0,113.34614573339319,23.174150909976742,2018-09-22-05-03-02
1.0,113.34489797288651,23.174402945129795,2018-09-22-05-03-02
1.0,113.34514751899862,23.17440251695035,2018-09-22-05-03-02
1.0,113.34564661505229,23.1744016638902,2018-09-22-05-03-02
1.0,113.34639526889552,23.17440039272128,2018-09-22-05-03-02
1.0,113.34664482283026,23.174399971290367,2018-09-22-05-03-02
1.0,113.34564659795672,23.174651569258966,2018-09-22-05-03-02
1.0,113.34614569919862,23.17465072067462,2018-09-22-05-03-02
1.0,113.34639525179726,23.174650298089915,2018-09-22-05-03-02
1.0,113.34464839384994,23.174903185170677,2018-09-22-05-03-02
1.0,113.3448979387006,23.174902755907116,2018-09-22-05-03-02
1.0,113.34539703219347,23.174901900643754,2018-09-22-05-03-02
1.0,113.34614568210108,23.174900626082835,2018-09-22-05-03-02
1.0,113.34564656376506,23.175151380115157,2018-09-22-05-03-02
1.0,113.34589611372917,23.175150955257603,2018-09-22-05-03-02
1.0,113.34539699800328,23.175401711579255,2018-09-22-05-03-02
1.0,113.34589609663219,23.175400860745086,2018-09-22-05-03-02
1.0,113.34489788742049,23.175652472370146,2018-09-22-05-03-02
1.0,113.34764296665591,23.175647824572774,2018-09-22-05-03-02
1.0,113.34839165327871,23.17564658178346,2018-09-22-05-03-02
1.0,113.34464832547972,23.17590280720098,2018-09-22-05-03-02
1.0,113.34539696381242,23.17590152267354,2018-09-22-05-03-02
1.0,113.34514739933866,23.17615185536441,2018-09-22-05-03-02
1.0,113.34689425840891,23.176148889436696,2018-09-22-05-03-02
1.0,113.34789247613577,23.17639712590238,2018-09-22-05-03-02
1.0,113.35612884603361,23.176384167872143,2018-09-22-05-03-02
1.0,113.34639511500515,23.176649542466762,2018-09-22-05-03-02
1.0,113.34639509790539,23.176899448193144,2018-09-22-05-03-02
1.0,113.34689420710478,23.176898606495744,2018-09-22-05-03-02
1.0,113.3466446347304,23.17714893252816,2018-09-22-05-03-02
1.0,113.34764286403228,23.17714725857068,2018-09-22-05-03-02
1.0,113.34464822291939,23.177402241441612,2018-09-22-05-03-02
1.0,113.34564640989431,23.177400530936488,2018-09-22-05-03-02
1.0,113.34589595985034,23.17740010607855,2018-09-22-05-03-02
1.0,113.34639506370534,23.177399259766023,2018-09-22-05-03-02
1.0,113.34664461762941,23.17739883833459,2018-09-22-05-03-02
1.0,113.34689417290119,23.17739841806845,2018-09-22-05-03-02
1.0,113.34514729676646,23.17765128984448,2018-09-22-05-03-02
1.0,113.34614549401714,23.17764958819784,2018-09-22-05-03-02
1.0,113.34689415579915,23.177648323914962,2018-09-22-05-03-02
1.0,113.349389751148,23.17814399968199,2018-09-22-05-03-02
1.0,113.34664454922377,23.17839846196211,2018-09-22-05-03-02
1.0,113.34689408738927,23.178647947703357,2018-09-22-05-03-02
1.0,113.34988879179053,23.179642624006195,2018-09-22-05-03-02
