count,wgs_lng,wgs_lat,time
1.0,113.33092710092825,23.14394012923361,2018-09-28-06-00-15
1.0,113.33192508689157,23.143938250004137,2018-09-28-06-00-15
1.0,113.33442009425494,23.143933585634848,2018-09-28-06-00-15
1.0,113.33466959869334,23.143933122184183,2018-09-28-06-00-15
1.0,113.33491910385798,23.14393265932554,2018-09-28-06-00-15
1.0,113.33641615083957,23.143929895291038,2018-09-28-06-00-15
1.0,113.32493931504284,23.144201414845107,2018-09-28-06-00-15
2.0,113.32668572719483,23.14419808011868,2018-09-28-06-00-15
1.0,113.32693521573303,23.144197604420256,2018-09-28-06-00-15
1.0,113.32992910637255,23.14419191594462,2018-09-28-06-00-15
1.0,113.3354180993825,23.144181636392755,2018-09-28-06-00-15
1.0,113.33616662399956,23.144180255300142,2018-09-28-06-00-15
1.0,113.33491906978844,23.144432461277447,2018-09-28-06-00-15
1.0,113.33242403222383,23.144687016059766,2018-09-28-06-00-15
1.0,113.33616658991993,23.14468005731725,2018-09-28-06-00-15
1.0,113.33766366125242,23.144677313424157,2018-09-28-06-00-15
1.0,113.33067753771431,23.144940204128734,2018-09-28-06-00-15
1.0,113.3264361709505,23.14519816018685,2018-09-28-06-00-15
1.0,113.32868157695029,23.14519388527062,2018-09-28-06-00-15
1.0,113.32992903831132,23.14519152011456,2018-09-28-06-00-15
1.0,113.33566753865236,23.14518077954966,2018-09-28-06-00-15
1.0,113.33641606563523,23.145179400415955,2018-09-28-06-00-15
1.0,113.33666557624973,23.14517894204351,2018-09-28-06-00-15
1.0,113.32868155993958,23.145443786395685,2018-09-28-06-00-15
1.0,113.32468972655386,23.145701298235267,2018-09-28-06-00-15
1.0,113.32493921307089,23.14570082130279,2018-09-28-06-00-15
1.0,113.32643613694705,23.145697962470788,2018-09-28-06-00-15
1.0,113.3261866319981,23.14594833974374,2018-09-28-06-00-15
1.0,113.32643611994507,23.145947863662407,2018-09-28-06-00-15
1.0,113.32668560817741,23.145947387766203,2018-09-28-06-00-15
1.0,113.32943000140021,23.14594216866293,2018-09-28-06-00-15
1.0,113.32992898726364,23.145941223588377,2018-09-28-06-00-15
1.0,113.33042797501874,23.145940279946615,2018-09-28-06-00-15
1.0,113.33142595663196,23.145938397356545,2018-09-28-06-00-15
1.0,113.33167545338473,23.1459379277588,2018-09-28-06-00-15
1.0,113.3321744486031,23.145936989909337,2018-09-28-06-00-15
1.0,113.33242394709542,23.14593652168226,2018-09-28-06-00-15
1.0,113.32992897024742,23.146191124812592,2018-09-28-06-00-15
2.0,113.33591697869105,23.14617992387525,2018-09-28-06-00-15
1.0,113.32493916208267,23.14645052497797,2018-09-28-06-00-15
1.0,113.32643608594063,23.14644766614522,2018-09-28-06-00-15
1.0,113.32868149189507,23.146443391227127,2018-09-28-06-00-15
1.0,113.32893098329674,23.14644291755344,2018-09-28-06-00-15
1.0,113.3346694283487,23.146432133262085,2018-09-28-06-00-15
1.0,113.33541794604518,23.146430746509925,2018-09-28-06-00-15
2.0,113.33591696165095,23.146429825131694,2018-09-28-06-00-15
2.0,113.33616647063597,23.146429365416186,2018-09-28-06-00-15
1.0,113.32743402370168,23.146695665085645,2018-09-28-06-00-15
1.0,113.32868147488352,23.14669329251807,2018-09-28-06-00-15
1.0,113.33367139782776,23.146683891786118,2018-09-28-06-00-15
1.0,113.33516842236064,23.146681109438088,2018-09-28-06-00-15
1.0,113.33117639234648,23.146938472482173,2018-09-28-06-00-15
1.0,113.3324238789897,23.146936126777067,2018-09-28-06-00-15
1.0,113.3339208831236,23.14693332795587,2018-09-28-06-00-15
1.0,113.33641594634214,23.14692870897866,2018-09-28-06-00-15
1.0,113.32918042407663,23.147192148161192,2018-09-28-06-00-15
1.0,113.33042788992594,23.147189786400148,2018-09-28-06-00-15
1.0,113.33067738454132,23.14718931514723,2018-09-28-06-00-15
1.0,113.33292286077054,23.147185093136404,2018-09-28-06-00-15
1.0,113.33317236111752,23.14718462639057,2018-09-28-06-00-15
1.0,113.33666543990635,23.147178151962276,2018-09-28-06-00-15
1.0,113.32493909409605,23.147450130344506,2018-09-28-06-00-15
1.0,113.32693499468108,23.147446319915357,2018-09-28-06-00-15
1.0,113.3299288851638,23.147440631433263,2018-09-28-06-00-15
1.0,113.33017837879218,23.147440159426857,2018-09-28-06-00-15
1.0,113.33067736752126,23.147439216538043,2018-09-28-06-00-15
1.0,113.33466936020618,23.147431738622153,2018-09-28-06-00-15
1.0,113.33566738530027,23.14742989085974,2018-09-28-06-00-15
1.0,113.33591687644798,23.14767933191438,2018-09-28-06-00-15
1.0,113.3341703180015,23.147932468985477,2018-09-28-06-00-15
1.0,113.33616636838607,23.147928773655636,2018-09-28-06-00-15
1.0,113.32718443249931,23.148195548801745,2018-09-28-06-00-15
1.0,113.32942984826622,23.148191280882685,2018-09-28-06-00-15
1.0,113.32967934095915,23.14819080817211,2018-09-28-06-00-15
1.0,113.33017832773702,23.148189863800855,2018-09-28-06-00-15
1.0,113.32918033900471,23.148441655452206,2018-09-28-06-00-15
1.0,113.3294298312505,23.1484411824081,2018-09-28-06-00-15
1.0,113.32967932394243,23.148440709697482,2018-09-28-06-00-15
1.0,113.32468952260417,23.14870011474014,2018-09-28-06-00-15
1.0,113.32942981423462,23.14869108396725,2018-09-28-06-00-15
1.0,113.3359168082826,23.14867893794445,2018-09-28-06-00-15
1.0,113.32967928990848,23.148940512849503,2018-09-28-06-00-15
1.0,113.33017827668034,23.148939568477996,2018-09-28-06-00-15
1.0,113.33042775376883,23.149188998468528,2018-09-28-06-00-15
1.0,113.33541775861457,23.149179662541187,2018-09-28-06-00-15
1.0,113.3359167741989,23.149178741162036,2018-09-28-06-00-15
1.0,113.3281823061708,23.149443157156817,2018-09-28-06-00-15
1.0,113.32893077913518,23.14944173525739,2018-09-28-06-00-15
1.0,113.33117622212016,23.149437487567244,2018-09-28-06-00-15
1.0,113.33142571830584,23.149437017536677,2018-09-28-06-00-15
1.0,113.32543791474653,23.149698290864265,2018-09-28-06-00-15
1.0,113.33092670945172,23.14968785971215,2018-09-28-06-00-15
1.0,113.33192469532351,23.149685980478854,2018-09-28-06-00-15
1.0,113.3329226904731,23.14968410855568,2018-09-28-06-00-15
1.0,113.33516821789958,23.14967992753342,2018-09-28-06-00-15
1.0,113.32543789774594,23.149948192593623,2018-09-28-06-00-15
1.0,113.32593687230121,23.14994723961526,2018-09-28-06-00-15
1.0,113.32768329209358,23.149943909892762,2018-09-28-06-00-15
1.0,113.33766330325427,23.1499252426284,2018-09-28-06-00-15
1.0,113.33167516396757,23.150186253123373,2018-09-28-06-00-15
1.0,113.33292265641161,23.150183912045982,2018-09-28-06-00-15
1.0,113.33441966838657,23.15018111958979,2018-09-28-06-00-15
1.0,113.33741377220218,23.15017559993133,2018-09-28-06-00-15
1.0,113.32768325807372,23.15044371345302,2018-09-28-06-00-15
1.0,113.32843172871073,23.15044228988588,2018-09-28-06-00-15
1.0,113.33117615402497,23.15043709454913,2018-09-28-06-00-15
1.0,113.33167514694154,23.150436154919905,2018-09-28-06-00-15
1.0,113.33616619795623,23.1504277900842,2018-09-28-06-00-15
1.0,113.32668528508907,23.150695516773773,2018-09-28-06-00-15
1.0,113.3341701306137,23.15068138724769,2018-09-28-06-00-15
1.0,113.3344196343126,23.15068092321613,2018-09-28-06-00-15
1.0,113.33466913872454,23.150680459764338,2018-09-28-06-00-15
1.0,113.32493885612195,23.150948753373807,2018-09-28-06-00-15
1.0,113.3301781405219,23.15093878244399,2018-09-28-06-00-15
1.0,113.33417011357744,23.15093128911224,2018-09-28-06-00-15
1.0,113.33491862682357,23.15092989876899,2018-09-28-06-00-15
1.0,113.33541763933002,23.150928974874386,2018-09-28-06-00-15
1.0,113.33641567364154,23.150927134727457,2018-09-28-06-00-15
1.0,113.3371642079278,23.150925761688498,2018-09-28-06-00-15
1.0,113.32942964406658,23.15119010142683,2018-09-28-06-00-15
1.0,113.33417009654103,23.15118119101109,2018-09-28-06-00-15
1.0,113.33466910464794,23.15118026352757,2018-09-28-06-00-15
1.0,113.33042760057933,23.151438114640868,2018-09-28-06-00-15
1.0,113.33417007950443,23.1514310929443,2018-09-28-06-00-15
1.0,113.33466908760938,23.151430165460695,2018-09-28-06-00-15
1.0,113.33541760524723,23.15142877870603,2018-09-28-06-00-15
1.0,113.33641563955096,23.151426938558767,2018-09-28-06-00-15
1.0,113.32942961003099,23.151689905329242,2018-09-28-06-00-15
1.0,113.326186223925,23.151945978425847,2018-09-28-06-00-15
1.0,113.3249387711233,23.152198263219876,2018-09-28-06-00-15
1.0,113.3339205254004,23.152181263549963,2018-09-28-06-00-15
1.0,113.335168047497,23.152178946351004,2018-09-28-06-00-15
1.0,113.33591656968274,23.152177563331584,2018-09-28-06-00-15
1.0,113.33342150442569,23.152432096473422,2018-09-28-06-00-15
1.0,113.33666506490702,23.15267599036656,2018-09-28-06-00-15
1.0,113.32618615590351,23.15294558678535,2018-09-28-06-00-15
1.0,113.3276830879644,23.15294273331464,2018-09-28-06-00-15
1.0,113.32893054091637,23.152940362100317,2018-09-28-06-00-15
1.0,113.33516799637299,23.152928652668074,2018-09-28-06-00-15
1.0,113.33616602750969,23.15292680993168,2018-09-28-06-00-15
1.0,113.33641553727522,23.152926350880417,2018-09-28-06-00-15
1.0,113.33217395480492,23.153184139098713,2018-09-28-06-00-15
1.0,113.33042746439956,23.153437331355132,2018-09-28-06-00-15
1.0,113.33491845642243,23.153428919309075,2018-09-28-06-00-15
1.0,113.33367092087938,23.153681141652935,2018-09-28-06-00-15
1.0,113.33017793626423,23.15393760751813,2018-09-28-06-00-15
1.0,113.33042743035296,23.153937135881197,2018-09-28-06-00-15
1.0,113.33442009425494,23.143933585634848,2018-09-28-06-00-15
1.0,113.33466959869334,23.143933122184183,2018-09-28-06-00-15
1.0,113.33491910385798,23.14393265932554,2018-09-28-06-00-15
1.0,113.33641615083957,23.143929895291038,2018-09-28-06-00-15
1.0,113.33990938001698,23.14392354525932,2018-09-28-06-00-15
1.0,113.34140653629079,23.143920872701738,2018-09-28-06-00-15
1.0,113.34165606604188,23.143920430421417,2018-09-28-06-00-15
1.0,113.34739557793347,23.143910538741054,2018-09-28-06-00-15
1.0,113.3354180993825,23.144181636392755,2018-09-28-06-00-15
1.0,113.33616662399956,23.144180255300142,2018-09-28-06-00-15
1.0,113.3384122427821,23.1441761492642,2018-09-28-06-00-15
1.0,113.33965984050276,23.144173894678577,2018-09-28-06-00-15
1.0,113.33990936296303,23.14417344621804,2018-09-28-06-00-15
1.0,113.34215511177412,23.144169449623018,2018-09-28-06-00-15
1.0,113.33491906978844,23.144432461277447,2018-09-28-06-00-15
1.0,113.34365231035001,23.14441672862937,2018-09-28-06-00-15
1.0,113.33616658991993,23.14468005731725,2018-09-28-06-00-15
1.0,113.33766366125242,23.144677313424157,2018-09-28-06-00-15
1.0,113.34040837679183,23.14467235386546,2018-09-28-06-00-15
1.0,113.34639730239256,23.144661920377068,2018-09-28-06-00-15
1.0,113.34015883526011,23.144922701677384,2018-09-28-06-00-15
1.0,113.33566753865236,23.14518077954966,2018-09-28-06-00-15
1.0,113.33641606563523,23.145179400415955,2018-09-28-06-00-15
1.0,113.33666557624973,23.14517894204351,2018-09-28-06-00-15
1.0,113.34465040956606,23.14541460528147,2018-09-28-06-00-15
1.0,113.34090736060902,23.145671067406923,2018-09-28-06-00-15
1.0,113.34365220793806,23.145916135266095,2018-09-28-06-00-15
2.0,113.33591697869105,23.14617992387525,2018-09-28-06-00-15
1.0,113.33816258967839,23.14617581141045,2018-09-28-06-00-15
1.0,113.3346694283487,23.146432133262085,2018-09-28-06-00-15
1.0,113.33541794604518,23.146430746509925,2018-09-28-06-00-15
2.0,113.33591696165095,23.146429825131694,2018-09-28-06-00-15
2.0,113.33616647063597,23.146429365416186,2018-09-28-06-00-15
1.0,113.33791305682979,23.146426166718715,2018-09-28-06-00-15
1.0,113.33816257262961,23.146425712666517,2018-09-28-06-00-15
1.0,113.33516842236064,23.146681109438088,2018-09-28-06-00-15
1.0,113.34065776583378,23.14667111736422,2018-09-28-06-00-15
1.0,113.33641594634214,23.14692870897866,2018-09-28-06-00-15
1.0,113.33666543990635,23.147178151962276,2018-09-28-06-00-15
1.0,113.33816252148226,23.147175416634674,2018-09-28-06-00-15
1.0,113.3463971316017,23.147160932427784,2018-09-28-06-00-15
1.0,113.33466936020618,23.147431738622153,2018-09-28-06-00-15
1.0,113.33566738530027,23.14742989085974,2018-09-28-06-00-15
1.0,113.33591687644798,23.14767933191438,2018-09-28-06-00-15
1.0,113.33616636838607,23.147928773655636,2018-09-28-06-00-15
1.0,113.34015863058242,23.14792151694984,2018-09-28-06-00-15
1.0,113.34190528975455,23.148418211384058,2018-09-28-06-00-15
1.0,113.3359168082826,23.14867893794445,2018-09-28-06-00-15
1.0,113.33541775861457,23.149179662541187,2018-09-28-06-00-15
1.0,113.3359167741989,23.149178741162036,2018-09-28-06-00-15
1.0,113.33916044042587,23.149422721887298,2018-09-28-06-00-15
1.0,113.33940996090034,23.14942227176807,2018-09-28-06-00-15
1.0,113.33516821789958,23.14967992753342,2018-09-28-06-00-15
1.0,113.33940994384463,23.149672173461074,2018-09-28-06-00-15
1.0,113.3411566152288,23.14966904633985,2018-09-28-06-00-15
51.0,113.34614740810635,23.149660370404646,2018-09-28-06-00-15
1.0,113.33766330325427,23.1499252426284,2018-09-28-06-00-15
1.0,113.34040801857377,23.149920283059963,2018-09-28-06-00-15
1.0,113.34390147484056,23.149914125357654,2018-09-28-06-00-15
1.0,113.3448996471758,23.149912401933342,2018-09-28-06-00-15
1.0,113.33441966838657,23.15018111958979,2018-09-28-06-00-15
1.0,113.33741377220218,23.15017559993133,2018-09-28-06-00-15
1.0,113.34115658110365,23.150168849827384,2018-09-28-06-00-15
1.0,113.34165563947884,23.15016796434587,2018-09-28-06-00-15
1.0,113.34390145776774,23.15016402711799,2018-09-28-06-00-15
1.0,113.34514917629905,23.150161875518215,2018-09-28-06-00-15
1.0,113.33616619795623,23.1504277900842,2018-09-28-06-00-15
1.0,113.33965941412356,23.150421429447924,2018-09-28-06-00-15
1.0,113.3344196343126,23.15068092321613,2018-09-28-06-00-15
1.0,113.33466913872454,23.150680459764338,2018-09-28-06-00-15
1.0,113.34140607562341,23.150668210251236,2018-09-28-06-00-15
1.0,113.33491862682357,23.15092989876899,2018-09-28-06-00-15
1.0,113.33541763933002,23.150928974874386,2018-09-28-06-00-15
1.0,113.33641567364154,23.150927134727457,2018-09-28-06-00-15
1.0,113.3371642079278,23.150925761688498,2018-09-28-06-00-15
1.0,113.33791274994041,23.15092439507563,2018-09-28-06-00-15
1.0,113.34340232769053,23.15091460058642,2018-09-28-06-00-15
1.0,113.34365186652144,23.150914166082526,2018-09-28-06-00-15
1.0,113.33466910464794,23.15118026352757,2018-09-28-06-00-15
1.0,113.3461473056191,23.151159781272174,2018-09-28-06-00-15
1.0,113.33466908760938,23.151430165460695,2018-09-28-06-00-15
1.0,113.33541760524723,23.15142877870603,2018-09-28-06-00-15
1.0,113.33641563955096,23.151426938558767,2018-09-28-06-00-15
1.0,113.34065740756789,23.151919052221263,2018-09-28-06-00-15
1.0,113.34739503124668,23.151907385917923,2018-09-28-06-00-15
1.0,113.335168047497,23.152178946351004,2018-09-28-06-00-15
1.0,113.33591656968274,23.152177563331584,2018-09-28-06-00-15
1.0,113.34290316821445,23.152164982454302,2018-09-28-06-00-15
1.0,113.34090689996061,23.152418411324692,2018-09-28-06-00-15
1.0,113.33666506490702,23.15267599036656,2018-09-28-06-00-15
1.0,113.34589765177117,23.152659617099673,2018-09-28-06-00-15
1.0,113.33516799637299,23.152928652668074,2018-09-28-06-00-15
1.0,113.33616602750969,23.15292680993168,2018-09-28-06-00-15
1.0,113.33641553727522,23.152926350880417,2018-09-28-06-00-15
1.0,113.33491845642243,23.153428919309075,2018-09-28-06-00-15
1.0,113.34739559501466,23.143660637816332,2018-09-28-06-00-15
1.0,113.34764515452311,23.143660221120978,2018-09-28-06-00-15
1.0,113.3533854336621,23.14365099434277,2018-09-28-06-00-15
1.0,113.35488303766687,23.14364870965074,2018-09-28-06-00-15
1.0,113.34739557793347,23.143910538741054,2018-09-28-06-00-15
1.0,113.35613107179327,23.14389674871998,2018-09-28-06-00-15
2.0,113.35638068740384,23.143896381065012,2018-09-28-06-00-15
1.0,113.35213744231518,23.144152740607506,2018-09-28-06-00-15
1.0,113.35238703046365,23.144152348859606,2018-09-28-06-00-15
1.0,113.35538221862753,23.14414776211505,2018-09-28-06-00-15
1.0,113.35638067029267,23.14414628202087,2018-09-28-06-00-15
1.0,113.34639730239256,23.144661920377068,2018-09-28-06-00-15
1.0,113.3556317946436,23.144647191743932,2018-09-28-06-00-15
1.0,113.35588140665665,23.144646820927253,2018-09-28-06-00-15
1.0,113.35588138954652,23.14489672198171,2018-09-28-06-00-15
1.0,113.35663021926769,23.145145520114085,2018-09-28-06-00-15
1.0,113.34465040956606,23.14541460528147,2018-09-28-06-00-15
1.0,113.3556317262052,23.145646796159856,2018-09-28-06-00-15
1.0,113.35563170909518,23.145896697346494,2018-09-28-06-00-15
1.0,113.35363485904136,23.146149620542584,2018-09-28-06-00-15
1.0,113.35613090068172,23.146395759760875,2018-09-28-06-00-15
1.0,113.35687975294577,23.146394661594954,2018-09-28-06-00-15
1.0,113.3463971316017,23.147160932427784,2018-09-28-06-00-15
1.0,113.3568796502569,23.147894069812903,2018-09-28-06-00-15
1.0,113.35712927133346,23.147893706978508,2018-09-28-06-00-15
1.0,113.3566299625583,23.148894040415467,2018-09-28-06-00-15
1.0,113.3513883455831,23.14915195038204,2018-09-28-06-00-15
51.0,113.34614740810635,23.149660370404646,2018-09-28-06-00-15
1.0,113.3448996471758,23.149912401933342,2018-09-28-06-00-15
1.0,113.34514917629905,23.150161875518215,2018-09-28-06-00-15
1.0,113.35388416632628,23.150397563378064,2018-09-28-06-00-15
1.0,113.34789421995518,23.150906945943184,2018-09-28-06-00-15
1.0,113.3461473056191,23.151159781272174,2018-09-28-06-00-15
1.0,113.34839332886757,23.151156020548502,2018-09-28-06-00-15
1.0,113.35488252440445,23.151145751816696,2018-09-28-06-00-15
1.0,113.34839331177785,23.15140592247929,2018-09-28-06-00-15
1.0,113.34864287692253,23.151405510696232,2018-09-28-06-00-15
1.0,113.34939158108598,23.151404282933793,2018-09-28-06-00-15
1.0,113.34989072459217,23.15140347086096,2018-09-28-06-00-15
1.0,113.34739503124668,23.151907385917923,2018-09-28-06-00-15
1.0,113.34764459072615,23.15190696922114,2018-09-28-06-00-15
1.0,113.3481437138894,23.151906139472835,2018-09-28-06-00-15
1.0,113.34889240933049,23.151904904134774,2018-09-28-06-00-15
1.0,113.34964111790265,23.151903680210747,2018-09-28-06-00-15
1.0,113.34964108371342,23.152403484313293,2018-09-28-06-00-15
1.0,113.35563126417581,23.1523941400085,2018-09-28-06-00-15
1.0,113.34589765177117,23.152659617099673,2018-09-28-06-00-15
1.0,113.347894100337,23.152656259942294,2018-09-28-06-00-15
1.0,113.34989063911524,23.152652981030933,2018-09-28-06-00-15
1.0,113.34939147852343,23.152903695242145,2018-09-28-06-00-15
1.0,113.32618615590351,23.15294558678535,2018-09-28-06-00-15
1.0,113.3276830879644,23.15294273331464,2018-09-28-06-00-15
1.0,113.32893054091637,23.152940362100317,2018-09-28-06-00-15
1.0,113.33516799637299,23.152928652668074,2018-09-28-06-00-15
1.0,113.33616602750969,23.15292680993168,2018-09-28-06-00-15
1.0,113.33641553727522,23.152926350880417,2018-09-28-06-00-15
1.0,113.33217395480492,23.153184139098713,2018-09-28-06-00-15
1.0,113.33042746439956,23.153437331355132,2018-09-28-06-00-15
1.0,113.33491845642243,23.153428919309075,2018-09-28-06-00-15
1.0,113.33367092087938,23.153681141652935,2018-09-28-06-00-15
1.0,113.33017793626423,23.15393760751813,2018-09-28-06-00-15
1.0,113.33042743035296,23.153937135881197,2018-09-28-06-00-15
1.0,113.3334213851809,23.154181411945697,2018-09-28-06-00-15
1.0,113.32718400728267,23.15444309719749,2018-09-28-06-00-15
1.0,113.33217386965312,23.154433650499996,2018-09-28-06-00-15
1.0,113.33616592523377,23.154426223504572,2018-09-28-06-00-15
1.0,113.33691445698292,23.15442484839477,2018-09-28-06-00-15
1.0,113.33516787707777,23.154677968626753,2018-09-28-06-00-15
1.0,113.3361659081872,23.15467612588919,2018-09-28-06-00-15
1.0,113.33691443993344,23.15467475077926,2018-09-28-06-00-15
1.0,113.33217383559123,23.154933455305713,2018-09-28-06-00-15
1.0,113.33566687402904,23.154926948395957,2018-09-28-06-00-15
1.0,113.32793242467471,23.155191379372983,2018-09-28-06-00-15
1.0,113.33217381856005,23.155183357761338,2018-09-28-06-00-15
1.0,113.33741343119902,23.15517364240263,2018-09-28-06-00-15
1.0,113.33192428663676,23.15568363147631,2018-09-28-06-00-15
1.0,113.3249385161024,23.155946797973318,2018-09-28-06-00-15
1.0,113.32568695980682,23.156195270484087,2018-09-28-06-00-15
1.0,113.3279323566163,23.156190989551387,2018-09-28-06-00-15
1.0,113.33117576242587,23.156184845420928,2018-09-28-06-00-15
1.0,113.33292224762172,23.15618156470741,2018-09-28-06-00-15
1.0,113.3351677748182,23.15617738367539,2018-09-28-06-00-15
1.0,113.33541728142734,23.15617692203546,2018-09-28-06-00-15
1.0,113.32768284978339,23.156441366971354,2018-09-28-06-00-15
1.0,113.33491825191905,23.156427748563807,2018-09-28-06-00-15
1.0,113.32518795177121,23.156696029050988,2018-09-28-06-00-15
1.0,113.3281818127688,23.156690320325684,2018-09-28-06-00-15
1.0,113.32718383716688,23.156942122646686,2018-09-28-06-00-15
1.0,113.33067672063572,23.156935494736434,2018-09-28-06-00-15
1.0,113.33067670360917,23.15718539747589,2018-09-28-06-00-15
1.0,113.33766280875483,23.15717240777167,2018-09-28-06-00-15
1.0,113.32593636214537,23.157444307591167,2018-09-28-06-00-15
1.0,113.32618584977384,23.157443831335165,2018-09-28-06-00-15
1.0,113.32643533767431,23.15744335525193,2018-09-28-06-00-15
2.0,113.33067666955557,23.157685203061945,2018-09-28-06-00-15
11.0,113.3309261646421,23.157684732202522,2018-09-28-06-00-15
1.0,113.33516767255263,23.157676800001138,2018-09-28-06-00-15
1.0,113.33641521336237,23.15767449820951,2018-09-28-06-00-15
1.0,113.32543735363917,23.157945066231367,2018-09-28-06-00-15
1.0,113.33067665252851,23.15793510590866,2018-09-28-06-00-15
2.0,113.33092614761404,23.157934635049195,2018-09-28-06-00-15
1.0,113.33317162867775,23.15793041713413,2018-09-28-06-00-15
1.0,113.3254373366331,23.158194969114817,2018-09-28-06-00-15
1.0,113.33117562619682,23.1581840674798,2018-09-28-06-00-15
1.0,113.32593629411328,23.158443919053006,2018-09-28-06-00-15
1.0,113.32618578173769,23.15844344279684,2018-09-28-06-00-15
1.0,113.33142510531728,23.15843350036615,2018-09-28-06-00-15
1.0,113.33242309558216,23.15843162468355,2018-09-28-06-00-15
1.0,113.33466861046224,23.158427433764547,2018-09-28-06-00-15
1.0,113.33616565246857,23.158424665906608,2018-09-28-06-00-15
1.0,113.32493832906329,23.158695728513514,2018-09-28-06-00-15
1.0,113.33067660144636,23.158684814664213,2018-09-28-06-00-15
1.0,113.33217358010587,23.158681995866935,2018-09-28-06-00-15
1.0,113.33591612648193,23.158675028577726,2018-09-28-06-00-15
1.0,113.32643523561305,23.158942772659827,2018-09-28-06-00-15
1.0,113.33117557510819,23.15893377634303,2018-09-28-06-00-15
1.0,113.33142507125604,23.15893330631088,2018-09-28-06-00-15
1.0,113.33641512811214,23.15892401279749,2018-09-28-06-00-15
1.0,113.33416955128746,23.159178070220314,2018-09-28-06-00-15
1.0,113.33616560132035,23.159174374875427,2018-09-28-06-00-15
1.0,113.3364151110616,23.159173915823118,2018-09-28-06-00-15
1.0,113.32618571369889,23.159443054834124,2018-09-28-06-00-15
1.0,113.33392003128078,23.159428437883,2018-09-28-06-00-15
1.0,113.32743312211835,23.15994048262642,2018-09-28-06-00-15
1.0,113.32992803409857,23.159935744879593,2018-09-28-06-00-15
1.0,113.33367049492212,23.159928709271902,2018-09-28-06-00-15
1.0,113.3349180133014,23.159926389167655,2018-09-28-06-00-15
1.0,113.33541702573751,23.159925465270042,2018-09-28-06-00-15
1.0,113.32992801707302,23.16018564805121,2018-09-28-06-00-15
1.0,113.33516750209667,23.160175830081343,2018-09-28-06-00-15
1.0,113.33267245834276,23.16043038158101,2018-09-28-06-00-15
1.0,113.32518767968347,23.1606944766347,2018-09-28-06-00-15
1.0,113.32743307107135,23.160690192251653,2018-09-28-06-00-15
1.0,113.32518766267657,23.16094437991636,2018-09-28-06-00-15
1.0,113.32818152346806,23.16093867118262,2018-09-28-06-00-15
1.0,113.32818148942951,23.16143847785458,2018-09-28-06-00-15
1.0,113.3259360729906,23.161692660297643,2018-09-28-06-00-15
1.0,113.32718351390103,23.16169028086542,2018-09-28-06-00-15
1.0,113.32843096295176,23.16168790698882,2018-09-28-06-00-15
1.0,113.33042690254528,23.161684124199475,2018-09-28-06-00-15
1.0,113.32643503147251,23.161941611384904,2018-09-28-06-00-15
1.0,113.33491787693377,23.161925615555184,2018-09-28-06-00-15
1.0,113.33466835479389,23.16217598188011,2018-09-28-06-00-15
1.0,113.33516799637299,23.152928652668074,2018-09-28-06-00-15
1.0,113.33616602750969,23.15292680993168,2018-09-28-06-00-15
1.0,113.33641553727522,23.152926350880417,2018-09-28-06-00-15
1.0,113.33491845642243,23.153428919309075,2018-09-28-06-00-15
1.0,113.33616592523377,23.154426223504572,2018-09-28-06-00-15
1.0,113.33691445698292,23.15442484839477,2018-09-28-06-00-15
1.0,113.33791251121129,23.154423024797705,2018-09-28-06-00-15
1.0,113.33516787707777,23.154677968626753,2018-09-28-06-00-15
1.0,113.3361659081872,23.15467612588919,2018-09-28-06-00-15
1.0,113.33691443993344,23.15467475077926,2018-09-28-06-00-15
1.0,113.33566687402904,23.154926948395957,2018-09-28-06-00-15
1.0,113.33741343119902,23.15517364240263,2018-09-28-06-00-15
1.0,113.34015813584531,23.1551686740386,2018-09-28-06-00-15
1.0,113.34614703229032,23.155158216332048,2018-09-28-06-00-15
1.0,113.34664613896167,23.155157372323103,2018-09-28-06-00-15
1.0,113.34639656787313,23.15540769623917,2018-09-28-06-00-15
1.0,113.3351677748182,23.15617738367539,2018-09-28-06-00-15
1.0,113.33541728142734,23.15617692203546,2018-09-28-06-00-15
1.0,113.33841142427035,23.156171434882747,2018-09-28-06-00-15
1.0,113.33990854417729,23.156168731824447,2018-09-28-06-00-15
1.0,113.34365150796198,23.15616211321435,2018-09-28-06-00-15
1.0,113.33491825191905,23.156427748563807,2018-09-28-06-00-15
1.0,113.34340195207513,23.1564124503497,2018-09-28-06-00-15
1.0,113.34365145673317,23.15691182121253,2018-09-28-06-00-15
1.0,113.33766280875483,23.15717240777167,2018-09-28-06-00-15
1.0,113.33965895351673,23.157168791025178,2018-09-28-06-00-15
1.0,113.34365143965657,23.1571617239498,2018-09-28-06-00-15
1.0,113.3439009796605,23.157161290470235,2018-09-28-06-00-15
1.0,113.33516767255263,23.157676800001138,2018-09-28-06-00-15
1.0,113.33641521336237,23.15767449820951,2018-09-28-06-00-15
1.0,113.3446495557336,23.157909704727185,2018-09-28-06-00-15
1.0,113.33466861046224,23.158427433764547,2018-09-28-06-00-15
1.0,113.33616565246857,23.158424665906608,2018-09-28-06-00-15
1.0,113.34015791402099,23.158417409172547,2018-09-28-06-00-15
1.0,113.33591612648193,23.158675028577726,2018-09-28-06-00-15
1.0,113.33990837354847,23.158667759741483,2018-09-28-06-00-15
1.0,113.34015789695641,23.158667312125434,2018-09-28-06-00-15
1.0,113.33641512811214,23.15892401279749,2018-09-28-06-00-15
1.0,113.33616560132035,23.159174374875427,2018-09-28-06-00-15
1.0,113.3364151110616,23.159173915823118,2018-09-28-06-00-15
1.0,113.3349180133014,23.159926389167655,2018-09-28-06-00-15
1.0,113.33541702573751,23.159925465270042,2018-09-28-06-00-15
1.0,113.33516750209667,23.160175830081343,2018-09-28-06-00-15
1.0,113.34040728484972,23.16066609029283,2018-09-28-06-00-15
1.0,113.34365114932874,23.161410075990435,2018-09-28-06-00-15
1.0,113.34315205584934,23.16166084940383,2018-09-28-06-00-15
1.0,113.33491787693377,23.161925615555184,2018-09-28-06-00-15
1.0,113.33965862931299,23.16191694989204,2018-09-28-06-00-15
1.0,113.33466835479389,23.16217598188011,2018-09-28-06-00-15
1.0,113.34115576189947,23.16216417551695,2018-09-28-06-00-15
1.0,113.33891003389463,23.162418107205937,2018-09-28-06-00-15
1.0,113.34090621729453,23.16241452312497,2018-09-28-06-00-15
1.0,113.34115574482861,23.162414079015942,2018-09-28-06-00-15
1.0,113.34140527343021,23.16241363581373,2018-09-28-06-00-15
1.0,113.34290246817991,23.162410996310715,2018-09-28-06-00-15
1.0,113.34015762390041,23.162665764309434,2018-09-28-06-00-15
1.0,113.34340152514116,23.16266002780541,2018-09-28-06-00-15
1.0,113.34589765177117,23.152659617099673,2018-09-28-06-00-15
1.0,113.347894100337,23.152656259942294,2018-09-28-06-00-15
1.0,113.34989063911524,23.152652981030933,2018-09-28-06-00-15
1.0,113.34939147852343,23.152903695242145,2018-09-28-06-00-15
1.0,113.34889223840341,23.154403926038807,2018-09-28-06-00-15
1.0,113.34914180644347,23.154403516780363,2018-09-28-06-00-15
1.0,113.34939137595484,23.154403108801485,2018-09-28-06-00-15
1.0,113.34964094694978,23.154402702113476,2018-09-28-06-00-15
1.0,113.34614703229032,23.155158216332048,2018-09-28-06-00-15
1.0,113.34664613896167,23.155157372323103,2018-09-28-06-00-15
1.0,113.34639656787313,23.15540769623917,2018-09-28-06-00-15
1.0,113.34764431730441,23.155905405951568,2018-09-28-06-00-15
1.0,113.35288532222386,23.157146465876234,2018-09-28-06-00-15
1.0,113.35063902370115,23.15764982222006,2018-09-28-06-00-15
1.0,113.3446495557336,23.157909704727185,2018-09-28-06-00-15
1.0,113.35163724479327,23.159147647749062,2018-09-28-06-00-15
1.0,113.35063886977902,23.15989894910573,2018-09-28-06-00-15
1.0,113.35088839704306,23.160648258653055,2018-09-28-06-00-15
1.0,113.34889179391458,23.160901399548006,2018-09-28-06-00-15
1.0,113.34914132773434,23.161400796953306,2018-09-28-06-00-15
1.0,113.34939089722164,23.16140038897321,2018-09-28-06-00-15
1.0,113.35637948921625,23.161389530219157,2018-09-28-06-00-15
1.0,113.35063873294796,23.161898175471784,2018-09-28-06-00-15
1.0,113.32643503147251,23.161941611384904,2018-09-28-06-00-15
1.0,113.33491787693377,23.161925615555184,2018-09-28-06-00-15
1.0,113.33466835479389,23.16217598188011,2018-09-28-06-00-15
1.0,113.32668443456951,23.163190653177683,2018-09-28-06-00-15
1.0,113.32568646656732,23.163442461484575,2018-09-28-06-00-15
1.0,113.32618544151707,23.16344150881019,2018-09-28-06-00-15
1.0,113.3271833777711,23.163689509319692,2018-09-28-06-00-15
1.0,113.32743286686836,23.16368903405013,2018-09-28-06-00-15
1.0,113.32793184609329,23.16368808422714,2018-09-28-06-00-15
1.0,113.32643489536552,23.16394084013571,2018-09-28-06-00-15
1.0,113.32693387198351,23.16393988853484,2018-09-28-06-00-15
1.0,113.32543692843723,23.16419264922088,2018-09-28-06-00-15
1.0,113.32668436650997,23.164190267997114,2018-09-28-06-00-15
1.0,113.33416921041723,23.164176138403803,2018-09-28-06-00-15
1.0,113.33466821842208,23.164175210915943,2018-09-28-06-00-15
1.0,113.33591575137773,23.164172902770712,2018-09-28-06-00-15
1.0,113.33691379192948,23.164171067937527,2018-09-28-06-00-15
1.0,113.33516721228322,23.164424189592577,2018-09-28-06-00-15
1.0,113.3354167018098,23.16467363178495,2018-09-28-06-00-15
1.0,113.33766229705589,23.164669506768824,2018-09-28-06-00-15
1.0,113.33342065249789,23.16492724536337,2018-09-28-06-00-15
1.0,113.33516717818435,23.16492399729738,2018-09-28-06-00-15
1.0,113.3356661921004,23.164923074643305,2018-09-28-06-00-15
1.0,113.32518737353384,23.165192741338476,2018-09-28-06-00-15
1.0,113.33541666770866,23.16517343956443,2018-09-28-06-00-15
1.0,113.32618530541016,23.165440739343833,2018-09-28-06-00-15
1.0,113.3259357667743,23.166190927668964,2018-09-28-06-00-15
1.0,113.3346680820396,23.166174442335482,2018-09-28-06-00-15
1.0,113.33491757006756,23.166423883569525,2018-09-28-06-00-15
1.0,113.33591559790271,23.166422038284818,2018-09-28-06-00-15
1.0,113.32493778483506,23.166692642413036,2018-09-28-06-00-15
1.0,113.32668419634946,23.166689307660572,2018-09-28-06-00-15
1.0,113.33242253335504,23.166678441497492,2018-09-28-06-00-15
1.0,113.3359155808491,23.166671942418798,2018-09-28-06-00-15
1.0,113.32493776782518,23.166942546586636,2018-09-28-06-00-15
1.0,113.32768213504454,23.166937310333758,2018-09-28-06-00-15
1.0,113.33441852654522,23.1669246181926,2018-09-28-06-00-15
1.0,113.33716311651224,23.16691955477101,2018-09-28-06-00-15
1.0,113.32493775081514,23.16719245079808,2018-09-28-06-00-15
1.0,113.3361650556457,23.167171291081203,2018-09-28-06-00-15
1.0,113.32768210100204,23.167437118793643,2018-09-28-06-00-15
1.0,113.33441849244889,23.167424426650243,2018-09-28-06-00-15
1.0,113.33591552968726,23.16742165504771,2018-09-28-06-00-15
1.0,113.32518720342742,23.167691782509596,2018-09-28-06-00-15
1.0,113.33017694868062,23.168432001434322,2018-09-28-06-00-15
1.0,113.3264345720687,23.168689018009832,2018-09-28-06-00-15
1.0,113.32643455505142,23.168938922487502,2018-09-28-06-00-15
1.0,113.33691346783706,23.168919246495516,2018-09-28-06-00-15
1.0,113.33142437285336,23.16917936062055,2018-09-28-06-00-15
1.0,113.33242232886379,23.169677294075797,2018-09-28-06-00-15
1.0,113.331673818397,23.16992860479446,2018-09-28-06-00-15
1.0,113.33192331562084,23.169928135637296,2018-09-28-06-00-15
1.0,113.33167380135778,23.17017850946323,2018-09-28-06-00-15
1.0,113.33117477452357,23.170679258552465,2018-09-28-06-00-15
1.0,113.33591530796856,23.170670413739582,2018-09-28-06-00-15
1.0,113.3269333954685,23.170937208088546,2018-09-28-06-00-15
1.0,113.33366974498409,23.17092448392463,2018-09-28-06-00-15
1.0,113.331424236547,23.171178598126396,2018-09-28-06-00-15
1.0,113.33242222660915,23.171176722435316,2018-09-28-06-00-15
1.0,113.3336697279363,23.17117438874763,2018-09-28-06-00-15
1.0,113.33267170856394,23.17142615954749,2018-09-28-06-00-15
1.0,113.32618488000745,23.17168835036631,2018-09-28-06-00-15
1.0,113.33491787693377,23.161925615555184,2018-09-28-06-00-15
1.0,113.33965862931299,23.16191694989204,2018-09-28-06-00-15
1.0,113.34115576189947,23.16216417551695,2018-09-28-06-00-15
1.0,113.33891003389463,23.162418107205937,2018-09-28-06-00-15
1.0,113.34090621729453,23.16241452312497,2018-09-28-06-00-15
1.0,113.34115574482861,23.162414079015942,2018-09-28-06-00-15
1.0,113.34140527343021,23.16241363581373,2018-09-28-06-00-15
1.0,113.34290246817991,23.162410996310715,2018-09-28-06-00-15
1.0,113.34015762390041,23.162665764309434,2018-09-28-06-00-15
1.0,113.34340152514116,23.16266002780541,2018-09-28-06-00-15
1.0,113.33965856105188,23.162916563962842,2018-09-28-06-00-15
1.0,113.34115571068642,23.162913886124556,2018-09-28-06-00-15
1.0,113.34140523928615,23.162913442922264,2018-09-28-06-00-15
1.0,113.34315197045795,23.162910366897357,2018-09-28-06-00-15
1.0,113.34365104684854,23.16290949687185,2018-09-28-06-00-15
1.0,113.34764383871318,23.16290269218486,2018-09-28-06-00-15
1.0,113.34065663960706,23.163164678847473,2018-09-28-06-00-15
1.0,113.34315193630022,23.16341017415317,2018-09-28-06-00-15
1.0,113.34265284751778,23.16366095186969,2018-09-28-06-00-15
1.0,113.33591575137773,23.164172902770712,2018-09-28-06-00-15
1.0,113.33691379192948,23.164171067937527,2018-09-28-06-00-15
1.0,113.33866039594913,23.164167884468032,2018-09-28-06-00-15
1.0,113.33516721228322,23.164424189592577,2018-09-28-06-00-15
1.0,113.3354167018098,23.16467363178495,2018-09-28-06-00-15
1.0,113.33766229705589,23.164669506768824,2018-09-28-06-00-15
1.0,113.33516717818435,23.16492399729738,2018-09-28-06-00-15
1.0,113.3356661921004,23.164923074643305,2018-09-28-06-00-15
1.0,113.34240322800554,23.164910909335646,2018-09-28-06-00-15
1.0,113.34439953376466,23.164907429466695,2018-09-28-06-00-15
1.0,113.33541666770866,23.16517343956443,2018-09-28-06-00-15
1.0,113.33841081013398,23.165167952393606,2018-09-28-06-00-15
1.0,113.34115553996537,23.165412923894664,2018-09-28-06-00-15
1.0,113.33491757006756,23.166423883569525,2018-09-28-06-00-15
1.0,113.33591559790271,23.166422038284818,2018-09-28-06-00-15
1.0,113.34040689226578,23.166413875051955,2018-09-28-06-00-15
1.0,113.3359155808491,23.166671942418798,2018-09-28-06-00-15
1.0,113.33716311651224,23.16691955477101,2018-09-28-06-00-15
1.0,113.3361650556457,23.167171291081203,2018-09-28-06-00-15
1.0,113.3419040094564,23.16716092572203,2018-09-28-06-00-15
1.0,113.33591552968726,23.16742165504771,2018-09-28-06-00-15
1.0,113.34215349008602,23.167910198164332,2018-09-28-06-00-15
1.0,113.3416544103935,23.168160984289816,2018-09-28-06-00-15
1.0,113.34639569629758,23.168152771195484,2018-09-28-06-00-15
1.0,113.34065628110949,23.168412663291193,2018-09-28-06-00-15
1.0,113.34165437623986,23.168660793125422,2018-09-28-06-00-15
1.0,113.33691346783706,23.168919246495516,2018-09-28-06-00-15
1.0,113.34115530092781,23.16891158308842,2018-09-28-06-00-15
1.0,113.34015718009312,23.169163269363956,2018-09-28-06-00-15
1.0,113.34065622988952,23.169162376717125,2018-09-28-06-00-15
1.0,113.34290197286373,23.16965821403013,2018-09-28-06-00-15
1.0,113.34639559373063,23.169652198156644,2018-09-28-06-00-15
1.0,113.34664514768227,23.169651776726546,2018-09-28-06-00-15
1.0,113.34714425964096,23.16965093737376,2018-09-28-06-00-15
1.0,113.33865998639766,23.17016558597396,2018-09-28-06-00-15
1.0,113.34040663618512,23.170162441043505,2018-09-28-06-00-15
1.0,113.34090567096904,23.17041145485596,2018-09-28-06-00-15
1.0,113.34614598983109,23.170402334739528,2018-09-28-06-00-15
1.0,113.33591530796856,23.170670413739582,2018-09-28-06-00-15
1.0,113.33865995226402,23.1706653954249,2018-09-28-06-00-15
1.0,113.3458964214461,23.170652663209218,2018-09-28-06-00-15
1.0,113.34514775829389,23.170903845907194,2018-09-28-06-00-15
1.0,113.34240280102159,23.171158518382793,2018-09-28-06-00-15
1.0,113.34439910659705,23.171155038505315,2018-09-28-06-00-15
1.0,113.34664504510395,23.171151205071624,2018-09-28-06-00-15
1.0,113.34439908950817,23.171404943365282,2018-09-28-06-00-15
1.0,113.34489817798793,23.171404083767023,2018-09-28-06-00-15
1.0,113.3453972544134,23.171653133403478,2018-09-28-06-00-15
1.0,113.35063873294796,23.161898175471784,2018-09-28-06-00-15
1.0,113.34764383871318,23.16290269218486,2018-09-28-06-00-15
1.0,113.35013949491244,23.16314849730607,2018-09-28-06-00-15
1.0,113.34864200508044,23.164150556030176,2018-09-28-06-00-15
1.0,113.35288477465478,23.165143372568284,2018-09-28-06-00-15
1.0,113.3543823578537,23.165141069974887,2018-09-28-06-00-15
1.0,113.35263516619322,23.165393665402824,2018-09-28-06-00-15
1.0,113.35213597129602,23.165644351462145,2018-09-28-06-00-15
1.0,113.35637916385197,23.166137700883024,2018-09-28-06-00-15
1.0,113.35737757576452,23.167135862914833,2018-09-28-06-00-15
1.0,113.35413256810413,23.167890395467012,2018-09-28-06-00-15
1.0,113.35438216953378,23.16789001541668,2018-09-28-06-00-15
1.0,113.34639569629758,23.168152771195484,2018-09-28-06-00-15
1.0,113.35413253386356,23.16839020422199,2018-09-28-06-00-15
1.0,113.35013910148305,23.168896290624627,2018-09-28-06-00-15
1.0,113.34839209797956,23.16914905084848,2018-09-28-06-00-15
1.0,113.34939036704232,23.16914741129064,2018-09-28-06-00-15
1.0,113.34639559373063,23.169652198156644,2018-09-28-06-00-15
1.0,113.34664514768227,23.169651776726546,2018-09-28-06-00-15
1.0,113.34714425964096,23.16965093737376,2018-09-28-06-00-15
1.0,113.34939033283166,23.169647220429873,2018-09-28-06-00-15
1.0,113.3508877640596,23.169894704669648,2018-09-28-06-00-15
1.0,113.35313404243918,23.169891166506684,2018-09-28-06-00-15
1.0,113.35563004862571,23.17013727865223,2018-09-28-06-00-15
1.0,113.35637888981397,23.1701361709256,2018-09-28-06-00-15
1.0,113.34614598983109,23.170402334739528,2018-09-28-06-00-15
1.0,113.35038857429923,23.17039531552186,2018-09-28-06-00-15
1.0,113.3506381512962,23.17039491410704,2018-09-28-06-00-15
1.0,113.35113730993594,23.170394115329547,2018-09-28-06-00-15
1.0,113.35513081296466,23.170387929682114,2018-09-28-06-00-15
1.0,113.3458964214461,23.170652663209218,2018-09-28-06-00-15
1.0,113.34939026440836,23.170646839170164,2018-09-28-06-00-15
1.0,113.35063813418586,23.170644818849755,2018-09-28-06-00-15
1.0,113.35288439810138,23.170641268063857,2018-09-28-06-00-15
1.0,113.35438198119353,23.17063896546461,2018-09-28-06-00-15
1.0,113.3573773359313,23.17063452580222,2018-09-28-06-00-15
1.0,113.34514775829389,23.170903845907194,2018-09-28-06-00-15
1.0,113.34939024730211,23.170896743951765,2018-09-28-06-00-15
1.0,113.35038854008008,23.17089512504605,2018-09-28-06-00-15
1.0,113.35438196407068,23.170888870245335,2018-09-28-06-00-15
1.0,113.35463156721357,23.170888491705963,2018-09-28-06-00-15
1.0,113.35562999724581,23.17088699287779,2018-09-28-06-00-15
1.0,113.34664504510395,23.171151205071624,2018-09-28-06-00-15
1.0,113.34789283529993,23.17114911562945,2018-09-28-06-00-15
1.0,113.34814239751913,23.17114870136332,2018-09-28-06-00-15
1.0,113.34864152623669,23.171147876544833,2018-09-28-06-00-15
1.0,113.35013894750828,23.171145432616978,2018-09-28-06-00-15
1.0,113.34489817798793,23.171404083767023,2018-09-28-06-00-15
1.0,113.34914064363623,23.171396961613027,2018-09-28-06-00-15
1.0,113.35013893039913,23.17139533747595,2018-09-28-06-00-15
1.0,113.35662842150872,23.171385328764423,2018-09-28-06-00-15
1.0,113.3453972544134,23.171653133403478,2018-09-28-06-00-15
1.0,113.35188597411664,23.17164245156031,2018-09-28-06-00-15
1.0,113.35213556055766,23.171642058394042,2018-09-28-06-00-15
1.0,113.3553803357164,23.171637079838252,2018-09-28-06-00-15
1.0,113.331424236547,23.171178598126396,2018-09-28-06-00-15
1.0,113.33242222660915,23.171176722435316,2018-09-28-06-00-15
1.0,113.3336697279363,23.17117438874763,2018-09-28-06-00-15
1.0,113.33267170856394,23.17142615954749,2018-09-28-06-00-15
1.0,113.32618488000745,23.17168835036631,2018-09-28-06-00-15
1.0,113.33292115704573,23.1721754071104,2018-09-28-06-00-15
1.0,113.33366965974342,23.17217400842793,2018-09-28-06-00-15
1.0,113.33292114000005,23.172425312127945,2018-09-28-06-00-15
1.0,113.32793123326783,23.17268464208328,2018-09-28-06-00-15
1.0,113.32992716558289,23.1726808541413,2018-09-28-06-00-15
1.0,113.33042615312391,23.172679910490665,2018-09-28-06-00-15
1.0,113.33292112295422,23.17267521718454,2018-09-28-06-00-15
1.0,113.33466763872272,23.172671961250376,2018-09-28-06-00-15
1.0,113.33491714377475,23.172671498386933,2018-09-28-06-00-15
1.0,113.33566566342198,23.172670113471085,2018-09-28-06-00-15
1.0,113.33666370059188,23.17266827594652,2018-09-28-06-00-15
1.0,113.33766175107795,23.17266644945687,2018-09-28-06-00-15
1.0,113.32643428275217,23.172937399374113,2018-09-28-06-00-15
1.0,113.32892917903979,23.172932650738474,2018-09-28-06-00-15
1.0,113.33092512562595,23.17292887346763,2018-09-28-06-00-15
1.0,113.33491712672087,23.172921403482295,2018-09-28-06-00-15
1.0,113.33566564636516,23.172920018566323,2018-09-28-06-00-15
1.0,113.32793119921564,23.17318445231548,2018-09-28-06-00-15
1.0,113.32892916200959,23.173182555873986,2018-09-28-06-00-15
1.0,113.33541612199929,23.17317038471477,2018-09-28-06-00-15
1.0,113.33716268999221,23.17316717150279,2018-09-28-06-00-15
1.0,113.32743220304303,23.173435307316588,2018-09-28-06-00-15
1.0,113.32843016279895,23.173433408701438,2018-09-28-06-00-15
1.0,113.32917863669181,23.173431987679326,2018-09-28-06-00-15
1.0,113.32593525629393,23.173688067244186,2018-09-28-06-00-15
1.0,113.328180655277,23.173683788174174,2018-09-28-06-00-15
1.0,113.32942811180472,23.17368141984498,2018-09-28-06-00-15
1.0,113.3346675705101,23.173671581867136,2018-09-28-06-00-15
1.0,113.33491707555822,23.173671119003526,2018-09-28-06-00-15
1.0,113.326184726837,23.173937496239255,2018-09-28-06-00-15
1.0,113.32768164136293,23.17418454804059,2018-09-28-06-00-15
1.0,113.32743213494406,23.17443492840965,2018-09-28-06-00-15
1.0,113.32768162433693,23.174434453372896,2018-09-28-06-00-15
1.0,113.32793111408225,23.174433978583103,2018-09-28-06-00-15
1.0,113.32917856856464,23.17443160877123,2018-09-28-06-00-15
1.0,113.33516653017892,23.17442037261914,2018-09-28-06-00-15
1.0,113.3269331401389,23.17468578454647,2018-09-28-06-00-15
1.0,113.32843007765466,23.174682935165503,2018-09-28-06-00-15
1.0,113.32942804367285,23.17468104109431,2018-09-28-06-00-15
1.0,113.3316734946235,23.174676800147235,2018-09-28-06-00-15
1.0,113.33666356410157,23.17466751780644,2018-09-28-06-00-15
1.0,113.33691307543398,23.17466706011875,2018-09-28-06-00-15
1.0,113.32768159028443,23.174934264156008,2018-09-28-06-00-15
1.0,113.32793108002772,23.17493378936613,2018-09-28-06-00-15
1.0,113.32867955150637,23.174932366601883,2018-09-28-06-00-15
1.0,113.33691305837097,23.174916965528535,2018-09-28-06-00-15
1.0,113.32743208386808,23.175184644643796,2018-09-28-06-00-15
1.0,113.32768157325792,23.17518416960692,2018-09-28-06-00-15
1.0,113.32843004359577,23.175182746027488,2018-09-28-06-00-15
1.0,113.33366945514878,23.175172871225996,2018-09-28-06-00-15
1.0,113.33516647901034,23.175170088849423,2018-09-28-06-00-15
1.0,113.3369130413078,23.175166870977908,2018-09-28-06-00-15
1.0,113.33317043567426,23.175423708649106,2018-09-28-06-00-15
1.0,113.3359149838674,23.17541861130764,2018-09-28-06-00-15
1.0,113.3261846076951,23.175686834121006,2018-09-28-06-00-15
1.0,113.3274320498166,23.175684455664676,2018-09-28-06-00-15
1.0,113.33217242143492,23.175675484168263,2018-09-28-06-00-15
1.0,113.3351664448971,23.175669899867728,2018-09-28-06-00-15
1.0,113.33741203238762,23.175665768737645,2018-09-28-06-00-15
1.0,113.33267140174314,23.175924453754888,2018-09-28-06-00-15
1.0,113.33317040157644,23.175923519747528,2018-09-28-06-00-15
1.0,113.33341990245641,23.17592305351532,2018-09-28-06-00-15
1.0,113.33142389573436,23.17617670280886,2018-09-28-06-00-15
1.0,113.33267138469596,23.176174359363856,2018-09-28-06-00-15
1.0,113.33441789565501,23.176171099624877,2018-09-28-06-00-15
1.0,113.33666346172683,23.17616695086029,2018-09-28-06-00-15
1.0,113.33691297305342,23.176166493172346,2018-09-28-06-00-15
1.0,113.33741199825623,23.176165579914198,2018-09-28-06-00-15
1.0,113.33441787860075,23.17642100527342,2018-09-28-06-00-15
1.0,113.33516639372601,23.176419616693448,2018-09-28-06-00-15
1.0,113.3359148985676,23.17666813935006,2018-09-28-06-00-15
1.0,113.33791099281038,23.17666448089649,2018-09-28-06-00-15
1.0,113.3304258634883,23.176928302486413,2018-09-28-06-00-15
1.0,113.33142384460672,23.17692641987576,2018-09-28-06-00-15
1.0,113.3324218345774,23.176924544180853,2018-09-28-06-00-15
1.0,113.33416834089597,23.176921280726223,2018-09-28-06-00-15
1.0,113.33641390004581,23.17691712630232,2018-09-28-06-00-15
1.0,113.3374119470579,23.17691529697809,2018-09-28-06-00-15
1.0,113.3341683238422,23.177171186494697,2018-09-28-06-00-15
1.0,113.33167330714817,23.177425761850717,2018-09-28-06-00-15
1.0,113.33766140975483,23.177664558855994,2018-09-28-06-00-15
1.0,113.33791092453656,23.177664104048127,2018-09-28-06-00-15
1.0,113.32643394231818,23.17793550960404,2018-09-28-06-00-15
1.0,113.33317026517845,23.17792276573765,2018-09-28-06-00-15
1.0,113.33566528813347,23.178168034694355,2018-09-28-06-00-15
1.0,113.337162348701,23.17816528249141,2018-09-28-06-00-15
1.0,113.3361642880014,23.178417020568606,2018-09-28-06-00-15
1.0,113.32693286774601,23.178684275910328,2018-09-28-06-00-15
1.0,113.3361642709388,23.17866692657799,2018-09-28-06-00-15
1.0,113.33666329108888,23.178666009144358,2018-09-28-06-00-15
1.0,113.33691280240578,23.178665551455996,2018-09-28-06-00-15
1.0,113.3371623145682,23.178665094469494,2018-09-28-06-00-15
1.0,113.32892877026887,23.178930384921905,2018-09-28-06-00-15
1.0,113.33217219983646,23.178924259688593,2018-09-28-06-00-15
1.0,113.33242169819785,23.17892379145602,2018-09-28-06-00-15
1.0,113.33267119716591,23.178923323704964,2018-09-28-06-00-15
1.0,113.33616425387602,23.178916832627767,2018-09-28-06-00-15
1.0,113.33666327402416,23.17891591519405,2018-09-28-06-00-15
1.0,113.33791083919053,23.17891363389213,2018-09-28-06-00-15
1.0,113.33691276827425,23.179165363595743,2018-09-28-06-00-15
1.0,113.33167317078978,23.179425009771478,2018-09-28-06-00-15
1.0,113.33317016287295,23.17942220191856,2018-09-28-06-00-15
1.0,113.3374117593178,23.179664262638177,2018-09-28-06-00-15
1.0,113.33317011171795,23.180171920555786,2018-09-28-06-00-15
1.0,113.3336691141043,23.180170988620645,2018-09-28-06-00-15
1.0,113.33766122199863,23.18041352584864,2018-09-28-06-00-15
1.0,113.33242157885698,23.180673134944378,2018-09-28-06-00-15
1.0,113.33292057739926,23.180672199935504,2018-09-28-06-00-15
1.0,113.33791071969905,23.180662977374052,2018-09-28-06-00-15
1.0,113.329178125673,23.18092916141977,2018-09-28-06-00-15
1.0,113.33341956142165,23.18092117332641,2018-09-28-06-00-15
1.0,113.33366906294187,23.180920707624065,2018-09-28-06-00-15
1.0,113.34514775829389,23.170903845907194,2018-09-28-06-00-15
1.0,113.34240280102159,23.171158518382793,2018-09-28-06-00-15
1.0,113.34439910659705,23.171155038505315,2018-09-28-06-00-15
1.0,113.34664504510395,23.171151205071624,2018-09-28-06-00-15
1.0,113.34789283529993,23.17114911562945,2018-09-28-06-00-15
1.0,113.34439908950817,23.171404943365282,2018-09-28-06-00-15
1.0,113.34489817798793,23.171404083767023,2018-09-28-06-00-15
1.0,113.3453972544134,23.171653133403478,2018-09-28-06-00-15
1.0,113.34664497671507,23.172150824743127,2018-09-28-06-00-15
1.0,113.34489810962347,23.17240370359537,2018-09-28-06-00-15
1.0,113.34639540567558,23.172401151188918,2018-09-28-06-00-15
1.0,113.33491714377475,23.172671498386933,2018-09-28-06-00-15
1.0,113.33566566342198,23.172670113471085,2018-09-28-06-00-15
1.0,113.33666370059188,23.17266827594652,2018-09-28-06-00-15
1.0,113.33766175107795,23.17266644945687,2018-09-28-06-00-15
1.0,113.34090551728414,23.172660598952085,2018-09-28-06-00-15
1.0,113.33491712672087,23.172921403482295,2018-09-28-06-00-15
1.0,113.33566564636516,23.172920018566323,2018-09-28-06-00-15
1.0,113.34240268144735,23.172907853222252,2018-09-28-06-00-15
1.0,113.33541612199929,23.17317038471477,2018-09-28-06-00-15
1.0,113.33716268999221,23.17316717150279,2018-09-28-06-00-15
1.0,113.33915881947642,23.173163542341367,2018-09-28-06-00-15
1.0,113.33940833986055,23.173163092218132,2018-09-28-06-00-15
1.0,113.34689446361035,23.173150024773104,2018-09-28-06-00-15
1.0,113.34090546605283,23.17341031435266,2018-09-28-06-00-15
1.0,113.34265218137368,23.173407225036634,2018-09-28-06-00-15
1.0,113.34464849640023,23.173403753311778,2018-09-28-06-00-15
1.0,113.34514758737204,23.173402895869202,2018-09-28-06-00-15
1.0,113.34589623340331,23.173401617952145,2018-09-28-06-00-15
1.0,113.33491707555822,23.173671119003526,2018-09-28-06-00-15
1.0,113.33841022991743,23.173664707913385,2018-09-28-06-00-15
1.0,113.33865974744816,23.173664255393746,2018-09-28-06-00-15
1.0,113.34290169952558,23.173656692735108,2018-09-28-06-00-15
1.0,113.34365031223082,23.173655386182723,2018-09-28-06-00-15
1.0,113.34389985217436,23.173654952700343,2018-09-28-06-00-15
1.0,113.34439893570071,23.173654088858804,2018-09-28-06-00-15
1.0,113.34589621630751,23.173651523163272,2018-09-28-06-00-15
1.0,113.34664487412671,23.173650255421247,2018-09-28-06-00-15
1.0,113.34689442941179,23.173649835155757,2018-09-28-06-00-15
1.0,113.33816069624385,23.173915066459404,2018-09-28-06-00-15
1.0,113.33841021284931,23.173914613165103,2018-09-28-06-00-15
1.0,113.33865973037909,23.173914160645424,2018-09-28-06-00-15
1.0,113.33965781000313,23.17391235855441,2018-09-28-06-00-15
1.0,113.34340075639645,23.173905725941374,2018-09-28-06-00-15
1.0,113.34464846221746,23.173903563773777,2018-09-28-06-00-15
1.0,113.34489800707176,23.17390313451039,2018-09-28-06-00-15
1.0,113.34514755318567,23.17390270633103,2018-09-28-06-00-15
1.0,113.34539710057184,23.17390227924737,2018-09-28-06-00-15
1.0,113.34564664924295,23.173901853271055,2018-09-28-06-00-15
1.0,113.34589619921154,23.173901428413718,2018-09-28-06-00-15
1.0,113.34639530309154,23.17390058210239,2018-09-28-06-00-15
1.0,113.34714396895664,23.173899321317307,2018-09-28-06-00-15
1.0,113.33865971330985,23.174164065936473,2018-09-28-06-00-15
1.0,113.34489798997922,23.17415303980038,2018-09-28-06-00-15
1.0,113.34689439521256,23.17414964569567,2018-09-28-06-00-15
1.0,113.33516653017892,23.17442037261914,2018-09-28-06-00-15
2.0,113.34514751899862,23.17440251695035,2018-09-28-06-00-15
1.0,113.33666356410157,23.17466751780644,2018-09-28-06-00-15
1.0,113.33691307543398,23.17466706011875,2018-09-28-06-00-15
1.0,113.34015680447557,23.174661178460944,2018-09-28-06-00-15
1.0,113.3414044367078,23.174658953490894,2018-09-28-06-00-15
1.0,113.34315116757429,23.174655877452004,2018-09-28-06-00-15
1.0,113.34439886733749,23.17465371009806,2018-09-28-06-00-15
1.0,113.34664480573112,23.174649876658957,2018-09-28-06-00-15
1.0,113.3473934756688,23.174648619403925,2018-09-28-06-00-15
1.0,113.34764303506832,23.17464820270321,2018-09-28-06-00-15
1.0,113.33691305837097,23.174916965528535,2018-09-28-06-00-15
1.0,113.34315115048764,23.174905782860733,2018-09-28-06-00-15
1.0,113.34539703219347,23.174901900643754,2018-09-28-06-00-15
1.0,113.34564658086097,23.174901474667266,2018-09-28-06-00-15
1.0,113.34614568210108,23.174900626082835,2018-09-28-06-00-15
1.0,113.33516647901034,23.175170088849423,2018-09-28-06-00-15
1.0,113.3369130413078,23.175166870977908,2018-09-28-06-00-15
1.0,113.33841012750622,23.17516414001536,2018-09-28-06-00-15
1.0,113.33940820328307,23.175162334704304,2018-09-28-06-00-15
1.0,113.34015677032451,23.175160989319007,2018-09-28-06-00-15
1.0,113.34539701509846,23.175151806091684,2018-09-28-06-00-15
1.0,113.3359149838674,23.17541861130764,2018-09-28-06-00-15
1.0,113.34090532942864,23.175409557152424,2018-09-28-06-00-15
1.0,113.34315111631383,23.175405593797006,2018-09-28-06-00-15
1.0,113.3443988160633,23.17540342644242,2018-09-28-06-00-15
1.0,113.34614564790552,23.17540043701808,2018-09-28-06-00-15
1.0,113.3351664448971,23.175669899867728,2018-09-28-06-00-15
1.0,113.33741203238762,23.175665768737645,2018-09-28-06-00-15
1.0,113.3389091293514,23.175663046779334,2018-09-28-06-00-15
1.0,113.34489788742049,23.175652472370146,2018-09-28-06-00-15
1.0,113.34514743352806,23.175652044190485,2018-09-28-06-00-15
1.0,113.34539698090794,23.175651617106524,2018-09-28-06-00-15
1.0,113.33865959382048,23.17591340408077,2018-09-28-06-00-15
1.0,113.34489787032678,23.17590237793725,2018-09-28-06-00-15
1.0,113.34539696381242,23.17590152267354,2018-09-28-06-00-15
1.0,113.34664472023285,23.175899404096015,2018-09-28-06-00-15
1.0,113.33666346172683,23.17616695086029,2018-09-28-06-00-15
1.0,113.33691297305342,23.176166493172346,2018-09-28-06-00-15
1.0,113.33741199825623,23.176165579914198,2018-09-28-06-00-15
1.0,113.34464830838675,23.176152712807927,2018-09-28-06-00-15
1.0,113.33516639372601,23.176419616693448,2018-09-28-06-00-15
1.0,113.33841004215894,23.176413667856664,2018-09-28-06-00-15
1.0,113.3394081179167,23.17641186254476,2018-09-28-06-00-15
1.0,113.34090526111252,23.176409179503278,2018-09-28-06-00-15
1.0,113.34165384677293,23.176407849901466,2018-09-28-06-00-15
1.0,113.34639513210475,23.176399636780346,2018-09-28-06-00-15
1.0,113.3359148985676,23.17666813935006,2018-09-28-06-00-15
1.0,113.33791099281038,23.17666448089649,2018-09-28-06-00-15
1.0,113.33865954260824,23.176663121024298,2018-09-28-06-00-15
1.0,113.33940810084293,23.176661768232375,2018-09-28-06-00-15
1.0,113.33990714452747,23.176660870465405,2018-09-28-06-00-15
1.0,113.3401566678673,23.176660422846314,2018-09-28-06-00-15
1.0,113.34489781904463,23.176652094877596,2018-09-28-06-00-15
1.0,113.34589601114479,23.176650388779034,2018-09-28-06-00-15
1.0,113.34689422420632,23.17664870076945,2018-09-28-06-00-15
1.0,113.33641390004581,23.17691712630232,2018-09-28-06-00-15
1.0,113.3374119470579,23.17691529697809,2018-09-28-06-00-15
1.0,113.33865952553715,23.176913026751997,2018-09-28-06-00-15
1.0,113.34065570052844,23.17690943592431,2018-09-28-06-00-15
1.0,113.34589599404681,23.1769002945055,2018-09-28-06-00-15
1.0,113.34639509790539,23.176899448193144,2018-09-28-06-00-15
1.0,113.33915854632599,23.177162029851452,2018-09-28-06-00-15
1.0,113.34015663371358,23.17716023434123,2018-09-28-06-00-15
1.0,113.34040615806722,23.177159787580994,2018-09-28-06-00-15
1.0,113.34115473735241,23.17715845257377,2018-09-28-06-00-15
1.0,113.34564642699173,23.177150625129887,2018-09-28-06-00-15
1.0,113.34589597694867,23.17715020027199,2018-09-28-06-00-15
1.0,113.33816045728607,23.177413744142672,2018-09-28-06-00-15
1.0,113.34564640989431,23.177400530936488,2018-09-28-06-00-15
1.0,113.34614551111652,23.177399682351197,2018-09-28-06-00-15
1.0,113.34664461762941,23.17739883833459,2018-09-28-06-00-15
1.0,113.33766140975483,23.177664558855994,2018-09-28-06-00-15
1.0,113.33791092453656,23.177664104048127,2018-09-28-06-00-15
1.0,113.34514729676646,23.17765128984448,2018-09-28-06-00-15
1.0,113.33890897570308,23.17791219832988,2018-09-28-06-00-15
1.0,113.33965753681423,23.17791084796982,2018-09-28-06-00-15
1.0,113.34240233976146,23.177905963398693,2018-09-28-06-00-15
1.0,113.34639502950463,23.1778990714994,2018-09-28-06-00-15
1.0,113.34664458342692,23.177898650067885,2018-09-28-06-00-15
1.0,113.33566528813347,23.178168034694355,2018-09-28-06-00-15
1.0,113.337162348701,23.17816528249141,2018-09-28-06-00-15
2.0,113.34040608975396,23.178159411051958,2018-09-28-06-00-15
1.0,113.3421527897332,23.17815630878485,2018-09-28-06-00-15
1.0,113.34564635860104,23.178150248597273,2018-09-28-06-00-15
1.0,113.34589590855438,23.178149823739204,2018-09-28-06-00-15
1.0,113.34789235639795,23.17814646654664,2018-09-28-06-00-15
1.0,113.3361642880014,23.178417020568606,2018-09-28-06-00-15
1.0,113.3421527726479,23.178406214752876,2018-09-28-06-00-15
1.0,113.34539679284805,23.178400580541787,2018-09-28-06-00-15
1.0,113.34664454922377,23.17839846196211,2018-09-28-06-00-15
1.0,113.3361642709388,23.17866692657799,2018-09-28-06-00-15
1.0,113.33666329108888,23.178666009144358,2018-09-28-06-00-15
1.0,113.33691280240578,23.178665551455996,2018-09-28-06-00-15
1.0,113.3371623145682,23.178665094469494,2018-09-28-06-00-15
1.0,113.3386594060349,23.178662367969444,2018-09-28-06-00-15
1.0,113.34015653124834,23.178659669789436,2018-09-28-06-00-15
1.0,113.34664453212193,23.178648367969714,2018-09-28-06-00-15
1.0,113.33616425387602,23.178916832627767,2018-09-28-06-00-15
1.0,113.33666327402416,23.17891591519405,2018-09-28-06-00-15
1.0,113.33791083919053,23.17891363389213,2018-09-28-06-00-15
1.0,113.33840987145186,23.178912726539323,2018-09-28-06-00-15
1.0,113.34140414632249,23.178907350864893,2018-09-28-06-00-15
1.0,113.33691276827425,23.179165363595743,2018-09-28-06-00-15
1.0,113.3381603377949,23.17916308592435,2018-09-28-06-00-15
1.0,113.33915840973471,23.17916127743966,2018-09-28-06-00-15
1.0,113.33965745143392,23.17916037801405,2018-09-28-06-00-15
1.0,113.33890887326334,23.17941163450501,2018-09-28-06-00-15
1.0,113.33915839266005,23.179411183569883,2018-09-28-06-00-15
1.0,113.33965743435736,23.17941028414419,2018-09-28-06-00-15
1.0,113.3374117593178,23.179664262638177,2018-09-28-06-00-15
1.0,113.33840982023648,23.179662444930422,2018-09-28-06-00-15
1.0,113.33890885618946,23.17966154067583,2018-09-28-06-00-15
1.0,113.33915837558521,23.179661089740662,2018-09-28-06-00-15
1.0,113.34290127234895,23.179904335944617,2018-09-28-06-00-15
1.0,113.33766122199863,23.18041352584864,2018-09-28-06-00-15
1.0,113.33816025243904,23.180412616982395,2018-09-28-06-00-15
1.0,113.34389939071984,23.180402408448796,2018-09-28-06-00-15
1.0,113.33791071969905,23.180662977374052,2018-09-28-06-00-15
1.0,113.33840973487415,23.180911976395144,2018-09-28-06-00-15
1.0,113.34364981661618,23.180902654638693,2018-09-28-06-00-15
1.0,113.34389935653317,23.180902221155073,2018-09-28-06-00-15
1.0,113.3458964214461,23.170652663209218,2018-09-28-06-00-15
1.0,113.34939026440836,23.170646839170164,2018-09-28-06-00-15
1.0,113.35063813418586,23.170644818849755,2018-09-28-06-00-15
1.0,113.35288439810138,23.170641268063857,2018-09-28-06-00-15
1.0,113.35438198119353,23.17063896546461,2018-09-28-06-00-15
1.0,113.3573773359313,23.17063452580222,2018-09-28-06-00-15
1.0,113.34514775829389,23.170903845907194,2018-09-28-06-00-15
1.0,113.34939024730211,23.170896743951765,2018-09-28-06-00-15
1.0,113.35038854008008,23.17089512504605,2018-09-28-06-00-15
1.0,113.35438196407068,23.170888870245335,2018-09-28-06-00-15
1.0,113.35463156721357,23.170888491705963,2018-09-28-06-00-15
1.0,113.35562999724581,23.17088699287779,2018-09-28-06-00-15
1.0,113.34664504510395,23.171151205071624,2018-09-28-06-00-15
1.0,113.34789283529993,23.17114911562945,2018-09-28-06-00-15
1.0,113.34814239751913,23.17114870136332,2018-09-28-06-00-15
1.0,113.34864152623669,23.171147876544833,2018-09-28-06-00-15
1.0,113.35013894750828,23.171145432616978,2018-09-28-06-00-15
1.0,113.34489817798793,23.171404083767023,2018-09-28-06-00-15
1.0,113.34914064363623,23.171396961613027,2018-09-28-06-00-15
1.0,113.35013893039913,23.17139533747595,2018-09-28-06-00-15
1.0,113.35662842150872,23.171385328764423,2018-09-28-06-00-15
1.0,113.3453972544134,23.171653133403478,2018-09-28-06-00-15
1.0,113.35188597411664,23.17164245156031,2018-09-28-06-00-15
1.0,113.35213556055766,23.171642058394042,2018-09-28-06-00-15
1.0,113.3553803357164,23.171637079838252,2018-09-28-06-00-15
1.0,113.35188595700127,23.171892356496688,2018-09-28-06-00-15
1.0,113.34664497671507,23.172150824743127,2018-09-28-06-00-15
1.0,113.35038845452925,23.172144649535106,2018-09-28-06-00-15
1.0,113.34489810962347,23.17240370359537,2018-09-28-06-00-15
1.0,113.34639540567558,23.172401151188918,2018-09-28-06-00-15
1.0,113.35138675469527,23.17239295701557,2018-09-28-06-00-15
1.0,113.34889099012803,23.172646895753896,2018-09-28-06-00-15
1.0,113.35138672046669,23.172892767161564,2018-09-28-06-00-15
1.0,113.35463143021836,23.172887731349935,2018-09-28-06-00-15
1.0,113.34689446361035,23.173150024773104,2018-09-28-06-00-15
1.0,113.34464849640023,23.173403753311778,2018-09-28-06-00-15
1.0,113.34514758737204,23.173402895869202,2018-09-28-06-00-15
1.0,113.34589623340331,23.173401617952145,2018-09-28-06-00-15
1.0,113.35138668623745,23.17339257746417,2018-09-28-06-00-15
1.0,113.35288420979423,23.173390222793376,2018-09-28-06-00-15
1.0,113.34589621630751,23.173651523163272,2018-09-28-06-00-15
1.0,113.34664487412671,23.173650255421247,2018-09-28-06-00-15
1.0,113.34689442941179,23.173649835155757,2018-09-28-06-00-15
1.0,113.351885837189,23.173641692144646,2018-09-28-06-00-15
1.0,113.34464846221746,23.173903563773777,2018-09-28-06-00-15
1.0,113.34489800707176,23.17390313451039,2018-09-28-06-00-15
1.0,113.34514755318567,23.17390270633103,2018-09-28-06-00-15
1.0,113.34539710057184,23.17390227924737,2018-09-28-06-00-15
1.0,113.34564664924295,23.173901853271055,2018-09-28-06-00-15
1.0,113.34589619921154,23.173901428413718,2018-09-28-06-00-15
1.0,113.34639530309154,23.17390058210239,2018-09-28-06-00-15
1.0,113.34714396895664,23.173899321317307,2018-09-28-06-00-15
1.0,113.35138665200753,23.173892387923832,2018-09-28-06-00-15
1.0,113.34489798997922,23.17415303980038,2018-09-28-06-00-15
1.0,113.34689439521256,23.17414964569567,2018-09-28-06-00-15
1.0,113.34839175591203,23.174147149217315,2018-09-28-06-00-15
2.0,113.34514751899862,23.17440251695035,2018-09-28-06-00-15
1.0,113.34814217517676,23.174397467578697,2018-09-28-06-00-15
1.0,113.34664480573112,23.174649876658957,2018-09-28-06-00-15
1.0,113.3473934756688,23.174648619403925,2018-09-28-06-00-15
1.0,113.34764303506832,23.17464820270321,2018-09-28-06-00-15
1.0,113.34539703219347,23.174901900643754,2018-09-28-06-00-15
1.0,113.34564658086097,23.174901474667266,2018-09-28-06-00-15
1.0,113.34614568210108,23.174900626082835,2018-09-28-06-00-15
1.0,113.34539701509846,23.175151806091684,2018-09-28-06-00-15
1.0,113.34614564790552,23.17540043701808,2018-09-28-06-00-15
1.0,113.34489788742049,23.175652472370146,2018-09-28-06-00-15
1.0,113.34514743352806,23.175652044190485,2018-09-28-06-00-15
1.0,113.34539698090794,23.175651617106524,2018-09-28-06-00-15
1.0,113.34489787032678,23.17590237793725,2018-09-28-06-00-15
1.0,113.34539696381242,23.17590152267354,2018-09-28-06-00-15
1.0,113.34664472023285,23.175899404096015,2018-09-28-06-00-15
1.0,113.34464830838675,23.176152712807927,2018-09-28-06-00-15
1.0,113.34639513210475,23.176399636780346,2018-09-28-06-00-15
1.0,113.34489781904463,23.176652094877596,2018-09-28-06-00-15
1.0,113.34589601114479,23.176650388779034,2018-09-28-06-00-15
1.0,113.34689422420632,23.17664870076945,2018-09-28-06-00-15
1.0,113.34589599404681,23.1769002945055,2018-09-28-06-00-15
1.0,113.34639509790539,23.176899448193144,2018-09-28-06-00-15
1.0,113.34564642699173,23.177150625129887,2018-09-28-06-00-15
1.0,113.34589597694867,23.17715020027199,2018-09-28-06-00-15
1.0,113.34564640989431,23.177400530936488,2018-09-28-06-00-15
1.0,113.34614551111652,23.177399682351197,2018-09-28-06-00-15
1.0,113.34664461762941,23.17739883833459,2018-09-28-06-00-15
1.0,113.34514729676646,23.17765128984448,2018-09-28-06-00-15
1.0,113.34639502950463,23.1778990714994,2018-09-28-06-00-15
1.0,113.34664458342692,23.177898650067885,2018-09-28-06-00-15
1.0,113.34564635860104,23.178150248597273,2018-09-28-06-00-15
1.0,113.34589590855438,23.178149823739204,2018-09-28-06-00-15
1.0,113.34789235639795,23.17814646654664,2018-09-28-06-00-15
1.0,113.34539679284805,23.178400580541787,2018-09-28-06-00-15
1.0,113.34664454922377,23.17839846196211,2018-09-28-06-00-15
1.0,113.34664453212193,23.178648367969714,2018-09-28-06-00-15
