count,wgs_lng,wgs_lat,time
1.0,113.32543830571424,23.143950560364775,2018-10-02-05-00-09
1.0,113.33217458479862,23.143937781308182,2018-10-02-05-00-09
1.0,113.32718470458337,23.144197128931694,2018-10-02-05-00-09
1.0,113.33491908682329,23.144182560285103,2018-10-02-05-00-09
1.0,113.32693519873003,23.14444750541393,2018-10-02-05-00-09
1.0,113.3274341767543,23.14444655465895,2018-10-02-05-00-09
1.0,113.33367155110484,23.14443478136876,2018-10-02-05-00-09
1.0,113.3354180653087,23.14468143841011,2018-10-02-05-00-09
1.0,113.32543823772619,23.144950164406232,2018-10-02-05-00-09
1.0,113.33142602471914,23.144938792791873,2018-10-02-05-00-09
1.0,113.33392101937976,23.144934118299055,2018-10-02-05-00-09
1.0,113.33591702981033,23.145430220305077,2018-10-02-05-00-09
1.0,113.3254381867334,23.145699867783097,2018-10-02-05-00-09
1.0,113.32718460255684,23.145696535387145,2018-10-02-05-00-09
1.0,113.3286815429287,23.14569368755381,2018-10-02-05-00-09
1.0,113.33367144892162,23.145934188015598,2018-10-02-05-00-09
1.0,113.33392095125302,23.14593372286206,2018-10-02-05-00-09
1.0,113.33616650471794,23.145929562936608,2018-10-02-05-00-09
1.0,113.32918049213117,23.14619254293096,2018-10-02-05-00-09
1.0,113.32543813573909,23.146449571458028,2018-10-02-05-00-09
1.0,113.3294299673716,23.146441971144753,2018-10-02-05-00-09
1.0,113.32668555716747,23.146697091540208,2018-10-02-05-00-09
1.0,113.32942995035704,23.14669187243557,2018-10-02-05-00-09
1.0,113.3341704031711,23.146682962034046,2018-10-02-05-00-09
1.0,113.33516842236064,23.146681109438088,2018-10-02-05-00-09
1.0,113.3324238789897,23.146936126777067,2018-10-02-05-00-09
1.0,113.33342187914182,23.146934258806255,2018-10-02-05-00-09
1.0,113.32518859780893,23.147199752130984,2018-10-02-05-00-09
1.0,113.32718450052433,23.147195943034863,2018-10-02-05-00-09
1.0,113.32918042407663,23.147192148161192,2018-10-02-05-00-09
1.0,113.33067738454132,23.14718931514723,2018-10-02-05-00-09
1.0,113.33317236111752,23.14718462639057,2018-10-02-05-00-09
1.0,113.33616640247004,23.14742897077525,2018-10-02-05-00-09
1.0,113.32918039004836,23.14769195097683,2018-10-02-05-00-09
1.0,113.3314258204496,23.14793760808191,2018-10-02-05-00-09
1.0,113.33292280968305,23.147934797408315,2018-10-02-05-00-09
1.0,113.3356673512202,23.147929693740295,2018-10-02-05-00-09
1.0,113.32468955659746,23.148200311654,2018-10-02-05-00-09
1.0,113.3329227756239,23.148434600424302,2018-10-02-05-00-09
1.0,113.33766340554698,23.14842583277367,2018-10-02-05-00-09
1.0,113.32543796574731,23.148948585880095,2018-10-02-05-00-09
1.0,113.33541777565455,23.148929760915383,2018-10-02-05-00-09
1.0,113.32843181377424,23.149192781241297,2018-10-02-05-00-09
1.0,113.32992876603973,23.14918994211137,2018-10-02-05-00-09
1.0,113.32893077913518,23.14944173525739,2018-10-02-05-00-09
1.0,113.32768329209358,23.149943909892762,2018-10-02-05-00-09
1.0,113.33441965134966,23.150431021385863,2018-10-02-05-00-09
1.0,113.33591668898676,23.15042824980038,2018-10-02-05-00-09
1.0,113.33466913872454,23.150680459764338,2018-10-02-05-00-09
1.0,113.33392061057927,23.150931753711358,2018-10-02-05-00-09
1.0,113.33466912168632,23.150930361628802,2018-10-02-05-00-09
1.0,113.32743371755599,23.15119389408287,2018-10-02-05-00-09
1.0,113.32942964406658,23.15119010142683,2018-10-02-05-00-09
1.0,113.33142559913054,23.151186330113475,2018-10-02-05-00-09
1.0,113.32693468856273,23.15194455074662,2018-10-02-05-00-09
1.0,113.32493875412307,23.152448165292608,2018-10-02-05-00-09
1.0,113.33541753707962,23.152428386782727,2018-10-02-05-00-09
1.0,113.3276830879644,23.15294273331464,2018-10-02-05-00-09
1.0,113.3286810495408,23.15294083577508,2018-10-02-05-00-09
1.0,113.32918003271132,23.15293988873433,2018-10-02-05-00-09
1.0,113.33217395480492,23.153184139098713,2018-10-02-05-00-09
1.0,113.33516797933132,23.153178554843187,2018-10-02-05-00-09
1.0,113.34190559688615,23.143919989071765,2018-10-02-05-00-09
1.0,113.3421551288365,23.14391954866468,2018-10-02-05-00-09
1.0,113.33491908682329,23.144182560285103,2018-10-02-05-00-09
1.0,113.33891127900645,23.144175245021565,2018-10-02-05-00-09
1.0,113.34015888642578,23.14417299860444,2018-10-02-05-00-09
1.0,113.34190557982471,23.144169890030145,2018-10-02-05-00-09
1.0,113.3354180653087,23.14468143841011,2018-10-02-05-00-09
1.0,113.34040837679183,23.14467235386546,2018-10-02-05-00-09
1.0,113.34564864823031,23.14466319153064,2018-10-02-05-00-09
1.0,113.3424045936516,23.14491871324214,2018-10-02-05-00-09
1.0,113.34065786818192,23.145171710128807,2018-10-02-05-00-09
1.0,113.33591702981033,23.145430220305077,2018-10-02-05-00-09
1.0,113.33990927769081,23.14542295150448,2018-10-02-05-00-09
1.0,113.34065783406655,23.145671512407986,2018-10-02-05-00-09
1.0,113.33616650471794,23.145929562936608,2018-10-02-05-00-09
1.0,113.33941016555599,23.14642345408516,2018-10-02-05-00-09
1.0,113.34589807876438,23.146412074765696,2018-10-02-05-00-09
1.0,113.33516842236064,23.146681109438088,2018-10-02-05-00-09
1.0,113.34539896285136,23.146662826878025,2018-10-02-05-00-09
1.0,113.33816253853153,23.146925515278575,2018-10-02-05-00-09
1.0,113.33941013144839,23.146923256696798,2018-10-02-05-00-09
1.0,113.33616640247004,23.14742897077525,2018-10-02-05-00-09
1.0,113.34015866469704,23.147421714070795,2018-10-02-05-00-09
1.0,113.34340256667635,23.14741597760043,2018-10-02-05-00-09
1.0,113.33891104028687,23.14767386191361,2018-10-02-05-00-09
1.0,113.33941008028573,23.147672960864902,2018-10-02-05-00-09
1.0,113.3356673512202,23.147929693740295,2018-10-02-05-00-09
1.0,113.34015863058242,23.14792151694984,2018-10-02-05-00-09
2.0,113.33866148761588,23.148174116588912,2018-10-02-05-00-09
1.0,113.33766340554698,23.14842583277367,2018-10-02-05-00-09
1.0,113.33866147056385,23.14842401811278,2018-10-02-05-00-09
1.0,113.34489974963107,23.14841299208599,2018-10-02-05-00-09
1.0,113.33541777565455,23.148929760915383,2018-10-02-05-00-09
1.0,113.34140612681469,23.14991850486649,2018-10-02-05-00-09
1.0,113.34365193481011,23.14991455883598,2018-10-02-05-00-09
1.0,113.34390147484056,23.149914125357654,2018-10-02-05-00-09
1.0,113.34290330477376,23.150165767136723,2018-10-02-05-00-09
1.0,113.33441965134966,23.150431021385863,2018-10-02-05-00-09
1.0,113.33591668898676,23.15042824980038,2018-10-02-05-00-09
1.0,113.33466913872454,23.150680459764338,2018-10-02-05-00-09
1.0,113.33466912168632,23.150930361628802,2018-10-02-05-00-09
1.0,113.34689596768378,23.15115851700299,2018-10-02-05-00-09
1.0,113.33541753707962,23.152428386782727,2018-10-02-05-00-09
1.0,113.33516797933132,23.153178554843187,2018-10-02-05-00-09
1.0,113.34764513744103,23.143910122045657,2018-10-02-05-00-09
1.0,113.3488929561846,23.14390805696622,2018-10-02-05-00-09
1.0,113.35188785578305,23.144153133768935,2018-10-02-05-00-09
1.0,113.35413417665362,23.14439954811243,2018-10-02-05-00-09
1.0,113.34564864823031,23.14466319153064,2018-10-02-05-00-09
1.0,113.35088949139153,23.144654522341195,2018-10-02-05-00-09
1.0,113.34589807876438,23.146412074765696,2018-10-02-05-00-09
1.0,113.34989106645803,23.14640543871427,2018-10-02-05-00-09
1.0,113.35313565081088,23.14640029229672,2018-10-02-05-00-09
1.0,113.34539896285136,23.146662826878025,2018-10-02-05-00-09
1.0,113.35113891771742,23.14690323432463,2018-10-02-05-00-09
1.0,113.35563164065343,23.146896302425358,2018-10-02-05-00-09
1.0,113.3501405892058,23.14715473860519,2018-10-02-05-00-09
1.0,113.34939185455666,23.147405856135393,2018-10-02-05-00-09
1.0,113.35138844817124,23.14765254115028,2018-10-02-05-00-09
1.0,113.35288595513649,23.147900087960778,2018-10-02-05-00-09
1.0,113.34489974963107,23.14841299208599,2018-10-02-05-00-09
1.0,113.34989082715897,23.149904059792025,2018-10-02-05-00-09
1.0,113.35388418343376,23.15014766158533,2018-10-02-05-00-09
1.0,113.35613064398291,23.150144282581365,2018-10-02-05-00-09
1.0,113.35712911728196,23.15014282157863,2018-10-02-05-00-09
1.0,113.34764469324826,23.150407557738244,2018-10-02-05-00-09
1.0,113.34689596768378,23.15115851700299,2018-10-02-05-00-09
1.0,113.34889239223854,23.152154806168888,2018-10-02-05-00-09
1.0,113.35538167108102,23.152144610323926,2018-10-02-05-00-09
1.0,113.34839324341729,23.15240553054715,2018-10-02-05-00-09
1.0,113.34789408324802,23.152906162080498,2018-10-02-05-00-09
1.0,113.3276830879644,23.15294273331464,2018-10-02-05-00-09
1.0,113.3286810495408,23.15294083577508,2018-10-02-05-00-09
1.0,113.32918003271132,23.15293988873433,2018-10-02-05-00-09
1.0,113.33217395480492,23.153184139098713,2018-10-02-05-00-09
1.0,113.33516797933132,23.153178554843187,2018-10-02-05-00-09
1.0,113.33641545204084,23.154175862103564,2018-10-02-05-00-09
1.0,113.33691445698292,23.15442484839477,2018-10-02-05-00-09
1.0,113.33741348235377,23.15442393514392,2018-10-02-05-00-09
1.0,113.33716395218865,23.154674293796788,2018-10-02-05-00-09
1.0,113.33167484044436,23.154934393158168,2018-10-02-05-00-09
1.0,113.32942935474271,23.155438439023158,2018-10-02-05-00-09
1.0,113.3321738015287,23.155433260252213,2018-10-02-05-00-09
1.0,113.33242329998335,23.155432792023554,2018-10-02-05-00-09
1.0,113.33167478935624,23.155684100631106,2018-10-02-05-00-09
1.0,113.33192428663676,23.15568363147631,2018-10-02-05-00-09
1.0,113.33491826896191,23.15617784593182,2018-10-02-05-00-09
1.0,113.32568694280089,23.15644517311761,2018-10-02-05-00-09
1.0,113.32668489390174,23.15644326846453,2018-10-02-05-00-09
1.0,113.3374133459378,23.156423155206273,2018-10-02-05-00-09
1.0,113.33516774073034,23.156677188974815,2018-10-02-05-00-09
1.0,113.32693433135651,23.157192500877436,2018-10-02-05-00-09
1.0,113.32818177873592,23.157190125769777,2018-10-02-05-00-09
1.0,113.33441919129024,23.157178382986906,2018-10-02-05-00-09
1.0,113.325187900758,23.157445737272134,2018-10-02-05-00-09
1.0,113.32618584977384,23.157443831335165,2018-10-02-05-00-09
1.0,113.32917972636398,23.157438133275207,2018-10-02-05-00-09
1.0,113.32568685776874,23.157694686819298,2018-10-02-05-00-09
1.0,113.3254373366331,23.158194969114817,2018-10-02-05-00-09
1.0,113.32568682375472,23.158194492550248,2018-10-02-05-00-09
1.0,113.3286806921725,23.15818878885864,2018-10-02-05-00-09
1.0,113.33117562619682,23.1581840674798,2018-10-02-05-00-09
1.0,113.33566665243153,23.15817568307712,2018-10-02-05-00-09
1.0,113.33591616057831,23.158175222706504,2018-10-02-05-00-09
1.0,113.33067661847392,23.158434911709737,2018-10-02-05-00-09
1.0,113.32618576472825,23.15869334575206,2018-10-02-05-00-09
1.0,113.33142507125604,23.15893330631088,2018-10-02-05-00-09
1.0,113.33042707282331,23.159185091936216,2018-10-02-05-00-09
1.0,113.33142505422515,23.159183209337346,2018-10-02-05-00-09
1.0,113.3364151110616,23.159173915823118,2018-10-02-05-00-09
1.0,113.33142503719411,23.159433112399956,2018-10-02-05-00-09
1.0,113.32868059005378,23.159688206912364,2018-10-02-05-00-09
1.0,113.33192401412558,23.159682076743273,2018-10-02-05-00-09
1.0,113.3316744998286,23.15993244903375,2018-10-02-05-00-09
1.0,113.33267249241594,23.159930575202324,2018-10-02-05-00-09
1.0,113.33292199207928,23.15993010794825,2018-10-02-05-00-09
1.0,113.3339199971984,23.15992824411603,2018-10-02-05-00-09
1.0,113.32518771369676,23.160194670180754,2018-10-02-05-00-09
1.0,113.33416948311876,23.16017768268632,2018-10-02-05-00-09
1.0,113.32518766267657,23.16094437991636,2018-10-02-05-00-09
1.0,113.32868048792906,23.161187626271172,2018-10-02-05-00-09
1.0,113.3254371155389,23.161443709888523,2018-10-02-05-00-09
1.0,113.3264350654976,23.1614418045658,2018-10-02-05-00-09
1.0,113.33367039267686,23.161428128844406,2018-10-02-05-00-09
1.0,113.32568658563794,23.16169313671475,2018-10-02-05-00-09
1.0,113.3259360729906,23.161692660297643,2018-10-02-05-00-09
1.0,113.32593605598,23.161942563725624,2018-10-02-05-00-09
1.0,113.33516738276757,23.161925153297798,2018-10-02-05-00-09
1.0,113.33541688935425,23.161924691656903,2018-10-02-05-00-09
1.0,113.32493807397752,23.162444277199615,2018-10-02-05-00-09
1.0,113.32818142135042,23.162438091638624,2018-10-02-05-00-09
1.0,113.32868040282055,23.162437143409075,2018-10-02-05-00-09
1.0,113.33516734867203,23.16242496026099,2018-10-02-05-00-09
1.0,113.32568651759858,23.16269275064755,2018-10-02-05-00-09
1.0,113.32768240736064,23.16293884806805,2018-10-02-05-00-09
1.0,113.32793189715234,23.162938373280156,2018-10-02-05-00-09
1.0,113.32892986011136,23.16293647684545,2018-10-02-05-00-09
1.0,113.33641485528334,23.1629224655756,2018-10-02-05-00-09
1.0,113.33516797933132,23.153178554843187,2018-10-02-05-00-09
1.0,113.33641545204084,23.154175862103564,2018-10-02-05-00-09
1.0,113.33816204403453,23.15417266839496,2018-10-02-05-00-09
1.0,113.34739487746013,23.15415650547693,2018-10-02-05-00-09
1.0,113.33691445698292,23.15442484839477,2018-10-02-05-00-09
1.0,113.33741348235377,23.15442393514392,2018-10-02-05-00-09
1.0,113.3473948603719,23.154406407824556,2018-10-02-05-00-09
1.0,113.33716395218865,23.154674293796788,2018-10-02-05-00-09
1.0,113.34689572848613,23.154657147189727,2018-10-02-05-00-09
1.0,113.34714528519858,23.15465672810433,2018-10-02-05-00-09
1.0,113.3473948091062,23.155156115078164,2018-10-02-05-00-09
1.0,113.3384114754386,23.15542172720118,2018-10-02-05-00-09
1.0,113.33491826896191,23.15617784593182,2018-10-02-05-00-09
1.0,113.3374133459378,23.156423155206273,2018-10-02-05-00-09
1.0,113.33516774073034,23.156677188974815,2018-10-02-05-00-09
1.0,113.34365147380962,23.156661918510903,2018-10-02-05-00-09
1.0,113.34415048671576,23.157660663609352,2018-10-02-05-00-09
1.0,113.33566665243153,23.15817568307712,2018-10-02-05-00-09
1.0,113.33591616057831,23.158175222706504,2018-10-02-05-00-09
1.0,113.34664591682734,23.158406107442634,2018-10-02-05-00-09
1.0,113.3364151110616,23.159173915823118,2018-10-02-05-00-09
1.0,113.3461466393051,23.160905982599356,2018-10-02-05-00-09
1.0,113.33516738276757,23.161925153297798,2018-10-02-05-00-09
1.0,113.33541688935425,23.161924691656903,2018-10-02-05-00-09
1.0,113.33965862931299,23.16191694989204,2018-10-02-05-00-09
1.0,113.34165482018494,23.162163290031366,2018-10-02-05-00-09
1.0,113.33516734867203,23.16242496026099,2018-10-02-05-00-09
1.0,113.34315198753656,23.16266046332493,2018-10-02-05-00-09
1.0,113.34789408324802,23.152906162080498,2018-10-02-05-00-09
1.0,113.34739487746013,23.15415650547693,2018-10-02-05-00-09
1.0,113.3473948603719,23.154406407824556,2018-10-02-05-00-09
1.0,113.35038966895803,23.154401489907283,2018-10-02-05-00-09
1.0,113.34689572848613,23.154657147189727,2018-10-02-05-00-09
1.0,113.34714528519858,23.15465672810433,2018-10-02-05-00-09
1.0,113.34839308959626,23.154654650731604,2018-10-02-05-00-09
1.0,113.3473948091062,23.155156115078164,2018-10-02-05-00-09
1.0,113.34814349171477,23.15515486863139,2018-10-02-05-00-09
1.0,113.35163734742663,23.15764823015111,2018-10-02-05-00-09
1.0,113.34664591682734,23.158406107442634,2018-10-02-05-00-09
1.0,113.35138767861318,23.15889814068403,2018-10-02-05-00-09
1.0,113.34914144742395,23.159651474264546,2018-10-02-05-00-09
1.0,113.35088839704306,23.160648258653055,2018-10-02-05-00-09
1.0,113.3461466393051,23.160905982599356,2018-10-02-05-00-09
1.0,113.35013961463422,23.161399172823195,2018-10-02-05-00-09
1.0,113.35163709083189,23.161396776589292,2018-10-02-05-00-09
1.0,113.34764392418553,23.161653174695196,2018-10-02-05-00-09
1.0,113.3483925425671,23.16265154583065,2018-10-02-05-00-09
1.0,113.32593605598,23.161942563725624,2018-10-02-05-00-09
1.0,113.33516738276757,23.161925153297798,2018-10-02-05-00-09
1.0,113.33541688935425,23.161924691656903,2018-10-02-05-00-09
1.0,113.32493807397752,23.162444277199615,2018-10-02-05-00-09
1.0,113.32818142135042,23.162438091638624,2018-10-02-05-00-09
1.0,113.32868040282055,23.162437143409075,2018-10-02-05-00-09
1.0,113.33516734867203,23.16242496026099,2018-10-02-05-00-09
1.0,113.32568651759858,23.16269275064755,2018-10-02-05-00-09
1.0,113.32768240736064,23.16293884806805,2018-10-02-05-00-09
1.0,113.32793189715234,23.162938373280156,2018-10-02-05-00-09
1.0,113.32892986011136,23.16293647684545,2018-10-02-05-00-09
1.0,113.33641485528334,23.1629224655756,2018-10-02-05-00-09
1.0,113.32643494640689,23.16319112907674,2018-10-02-05-00-09
1.0,113.32668443456951,23.163190653177683,2018-10-02-05-00-09
1.0,113.3271834118046,23.163189701984415,2018-10-02-05-00-09
1.0,113.32743290090386,23.163189226714934,2018-10-02-05-00-09
1.0,113.32768239034213,23.163188751680043,2018-10-02-05-00-09
1.0,113.32618544151707,23.16344150881019,2018-10-02-05-00-09
1.0,113.32668441755487,23.163440556826863,2018-10-02-05-00-09
1.0,113.32768237332346,23.163438655329056,2018-10-02-05-00-09
1.0,113.32593593690112,23.16369188875357,2018-10-02-05-00-09
1.0,113.32743286686836,23.16368903405013,2018-10-02-05-00-09
1.0,113.32643489536552,23.16394084013571,2018-10-02-05-00-09
1.0,113.32618539047823,23.16419121998069,2018-10-02-05-00-09
1.0,113.3279318120531,23.16418789171071,2018-10-02-05-00-09
1.0,113.32518742456251,23.164443029720207,2018-10-02-05-00-09
1.0,113.32718332671965,23.164439220601267,2018-10-02-05-00-09
1.0,113.33441869701686,23.164425578166536,2018-10-02-05-00-09
1.0,113.32693382093458,23.164689599928273,2018-10-02-05-00-09
1.0,113.32743279879537,23.164688649166592,2018-10-02-05-00-09
1.0,113.32743278177671,23.164938553038954,2018-10-02-05-00-09
1.0,113.32793176099156,23.164937603215552,2018-10-02-05-00-09
1.0,113.32618530541016,23.165440739343833,2018-10-02-05-00-09
1.0,113.33691367253402,23.165920395295668,2018-10-02-05-00-09
1.0,113.32543679235064,23.1661918806527,2018-10-02-05-00-09
1.0,113.33466806499104,23.166424346431928,2018-10-02-05-00-09
1.0,113.33591556379533,23.16692184659057,2018-10-02-05-00-09
1.0,113.32718313951811,23.167188164850444,2018-10-02-05-00-09
1.0,113.32768211802338,23.167187214544747,2018-10-02-05-00-09
1.0,113.33541653129734,23.167172672185362,2018-10-02-05-00-09
1.0,113.32768210100204,23.167437118793643,2018-10-02-05-00-09
1.0,113.33441849244889,23.167424426650243,2018-10-02-05-00-09
1.0,113.32568617736186,23.16769082924164,2018-10-02-05-00-09
1.0,113.3259356646902,23.16769035282354,2018-10-02-05-00-09
1.0,113.3274325945604,23.167687498116134,2018-10-02-05-00-09
1.0,113.32868001126776,23.16818493421864,2018-10-02-05-00-09
1.0,113.32568610930652,23.16869044677105,2018-10-02-05-00-09
1.0,113.3356659363083,23.168671637228165,2018-10-02-05-00-09
1.0,113.33591544441418,23.168671176855792,2018-10-02-05-00-09
1.0,113.32518711836796,23.168941304517215,2018-10-02-05-00-09
1.0,113.33491739956295,23.168922926618265,2018-10-02-05-00-09
1.0,113.33267170856394,23.17142615954749,2018-10-02-05-00-09
1.0,113.33516738276757,23.161925153297798,2018-10-02-05-00-09
1.0,113.33541688935425,23.161924691656903,2018-10-02-05-00-09
1.0,113.33965862931299,23.16191694989204,2018-10-02-05-00-09
1.0,113.34165482018494,23.162163290031366,2018-10-02-05-00-09
1.0,113.33516734867203,23.16242496026099,2018-10-02-05-00-09
1.0,113.34315198753656,23.16266046332493,2018-10-02-05-00-09
1.0,113.33641485528334,23.1629224655756,2018-10-02-05-00-09
1.0,113.34365104684854,23.16290949687185,2018-10-02-05-00-09
1.0,113.34040711417191,23.16316512473441,2018-10-02-05-00-09
1.0,113.34065660546761,23.163664486178245,2018-10-02-05-00-09
1.0,113.33866039594913,23.164167884468032,2018-10-02-05-00-09
1.0,113.33890991445358,23.164167432736697,2018-10-02-05-00-09
1.0,113.34240327923658,23.164161197838087,2018-10-02-05-00-09
1.0,113.33691367253402,23.165920395295668,2018-10-02-05-00-09
1.0,113.33591556379533,23.16692184659057,2018-10-02-05-00-09
1.0,113.33541653129734,23.167172672185362,2018-10-02-05-00-09
1.0,113.34090585878774,23.167662505204063,2018-10-02-05-00-09
1.0,113.34015726544945,23.167913747177952,2018-10-02-05-00-09
1.0,113.3356659363083,23.168671637228165,2018-10-02-05-00-09
1.0,113.33591544441418,23.168671176855792,2018-10-02-05-00-09
1.0,113.34165437623986,23.168660793125422,2018-10-02-05-00-09
1.0,113.33491739956295,23.168922926618265,2018-10-02-05-00-09
1.0,113.34689475427109,23.168901642809136,2018-10-02-05-00-09
1.0,113.34639559373063,23.169652198156644,2018-10-02-05-00-09
1.0,113.34664514768227,23.169651776726546,2018-10-02-05-00-09
1.0,113.34040663618512,23.170162441043505,2018-10-02-05-00-09
1.0,113.3429019386988,23.170158023325396,2018-10-02-05-00-09
1.0,113.34315147510533,23.17015758680278,2018-10-02-05-00-09
1.0,113.34614600692561,23.17015243003464,2018-10-02-05-00-09
1.0,113.34689466878767,23.170151165755637,2018-10-02-05-00-09
1.0,113.34714422544532,23.170150746667566,2018-10-02-05-00-09
1.0,113.34739376637665,23.170400233472495,2018-10-02-05-00-09
1.0,113.3448982292595,23.170654369303662,2018-10-02-05-00-09
1.0,113.34340096142817,23.170906865513945,2018-10-02-05-00-09
1.0,113.34390004013936,23.170905997524724,2018-10-02-05-00-09
1.0,113.34514775829389,23.170903845907194,2018-10-02-05-00-09
1.0,113.34739373217825,23.170900042997726,2018-10-02-05-00-09
1.0,113.34390002305247,23.171155902345998,2018-10-02-05-00-09
1.0,113.34240276685836,23.171658328142232,2018-10-02-05-00-09
1.0,113.34764392418553,23.161653174695196,2018-10-02-05-00-09
1.0,113.3483925425671,23.16265154583065,2018-10-02-05-00-09
1.0,113.35038895066565,23.164897420853503,2018-10-02-05-00-09
1.0,113.35038893355984,23.165147324759396,2018-10-02-05-00-09
1.0,113.35088808913385,23.165146523278587,2018-10-02-05-00-09
1.0,113.3526351833067,23.165143761459866,2018-10-02-05-00-09
1.0,113.35313436765513,23.165142985123136,2018-10-02-05-00-09
1.0,113.34988971569734,23.16614774758258,2018-10-02-05-00-09
1.0,113.35463173844246,23.16838944563264,2018-10-02-05-00-09
1.0,113.34689475427109,23.168901642809136,2018-10-02-05-00-09
1.0,113.35637897545546,23.16888664798744,2018-10-02-05-00-09
1.0,113.35662859280362,23.168886281924596,2018-10-02-05-00-09
1.0,113.35612934279514,23.16913692015777,2018-10-02-05-00-09
1.0,113.3563789583275,23.169136552498284,2018-10-02-05-00-09
1.0,113.35662857567489,23.169136186435395,2018-10-02-05-00-09
1.0,113.35662855854598,23.16938609098453,2018-10-02-05-00-09
1.0,113.34639559373063,23.169652198156644,2018-10-02-05-00-09
1.0,113.34664514768227,23.169651776726546,2018-10-02-05-00-09
1.0,113.34914076337276,23.169647628411404,2018-10-02-05-00-09
1.0,113.34614600692561,23.17015243003464,2018-10-02-05-00-09
1.0,113.34689466878767,23.170151165755637,2018-10-02-05-00-09
1.0,113.34714422544532,23.170150746667566,2018-10-02-05-00-09
1.0,113.35587966055911,23.170136907830994,2018-10-02-05-00-09
1.0,113.35737737019521,23.17013471635779,2018-10-02-05-00-09
1.0,113.34739376637665,23.170400233472495,2018-10-02-05-00-09
1.0,113.34939028151443,23.170396934427224,2018-10-02-05-00-09
1.0,113.35188605969095,23.1703929274606,2018-10-02-05-00-09
1.0,113.35513081296466,23.170387929682114,2018-10-02-05-00-09
1.0,113.35637887268516,23.170386075628688,2018-10-02-05-00-09
1.0,113.3448982292595,23.170654369303662,2018-10-02-05-00-09
1.0,113.35438198119353,23.17063896546461,2018-10-02-05-00-09
1.0,113.34514775829389,23.170903845907194,2018-10-02-05-00-09
1.0,113.34739373217825,23.170900042997726,2018-10-02-05-00-09
1.0,113.3523851999654,23.17089195206552,2018-10-02-05-00-09
1.0,113.35038852297025,23.171145029866203,2018-10-02-05-00-09
1.0,113.35463155008975,23.171138396525365,2018-10-02-05-00-09
1.0,113.34889107565483,23.171397370874427,2018-10-02-05-00-09
1.0,113.35138680603687,23.171643242089306,2018-10-02-05-00-09
1.0,113.35163638928037,23.171642846129078,2018-10-02-05-00-09
1.0,113.3553803357164,23.171637079838252,2018-10-02-05-00-09
1.0,113.33267170856394,23.17142615954749,2018-10-02-05-00-09
1.0,113.33516668367568,23.172171226054363,2018-10-02-05-00-09
1.0,113.3259353413844,23.172438541563864,2018-10-02-05-00-09
1.0,113.32668380491711,23.17243711331908,2018-10-02-05-00-09
1.0,113.32768176054029,23.17243521181532,2018-10-02-05-00-09
1.0,113.3284302309114,23.172433788237253,2018-10-02-05-00-09
1.0,113.32992718261677,23.17243094908421,2018-10-02-05-00-09
1.0,113.32618481193336,23.172687970363096,2018-10-02-05-00-09
1.0,113.32643429977213,23.17268749427734,2018-10-02-05-00-09
1.0,113.32867970477368,23.17268321932015,2018-10-02-05-00-09
1.0,113.33691321193203,23.172667818259164,2018-10-02-05-00-09
1.0,113.32743223709153,23.172935497005856,2018-10-02-05-00-09
1.0,113.32668375385423,23.173186828609328,2018-10-02-05-00-09
1.0,113.32768170946528,23.17318492710507,2018-10-02-05-00-09
1.0,113.32867967071543,23.173183029552103,2018-10-02-05-00-09
1.0,113.33691317780853,23.17316762848837,2018-10-02-05-00-09
1.0,113.33741220303452,23.17316671523123,2018-10-02-05-00-09
1.0,113.32768169243994,23.17343483228,2018-10-02-05-00-09
1.0,113.32892914497921,23.17343246104871,2018-10-02-05-00-09
1.0,113.32942812883726,23.173431514631073,2018-10-02-05-00-09
1.0,113.3316735798329,23.173427273685867,2018-10-02-05-00-09
1.0,113.33566561225103,23.173419828874312,2018-10-02-05-00-09
1.0,113.32867963665655,23.173682839940895,2018-10-02-05-00-09
1.0,113.32917861966027,23.17368189289327,2018-10-02-05-00-09
1.0,113.32743216899388,23.173935117784374,2018-10-02-05-00-09
1.0,113.3279311481361,23.17393416795799,2018-10-02-05-00-09
1.0,113.32718266291421,23.1741854983486,2018-10-02-05-00-09
1.0,113.32743215196905,23.1741850230773,2018-10-02-05-00-09
1.0,113.32643418062898,23.1744368307789,2018-10-02-05-00-09
1.0,113.32768162433693,23.174434453372896,2018-10-02-05-00-09
1.0,113.33766163162247,23.174415785945328,2018-10-02-05-00-09
1.0,113.3379111464167,23.174415331138007,2018-10-02-05-00-09
1.0,113.32668365172395,23.174686260249935,2018-10-02-05-00-09
1.0,113.3269331401389,23.17468578454647,2018-10-02-05-00-09
2.0,113.32768160731077,23.174684358744685,2018-10-02-05-00-09
1.0,113.32793109705507,23.174683883954845,2018-10-02-05-00-09
1.0,113.32867956853674,23.174682461190724,2018-10-02-05-00-09
1.0,113.33766161455672,23.17466569131545,2018-10-02-05-00-09
1.0,113.32668363470165,23.174936165661425,2018-10-02-05-00-09
1.0,113.32892904279349,23.174931892923475,2018-10-02-05-00-09
13.0,113.32718259481727,23.175185119915263,2018-10-02-05-00-09
1.0,113.32917851746751,23.175181325004505,2018-10-02-05-00-09
1.0,113.33616450980006,23.175168246098142,2018-10-02-05-00-09
1.0,113.32693308906848,23.175435500899628,2018-10-02-05-00-09
1.0,113.32743206684242,23.175434550134387,2018-10-02-05-00-09
1.0,113.32593512014053,23.175687310380024,2018-10-02-05-00-09
1.0,113.32668358363377,23.17568588213363,2018-10-02-05-00-09
1.0,113.32693307204467,23.17568540643,2018-10-02-05-00-09
1.0,113.32718256076781,23.175684930936225,2018-10-02-05-00-09
1.0,113.32793102894469,23.175683505837714,2018-10-02-05-00-09
1.0,113.3259351031206,23.175937215950313,2018-10-02-05-00-09
1.0,113.33791104401399,23.175914763952584,2018-10-02-05-00-09
1.0,113.33267138469596,23.176174359363856,2018-10-02-05-00-09
1.0,113.33591493268801,23.17616832801357,2018-10-02-05-00-09
1.0,113.33791102694629,23.176164669560677,2018-10-02-05-00-09
1.0,113.3376614780248,23.176664935704192,2018-10-02-05-00-09
1.0,113.33791099281038,23.17666448089649,2018-10-02-05-00-09
1.0,113.33591488150712,23.17691804507822,2018-10-02-05-00-09
1.0,113.33641390004581,23.17691712630232,2018-10-02-05-00-09
1.0,113.3359148644465,23.177167950846403,2018-10-02-05-00-09
1.0,113.33666339347366,23.177166573692617,2018-10-02-05-00-09
1.0,113.32643397636458,23.17743569786394,2018-10-02-05-00-09
1.0,113.33641386592049,23.177416937878593,2018-10-02-05-00-09
1.0,113.33691288773169,23.177416021812594,2018-10-02-05-00-09
1.0,113.32718240753697,23.177934082504397,2018-10-02-05-00-09
1.0,113.33117428036208,23.177926513227437,2018-10-02-05-00-09
1.0,113.33641383179452,23.177916749615367,2018-10-02-05-00-09
1.0,113.33666334228202,23.177916291237434,2018-10-02-05-00-09
1.0,113.33791090746769,23.177914009936355,2018-10-02-05-00-09
1.0,113.32743187954917,23.178183513162683,2018-10-02-05-00-09
1.0,113.3276813689269,23.17818303812531,2018-10-02-05-00-09
1.0,113.33142375939063,23.17817594912168,2018-10-02-05-00-09
1.0,113.3366633252178,23.178166197166107,2018-10-02-05-00-09
1.0,113.33766137561885,23.178164370672764,2018-10-02-05-00-09
1.0,113.32718237348384,23.178433894405178,2018-10-02-05-00-09
1.0,113.32743186252151,23.178433419133174,2018-10-02-05-00-09
1.0,113.33666330815342,23.17841610313506,2018-10-02-05-00-09
1.0,113.33691280240578,23.178665551455996,2018-10-02-05-00-09
1.0,113.32693285072004,23.17893418196164,2018-10-02-05-00-09
1.0,113.32917826195936,23.17892991155161,2018-10-02-05-00-09
1.0,113.32992673968155,23.17892849341695,2018-10-02-05-00-09
1.0,113.33117421219086,23.178926137187723,2018-10-02-05-00-09
1.0,113.3369127853401,23.178915457505646,2018-10-02-05-00-09
1.0,113.33741181052166,23.178914544246577,2018-10-02-05-00-09
1.0,113.33791083919053,23.17891363389213,2018-10-02-05-00-09
1.0,113.32917824492414,23.179179817642996,2018-10-02-05-00-09
1.0,113.33741179345388,23.17916445033659,2018-10-02-05-00-09
1.0,113.33791082212082,23.17916353998206,2018-10-02-05-00-09
1.0,113.3269328166676,23.179433994185665,2018-10-02-05-00-09
1.0,113.32743179440921,23.179433043419102,2018-10-02-05-00-09
1.0,113.33317016287295,23.17942220191856,2018-10-02-05-00-09
1.0,113.33741177638592,23.179414356467106,2018-10-02-05-00-09
1.0,113.33766129027595,23.179413900920654,2018-10-02-05-00-09
1.0,113.32793075647652,23.179681999763556,2018-10-02-05-00-09
1.0,113.33691273414205,23.1796651758975,2018-10-02-05-00-09
1.0,113.3329206285523,23.179922481054017,2018-10-02-05-00-09
1.0,113.33317012876978,23.17992201430273,2018-10-02-05-00-09
1.0,113.3336691311581,23.179921082367674,2018-10-02-05-00-09
1.0,113.33391863335557,23.17992061720847,2018-10-02-05-00-09
1.0,113.33042564196973,23.1801770806257,2018-10-02-05-00-09
1.0,113.33167311965265,23.18017472840945,2018-10-02-05-00-09
1.0,113.33317011171795,23.180171920555786,2018-10-02-05-00-09
1.0,113.3371622121658,23.18016453137494,2018-10-02-05-00-09
1.0,113.33741172518107,23.1801640751022,2018-10-02-05-00-09
1.0,113.32743172629424,23.180432668353916,2018-10-02-05-00-09
1.0,113.33142360599116,23.18042510430695,2018-10-02-05-00-09
1.0,113.33716219509814,23.18041443766804,2018-10-02-05-00-09
1.0,113.32693271450627,23.18093343183278,2018-10-02-05-00-09
1.0,113.33341956142165,23.18092117332641,2018-10-02-05-00-09
1.0,113.33791070262818,23.180912883748622,2018-10-02-05-00-09
1.0,113.34340096142817,23.170906865513945,2018-10-02-05-00-09
1.0,113.34390004013936,23.170905997524724,2018-10-02-05-00-09
1.0,113.34514775829389,23.170903845907194,2018-10-02-05-00-09
1.0,113.34739373217825,23.170900042997726,2018-10-02-05-00-09
1.0,113.34390002305247,23.171155902345998,2018-10-02-05-00-09
1.0,113.34240276685836,23.171658328142232,2018-10-02-05-00-09
1.0,113.33516668367568,23.172171226054363,2018-10-02-05-00-09
1.0,113.34539720313438,23.172402848332865,2018-10-02-05-00-09
1.0,113.34639540567558,23.172401151188918,2018-10-02-05-00-09
1.0,113.33691321193203,23.172667818259164,2018-10-02-05-00-09
1.0,113.34190361664314,23.172908733091827,2018-10-02-05-00-09
1.0,113.34564671762224,23.172902232504793,2018-10-02-05-00-09
1.0,113.34639537148156,23.172900961336648,2018-10-02-05-00-09
1.0,113.34664492542164,23.17290053990599,2018-10-02-05-00-09
1.0,113.34689448070938,23.172900119640627,2018-10-02-05-00-09
1.0,113.34714403735731,23.17289970055208,2018-10-02-05-00-09
1.0,113.33691317780853,23.17316762848837,2018-10-02-05-00-09
1.0,113.33741220303452,23.17316671523123,2018-10-02-05-00-09
1.0,113.34514760446498,23.173152990697208,2018-10-02-05-00-09
1.0,113.34589625049894,23.173151712780278,2018-10-02-05-00-09
1.0,113.3478926984842,23.173148355594613,2018-10-02-05-00-09
1.0,113.33566561225103,23.173419828874312,2018-10-02-05-00-09
1.0,113.34389986926293,23.17340504748887,2018-10-02-05-00-09
1.0,113.34564668343293,23.173402042809396,2018-10-02-05-00-09
1.0,113.34639533728689,23.173400771640992,2018-10-02-05-00-09
1.0,113.34664489122518,23.173400350210247,2018-10-02-05-00-09
1.0,113.33965782707601,23.173662453302903,2018-10-02-05-00-09
1.0,113.34365031223082,23.173655386182723,2018-10-02-05-00-09
1.0,113.34564666633801,23.173651948020566,2018-10-02-05-00-09
1.0,113.3463953201893,23.173650676852034,2018-10-02-05-00-09
1.0,113.34689442941179,23.173649835155757,2018-10-02-05-00-09
1.0,113.33865973037909,23.173914160645424,2018-10-02-05-00-09
1.0,113.33890924884629,23.173913708912448,2018-10-02-05-00-09
1.0,113.33940828864525,23.173912807854887,2018-10-02-05-00-09
1.0,113.33965781000313,23.17391235855441,2018-10-02-05-00-09
1.0,113.34340075639645,23.173905725941374,2018-10-02-05-00-09
1.0,113.34514755318567,23.17390270633103,2018-10-02-05-00-09
1.0,113.3473935269737,23.173898903416916,2018-10-02-05-00-09
1.0,113.33990731527668,23.174161815379687,2018-10-02-05-00-09
1.0,113.3429016653553,23.174156503276397,2018-10-02-05-00-09
1.0,113.34389981799673,23.17415476324129,2018-10-02-05-00-09
1.0,113.34464844512584,23.17415346906381,2018-10-02-05-00-09
1.0,113.34514753609223,23.17415261162098,2018-10-02-05-00-09
1.0,113.34539708347751,23.174152184537274,2018-10-02-05-00-09
1.0,113.34614573339319,23.174150909976742,2018-10-02-05-00-09
1.0,113.34739350987223,23.174148808706477,2018-10-02-05-00-09
1.0,113.33766163162247,23.174415785945328,2018-10-02-05-00-09
1.0,113.3379111464167,23.174415331138007,2018-10-02-05-00-09
1.0,113.34389980090766,23.174404668570876,2018-10-02-05-00-09
1.0,113.346145716296,23.174400815305944,2018-10-02-05-00-09
1.0,113.33766161455672,23.17466569131545,2018-10-02-05-00-09
1.0,113.33940823742844,23.17466252384599,2018-10-02-05-00-09
1.0,113.33965775878347,23.174662074545385,2018-10-02-05-00-09
1.0,113.34340070513474,23.17465544193044,2018-10-02-05-00-09
1.0,113.34539704928832,23.174651995235408,2018-10-02-05-00-09
1.0,113.34564659795672,23.174651569258966,2018-10-02-05-00-09
1.0,113.34614569919862,23.17465072067462,2018-10-02-05-00-09
1.0,113.34639525179726,23.174650298089915,2018-10-02-05-00-09
1.0,113.33865966210112,23.174913782046392,2018-10-02-05-00-09
1.0,113.33965774170991,23.174911979954707,2018-10-02-05-00-09
1.0,113.34365022679006,23.174904912831135,2018-10-02-05-00-09
1.0,113.3448979387006,23.174902755907116,2018-10-02-05-00-09
1.0,113.34589613082598,23.17490104980976,2018-10-02-05-00-09
1.0,113.34664478863179,23.174899782067087,2018-10-02-05-00-09
1.0,113.33616450980006,23.175168246098142,2018-10-02-05-00-09
1.0,113.33841012750622,23.17516414001536,2018-10-02-05-00-09
1.0,113.34315113340082,23.17515568830905,2018-10-02-05-00-09
1.0,113.33890914642261,23.17541314125096,2018-10-02-05-00-09
1.0,113.33965770756231,23.175411790892163,2018-10-02-05-00-09
1.0,113.34265204469726,23.175406467834023,2018-10-02-05-00-09
1.0,113.34290157992668,23.175406030320513,2018-10-02-05-00-09
1.0,113.34489790451403,23.17540256684279,2018-10-02-05-00-09
5.0,113.33940816913703,23.175662145721184,2018-10-02-05-00-09
1.0,113.34115483983422,23.17565901856919,2018-10-02-05-00-09
1.0,113.34265202761196,23.17565637336176,2018-10-02-05-00-09
1.0,113.34539698090794,23.175651617106524,2018-10-02-05-00-09
1.0,113.33791104401399,23.175914763952584,2018-10-02-05-00-09
1.0,113.33841007629836,23.175913856600786,2018-10-02-05-00-09
1.0,113.34564651247632,23.175901096696883,2018-10-02-05-00-09
1.0,113.34639516630345,23.17589982552719,2018-10-02-05-00-09
1.0,113.33591493268801,23.17616832801357,2018-10-02-05-00-09
1.0,113.33791102694629,23.176164669560677,2018-10-02-05-00-09
1.0,113.3381605426319,23.176164215503473,2018-10-02-05-00-09
1.0,113.33865957674989,23.176163309688736,2018-10-02-05-00-09
1.0,113.33965765633964,23.176161507596206,2018-10-02-05-00-09
1.0,113.33990717867866,23.176161059130262,2018-10-02-05-00-09
1.0,113.34464830838675,23.176152712807927,2018-10-02-05-00-09
1.0,113.3448978532329,23.176152283544152,2018-10-02-05-00-09
1.0,113.34639514920418,23.176149731133837,2018-10-02-05-00-09
1.0,113.33841004215894,23.176413667856664,2018-10-02-05-00-09
1.0,113.33915859754495,23.176412312668546,2018-10-02-05-00-09
1.0,113.3376614780248,23.176664935704192,2018-10-02-05-00-09
1.0,113.33791099281038,23.17666448089649,2018-10-02-05-00-09
1.0,113.33890906106494,23.17666266929086,2018-10-02-05-00-09
1.0,113.33990714452747,23.176660870465405,2018-10-02-05-00-09
1.0,113.34090524403308,23.176659085190636,2018-10-02-05-00-09
1.0,113.34489781904463,23.176652094877596,2018-10-02-05-00-09
1.0,113.33591488150712,23.17691804507822,2018-10-02-05-00-09
1.0,113.33641390004581,23.17691712630232,2018-10-02-05-00-09
1.0,113.33915856339914,23.176912124083813,2018-10-02-05-00-09
1.0,113.34489780195025,23.176902000604233,2018-10-02-05-00-09
1.0,113.34614554531477,23.176899870778236,2018-10-02-05-00-09
1.0,113.3359148644465,23.177167950846403,2018-10-02-05-00-09
1.0,113.33666339347366,23.177166573692617,2018-10-02-05-00-09
1.0,113.33816047435558,23.177163838334796,2018-10-02-05-00-09
1.0,113.33865950846591,23.177162932519717,2018-10-02-05-00-09
1.0,113.33940806669489,23.177161579727542,2018-10-02-05-00-09
1.0,113.34739330464156,23.17714767527183,2018-10-02-05-00-09
1.0,113.33641386592049,23.177416937878593,2018-10-02-05-00-09
1.0,113.33691288773169,23.177416021812594,2018-10-02-05-00-09
1.0,113.33990709329946,23.177410587767987,2018-10-02-05-00-09
1.0,113.34564640989431,23.177400530936488,2018-10-02-05-00-09
1.0,113.34589594275187,23.177650011925234,2018-10-02-05-00-09
1.0,113.33641383179452,23.177916749615367,2018-10-02-05-00-09
1.0,113.33666334228202,23.177916291237434,2018-10-02-05-00-09
1.0,113.33791090746769,23.177914009936355,2018-10-02-05-00-09
1.0,113.33890897570308,23.17791219832988,2018-10-02-05-00-09
1.0,113.33915849510551,23.177911747395008,2018-10-02-05-00-09
1.0,113.34564637569898,23.177900342670128,2018-10-02-05-00-09
1.0,113.3366633252178,23.178166197166107,2018-10-02-05-00-09
1.0,113.33766137561885,23.178164370672764,2018-10-02-05-00-09
1.0,113.33865944017924,23.178162555991864,2018-10-02-05-00-09
1.0,113.34015656540409,23.178159857812364,2018-10-02-05-00-09
1.0,113.34040608975396,23.178159411051958,2018-10-02-05-00-09
1.0,113.33666330815342,23.17841610313506,2018-10-02-05-00-09
1.0,113.33940798132183,23.178411109167673,2018-10-02-05-00-09
1.0,113.34240230558919,23.178405775294376,2018-10-02-05-00-09
1.0,113.33691280240578,23.178665551455996,2018-10-02-05-00-09
1.0,113.34514722838163,23.17865091363408,2018-10-02-05-00-09
1.0,113.34664453212193,23.178648367969714,2018-10-02-05-00-09
1.0,113.3369127853401,23.178915457505646,2018-10-02-05-00-09
1.0,113.33741181052166,23.178914544246577,2018-10-02-05-00-09
1.0,113.33791083919053,23.17891363389213,2018-10-02-05-00-09
1.0,113.33741179345388,23.17916445033659,2018-10-02-05-00-09
1.0,113.33791082212082,23.17916353998206,2018-10-02-05-00-09
1.0,113.3381603377949,23.17916308592435,2018-10-02-05-00-09
1.0,113.33840985438023,23.17916263262917,2018-10-02-05-00-09
1.0,113.33940793009599,23.179160827315414,2018-10-02-05-00-09
1.0,113.33741177638592,23.179414356467106,2018-10-02-05-00-09
1.0,113.33766129027595,23.179413900920654,2018-10-02-05-00-09
1.0,113.33840983730843,23.179412538759518,2018-10-02-05-00-09
1.0,113.34290130652693,23.179404523563726,2018-10-02-05-00-09
1.0,113.33691273414205,23.1796651758975,2018-10-02-05-00-09
1.0,113.33890885618946,23.17966154067583,2018-10-02-05-00-09
1.0,113.33816028658188,23.179912804437244,2018-10-02-05-00-09
1.0,113.33940787886866,23.179910545827674,2018-10-02-05-00-09
1.0,113.3371622121658,23.18016453137494,2018-10-02-05-00-09
1.0,113.33741172518107,23.1801640751022,2018-10-02-05-00-09
1.0,113.33840978609204,23.18016225739411,2018-10-02-05-00-09
1.0,113.3386593035979,23.180161804873375,2018-10-02-05-00-09
1.0,113.3399069054505,23.180159554311533,2018-10-02-05-00-09
1.0,113.33716219509814,23.18041443766804,2018-10-02-05-00-09
1.0,113.33816025243904,23.180412616982395,2018-10-02-05-00-09
1.0,113.33865928652448,23.180411711166226,2018-10-02-05-00-09
1.0,113.33816023536737,23.180662523316094,2018-10-02-05-00-09
1.0,113.3389087878923,23.18066116576573,2018-10-02-05-00-09
1.0,113.33791070262818,23.180912883748622,2018-10-02-05-00-09
1.0,113.3448982292595,23.170654369303662,2018-10-02-05-00-09
1.0,113.35438198119353,23.17063896546461,2018-10-02-05-00-09
1.0,113.34514775829389,23.170903845907194,2018-10-02-05-00-09
1.0,113.34739373217825,23.170900042997726,2018-10-02-05-00-09
1.0,113.3523851999654,23.17089195206552,2018-10-02-05-00-09
1.0,113.35038852297025,23.171145029866203,2018-10-02-05-00-09
1.0,113.35463155008975,23.171138396525365,2018-10-02-05-00-09
1.0,113.34889107565483,23.171397370874427,2018-10-02-05-00-09
1.0,113.35138680603687,23.171643242089306,2018-10-02-05-00-09
1.0,113.35163638928037,23.171642846129078,2018-10-02-05-00-09
1.0,113.3553803357164,23.171637079838252,2018-10-02-05-00-09
1.0,113.34814234621187,23.171898416057818,2018-10-02-05-00-09
1.0,113.35013889618033,23.171895147310433,2018-10-02-05-00-09
1.0,113.35737723313555,23.17213395506526,2018-10-02-05-00-09
1.0,113.34539720313438,23.172402848332865,2018-10-02-05-00-09
1.0,113.34639540567558,23.172401151188918,2018-10-02-05-00-09
1.0,113.35013886196086,23.172394957300668,2018-10-02-05-00-09
1.0,113.34564671762224,23.172902232504793,2018-10-02-05-00-09
1.0,113.34639537148156,23.172900961336648,2018-10-02-05-00-09
1.0,113.34664492542164,23.17290053990599,2018-10-02-05-00-09
1.0,113.34689448070938,23.172900119640627,2018-10-02-05-00-09
1.0,113.34714403735731,23.17289970055208,2018-10-02-05-00-09
1.0,113.34514760446498,23.173152990697208,2018-10-02-05-00-09
1.0,113.34589625049894,23.173151712780278,2018-10-02-05-00-09
1.0,113.3478926984842,23.173148355594613,2018-10-02-05-00-09
1.0,113.35163628659065,23.17314227633277,2018-10-02-05-00-09
1.0,113.34564668343293,23.173402042809396,2018-10-02-05-00-09
1.0,113.34639533728689,23.173400771640992,2018-10-02-05-00-09
1.0,113.34664489122518,23.173400350210247,2018-10-02-05-00-09
1.0,113.34988921958596,23.17339498182593,2018-10-02-05-00-09
1.0,113.35063794596104,23.173393773583626,2018-10-02-05-00-09
1.0,113.35088752449246,23.173393373515278,2018-10-02-05-00-09
1.0,113.34564666633801,23.173651948020566,2018-10-02-05-00-09
1.0,113.3463953201893,23.173650676852034,2018-10-02-05-00-09
1.0,113.34689442941179,23.173649835155757,2018-10-02-05-00-09
1.0,113.34514755318567,23.17390270633103,2018-10-02-05-00-09
1.0,113.3473935269737,23.173898903416916,2018-10-02-05-00-09
1.0,113.34464844512584,23.17415346906381,2018-10-02-05-00-09
1.0,113.34514753609223,23.17415261162098,2018-10-02-05-00-09
1.0,113.34539708347751,23.174152184537274,2018-10-02-05-00-09
1.0,113.34614573339319,23.174150909976742,2018-10-02-05-00-09
1.0,113.34739350987223,23.174148808706477,2018-10-02-05-00-09
1.0,113.346145716296,23.174400815305944,2018-10-02-05-00-09
1.0,113.35338332891833,23.17438907043292,2018-10-02-05-00-09
1.0,113.34539704928832,23.174651995235408,2018-10-02-05-00-09
1.0,113.34564659795672,23.174651569258966,2018-10-02-05-00-09
1.0,113.34614569919862,23.17465072067462,2018-10-02-05-00-09
1.0,113.34639525179726,23.174650298089915,2018-10-02-05-00-09
1.0,113.3448979387006,23.174902755907116,2018-10-02-05-00-09
1.0,113.34589613082598,23.17490104980976,2018-10-02-05-00-09
1.0,113.34664478863179,23.174899782067087,2018-10-02-05-00-09
1.0,113.3536328738593,23.175138402132486,2018-10-02-05-00-09
1.0,113.34489790451403,23.17540256684279,2018-10-02-05-00-09
1.0,113.34539698090794,23.175651617106524,2018-10-02-05-00-09
1.0,113.34988906559168,23.175644130139823,2018-10-02-05-00-09
1.0,113.34564651247632,23.175901096696883,2018-10-02-05-00-09
1.0,113.34639516630345,23.17589982552719,2018-10-02-05-00-09
1.0,113.34464830838675,23.176152712807927,2018-10-02-05-00-09
1.0,113.3448978532329,23.176152283544152,2018-10-02-05-00-09
1.0,113.34639514920418,23.176149731133837,2018-10-02-05-00-09
1.0,113.34489781904463,23.176652094877596,2018-10-02-05-00-09
1.0,113.34489780195025,23.176902000604233,2018-10-02-05-00-09
1.0,113.34614554531477,23.176899870778236,2018-10-02-05-00-09
1.0,113.3566280446008,23.176883245556372,2018-10-02-05-00-09
1.0,113.34739330464156,23.17714767527183,2018-10-02-05-00-09
1.0,113.34564640989431,23.177400530936488,2018-10-02-05-00-09
1.0,113.34589594275187,23.177650011925234,2018-10-02-05-00-09
1.0,113.34564637569898,23.177900342670128,2018-10-02-05-00-09
1.0,113.34514722838163,23.17865091363408,2018-10-02-05-00-09
1.0,113.34664453212193,23.178648367969714,2018-10-02-05-00-09
