count,wgs_lng,wgs_lat,time
1.0,113.33417059052954,23.143934049665283,2018-10-11-06-00-21
1.0,113.3284321539867,23.144194755069577,2018-10-11-06-00-21
1.0,113.33142607578277,23.144189089714533,2018-10-11-06-00-21
1.0,113.33466956462574,23.144432924136172,2018-10-11-06-00-21
1.0,113.33541808234568,23.144431537385014,2018-10-11-06-00-21
1.0,113.33142604174051,23.144688891733225,2018-10-11-06-00-21
1.0,113.33192503582248,23.144687952982718,2018-10-11-06-00-21
1.0,113.33267353132763,23.14468654831441,2018-10-11-06-00-21
1.0,113.33292303105131,23.144686081062872,2018-10-11-06-00-21
1.0,113.3354180653087,23.14468143841011,2018-10-11-06-00-21
1.0,113.32643618795198,23.14494825909442,2018-10-11-06-00-21
1.0,113.32668567618836,23.144947783198383,2018-10-11-06-00-21
1.0,113.33117652851554,23.144939262821694,2018-10-11-06-00-21
1.0,113.33167552147589,23.144938323194296,2018-10-11-06-00-21
1.0,113.3264361709505,23.14519816018685,2018-10-11-06-00-21
1.0,113.32943005244188,23.145192465188867,2018-10-11-06-00-21
1.0,113.33167550445334,23.14518822428586,2018-10-11-06-00-21
1.0,113.33192500177559,23.145187755132806,2018-10-11-06-00-21
1.0,113.33516852458216,23.145181702197124,2018-10-11-06-00-21
1.0,113.33616655583963,23.14517985946592,2018-10-11-06-00-21
1.0,113.33616653879923,23.145429760589735,2018-10-11-06-00-21
1.0,113.32718460255684,23.145696535387145,2018-10-11-06-00-21
1.0,113.32943001841426,23.14569226747181,2018-10-11-06-00-21
1.0,113.33516849050898,23.14568150447815,2018-10-11-06-00-21
1.0,113.33666554216488,23.145678744324037,2018-10-11-06-00-21
1.0,113.3256876569067,23.14594929241234,2018-10-11-06-00-21
1.0,113.3261866319981,23.14594833974374,2018-10-11-06-00-21
1.0,113.32643611994507,23.145947863662407,2018-10-11-06-00-21
1.0,113.32793305408876,23.1459450114949,2018-10-11-06-00-21
1.0,113.32843203491991,23.14594406271507,2018-10-11-06-00-21
1.0,113.32868152591766,23.145943588745055,2018-10-11-06-00-21
1.0,113.33042797501874,23.145940279946615,2018-10-11-06-00-21
1.0,113.32643610294294,23.1461977648872,2018-10-11-06-00-21
1.0,113.32868150890644,23.146193489969477,2018-10-11-06-00-21
1.0,113.33117644341112,23.14618876861054,2018-10-11-06-00-21
1.0,113.33516845643514,23.14618130689166,2018-10-11-06-00-21
1.0,113.32868149189507,23.146443391227127,2018-10-11-06-00-21
1.0,113.33017844686341,23.146440554063794,2018-10-11-06-00-21
1.0,113.33042794098212,23.146440082428107,2018-10-11-06-00-21
1.0,113.33292291185651,23.146435389165607,2018-10-11-06-00-21
1.0,113.33367141485921,23.146433990496007,2018-10-11-06-00-21
1.0,113.32468965857329,23.146700903202174,2018-10-11-06-00-21
1.0,113.32568760590887,23.146698996186842,2018-10-11-06-00-21
1.0,113.32593709332224,23.146698519772215,2018-10-11-06-00-21
1.0,113.32643606893815,23.146697567436537,2018-10-11-06-00-21
1.0,113.33042792396355,23.14668998371876,2018-10-11-06-00-21
1.0,113.33167540231462,23.146687631530323,2018-10-11-06-00-21
1.0,113.32518861480669,23.14694985077272,2018-10-11-06-00-21
1.0,113.32568758890926,23.146948897511624,2018-10-11-06-00-21
1.0,113.3269350286909,23.14694651716595,2018-10-11-06-00-21
1.0,113.33192488260619,23.14693706370077,2018-10-11-06-00-21
1.0,113.3324238789897,23.146936126777067,2018-10-11-06-00-21
1.0,113.3339208831236,23.14693332795587,2018-10-11-06-00-21
1.0,113.33516840532313,23.146931010761293,2018-10-11-06-00-21
1.0,113.32518859780893,23.147199752130984,2018-10-11-06-00-21
1.0,113.3264360349327,23.14719737011925,2018-10-11-06-00-21
1.0,113.32967940902437,23.147191202406887,2018-10-11-06-00-21
1.0,113.33192486558133,23.147186965057912,2018-10-11-06-00-21
1.0,113.33292286077054,23.147185093136404,2018-10-11-06-00-21
1.0,113.32493909409605,23.147450130344506,2018-10-11-06-00-21
1.0,113.3304278729069,23.147439687791003,2018-10-11-06-00-21
1.0,113.32543805074528,23.147699078249435,2018-10-11-06-00-21
1.0,113.32593702531877,23.147698125271813,2018-10-11-06-00-21
1.0,113.32743395567397,23.147695270584247,2018-10-11-06-00-21
1.0,113.3279329350279,23.147694320766554,2018-10-11-06-00-21
1.0,113.33367132970028,23.14768349728057,2018-10-11-06-00-21
1.0,113.33566736826032,23.147679792283235,2018-10-11-06-00-21
1.0,113.33766345669106,23.147676128302546,2018-10-11-06-00-21
1.0,113.32593700831748,23.147948026730493,2018-10-11-06-00-21
1.0,113.32643598392328,23.1479470743944,2018-10-11-06-00-21
1.0,113.3276834281664,23.147944697010313,2018-10-11-06-00-21
1.0,113.3296793579757,23.147940906680418,2018-10-11-06-00-21
1.0,113.33042782184872,23.148189392164873,2018-10-11-06-00-21
1.0,113.33342179398615,23.14818376592588,2018-10-11-06-00-21
1.0,113.33142578640235,23.148437411098392,2018-10-11-06-00-21
1.0,113.33267327591506,23.148435067676463,2018-10-11-06-00-21
1.0,113.32468952260417,23.14870011474014,2018-10-11-06-00-21
1.0,113.32493900910904,23.148699637807166,2018-10-11-06-00-21
1.0,113.32942981423462,23.14869108396725,2018-10-11-06-00-21
1.0,113.33117627318981,23.148687782687656,2018-10-11-06-00-21
1.0,113.33267325888622,23.148684969235074,2018-10-11-06-00-21
1.0,113.32493899211114,23.14894953940086,2018-10-11-06-00-21
1.0,113.32518847882004,23.148949062578815,2018-10-11-06-00-21
1.0,113.32967928990848,23.148940512849503,2018-10-11-06-00-21
1.0,113.33167524909527,23.14893674465159,2018-10-11-06-00-21
1.0,113.33267324185721,23.148934870827482,2018-10-11-06-00-21
1.0,113.33766337145008,23.148925635923018,2018-10-11-06-00-21
1.0,113.32468948861023,23.149199917961464,2018-10-11-06-00-21
1.0,113.32493897511308,23.149199441028408,2018-10-11-06-00-21
1.0,113.32918028795956,23.149191360231235,2018-10-11-06-00-21
1.0,113.33067724837622,23.14918852721528,2018-10-11-06-00-21
1.0,113.33117623914355,23.149187585906827,2018-10-11-06-00-21
1.0,113.33117622212016,23.149437487567244,2018-10-11-06-00-21
1.0,113.3316752150447,23.14943654793835,2018-10-11-06-00-21
1.0,113.3339207127884,23.149432343036366,2018-10-11-06-00-21
1.0,113.32493894111644,23.14969924438528,2018-10-11-06-00-21
1.0,113.32543791474653,23.149698290864265,2018-10-11-06-00-21
1.0,113.32568740190258,23.149697814301103,2018-10-11-06-00-21
1.0,113.32618637696365,23.149696861631263,2018-10-11-06-00-21
1.0,113.32693484162864,23.149695433953156,2018-10-11-06-00-21
1.0,113.33092670945172,23.14968785971215,2018-10-11-06-00-21
1.0,113.33167519801916,23.149686449632654,2018-10-11-06-00-21
1.0,113.33342169179384,23.149683175581593,2018-10-11-06-00-21
1.0,113.32543789774594,23.149948192593623,2018-10-11-06-00-21
1.0,113.32543788074518,23.150198094357055,2018-10-11-06-00-21
1.0,113.33292265641161,23.150183912045982,2018-10-11-06-00-21
1.0,113.3356671808098,23.1504287101697,2018-10-11-06-00-21
1.0,113.33716424202352,23.15042595799465,2018-10-11-06-00-21
1.0,113.32942967810152,23.150690297661853,2018-10-11-06-00-21
1.0,113.33017815754228,23.15068888057878,2018-10-11-06-00-21
1.0,113.3334216236623,23.1506827826984,2018-10-11-06-00-21
1.0,113.33466913872454,23.150680459764338,2018-10-11-06-00-21
1.0,113.33566716376785,23.15067861199975,2018-10-11-06-00-21
1.0,113.32843169468416,23.150942093582643,2018-10-11-06-00-21
1.0,113.33392061057927,23.150931753711358,2018-10-11-06-00-21
1.0,113.33142559913054,23.151186330113475,2018-10-11-06-00-21
1.0,113.33641565659633,23.151177036625935,2018-10-11-06-00-21
1.0,113.33691466156365,23.151426022501486,2018-10-11-06-00-21
1.0,113.32967908569083,23.15193933462093,2018-10-11-06-00-21
1.0,113.33392054243652,23.151931361513302,2018-10-11-06-00-21
1.0,113.32518825781902,23.152197786397295,2018-10-11-06-00-21
1.0,113.32992856180806,23.15218876429291,2018-10-11-06-00-21
1.0,113.3339205254004,23.152181263549963,2018-10-11-06-00-21
1.0,113.33417001135642,23.152430701021835,2018-10-11-06-00-21
1.0,113.33616602750969,23.15292680993168,2018-10-11-06-00-21
1.0,113.33641553727522,23.152926350880417,2018-10-11-06-00-21
1.0,113.33042748142262,23.15318742914442,2018-10-11-06-00-21
1.0,113.33367095495146,23.153181337197726,2018-10-11-06-00-21
1.0,113.32868101550889,23.153440640162277,2018-10-11-06-00-21
1.0,113.32693456950214,23.15369386573956,2018-10-11-06-00-21
1.0,113.32818199993777,23.153941392915655,2018-10-11-06-00-21
1.0,113.32893047284786,23.153939971013994,2018-10-11-06-00-21
1.0,113.33042743035296,23.153937135881197,2018-10-11-06-00-21
1.0,113.33916081558861,23.14392489313353,2018-10-11-06-00-21
1.0,113.33965985755576,23.143923993719813,2018-10-11-06-00-21
1.0,113.33990938001698,23.14392354525932,2018-10-11-06-00-21
1.0,113.34090748001651,23.1439217600067,2018-10-11-06-00-21
1.0,113.34714601981068,23.143910956636265,2018-10-11-06-00-21
1.0,113.34040841090399,23.144172551849785,2018-10-11-06-00-21
1.0,113.34714600273018,23.14416085759375,2018-10-11-06-00-21
1.0,113.34739556085209,23.144160439698496,2018-10-11-06-00-21
1.0,113.33466956462574,23.144432924136172,2018-10-11-06-00-21
1.0,113.33541808234568,23.144431537385014,2018-10-11-06-00-21
1.0,113.34490002281572,23.14441457173143,2018-10-11-06-00-21
1.0,113.34514956903621,23.14441414355713,2018-10-11-06-00-21
1.0,113.34614776676425,23.144412441933333,2018-10-11-06-00-21
1.0,113.3354180653087,23.14468143841011,2018-10-11-06-00-21
1.0,113.33891124490566,23.144675047037744,2018-10-11-06-00-21
1.0,113.34040837679183,23.14467235386546,2018-10-11-06-00-21
1.0,113.34190554570131,23.144669692045312,2018-10-11-06-00-21
1.0,113.3399093118002,23.14492314929111,2018-10-11-06-00-21
1.0,113.34015883526011,23.144922701677384,2018-10-11-06-00-21
1.0,113.33516852458216,23.145181702197124,2018-10-11-06-00-21
1.0,113.33616655583963,23.14517985946592,2018-10-11-06-00-21
1.0,113.33616653879923,23.145429760589735,2018-10-11-06-00-21
1.0,113.33516849050898,23.14568150447815,2018-10-11-06-00-21
1.0,113.33666554216488,23.145678744324037,2018-10-11-06-00-21
1.0,113.33891115965075,23.145924552654794,2018-10-11-06-00-21
1.0,113.3404082915085,23.145921859481245,2018-10-11-06-00-21
1.0,113.33516845643514,23.14618130689166,2018-10-11-06-00-21
1.0,113.34065776583378,23.14667111736422,2018-10-11-06-00-21
1.0,113.33516840532313,23.146931010761293,2018-10-11-06-00-21
1.0,113.33941013144839,23.146923256696798,2018-10-11-06-00-21
1.0,113.33965965290878,23.146922807400877,2018-10-11-06-00-21
1.0,113.33866155582233,23.147174510829696,2018-10-11-06-00-21
1.0,113.34739535586263,23.147159253760766,2018-10-11-06-00-21
1.0,113.33566736826032,23.147679792283235,2018-10-11-06-00-21
1.0,113.33766345669106,23.147676128302546,2018-10-11-06-00-21
1.0,113.34589795921683,23.148161384484183,2018-10-11-06-00-21
1.0,113.34190528975455,23.148418211384058,2018-10-11-06-00-21
1.0,113.34689615560177,23.1484095980167,2018-10-11-06-00-21
1.0,113.33866145351165,23.14867391967039,2018-10-11-06-00-21
1.0,113.33766337145008,23.148925635923018,2018-10-11-06-00-21
1.0,113.3391604233711,23.149672623580347,2018-10-11-06-00-21
1.0,113.34240426940755,23.149666839646205,2018-10-11-06-00-21
1.0,113.34639696079411,23.149659947824244,2018-10-11-06-00-21
1.0,113.34639692663059,23.150159751309985,2018-10-11-06-00-21
1.0,113.3356671808098,23.1504287101697,2018-10-11-06-00-21
1.0,113.33716424202352,23.15042595799465,2018-10-11-06-00-21
1.0,113.34415098193199,23.150413496471213,2018-10-11-06-00-21
1.0,113.34739513376351,23.150407974434767,2018-10-11-06-00-21
1.0,113.33466913872454,23.150680459764338,2018-10-11-06-00-21
1.0,113.33566716376785,23.15067861199975,2018-10-11-06-00-21
1.0,113.34140607562341,23.150668210251236,2018-10-11-06-00-21
1.0,113.3468960018522,23.15065871324391,2018-10-11-06-00-21
1.0,113.34739511667779,23.150657876262827,2018-10-11-06-00-21
1.0,113.33791274994041,23.15092439507563,2018-10-11-06-00-21
1.0,113.33641565659633,23.151177036625935,2018-10-11-06-00-21
1.0,113.34489956179178,23.151161911076066,2018-10-11-06-00-21
1.0,113.33691466156365,23.151426022501486,2018-10-11-06-00-21
1.0,113.34315275590106,23.15141483993297,2018-10-11-06-00-21
1.0,113.34415091363466,23.15141310399138,2018-10-11-06-00-21
1.0,113.34290315114377,23.152414884524024,2018-10-11-06-00-21
1.0,113.33616602750969,23.15292680993168,2018-10-11-06-00-21
1.0,113.33641553727522,23.152926350880417,2018-10-11-06-00-21
1.0,113.34714538772117,23.153157314332976,2018-10-11-06-00-21
1.0,113.34639737070422,23.143662316480935,2018-10-11-06-00-21
1.0,113.3533854336621,23.14365099434277,2018-10-11-06-00-21
1.0,113.35463343270297,23.143649086663032,2018-10-11-06-00-21
1.0,113.34714601981068,23.143910956636265,2018-10-11-06-00-21
1.0,113.34764513744103,23.143910122045657,2018-10-11-06-00-21
4.0,113.34814426066022,23.143909292300123,2018-10-11-06-00-21
1.0,113.34839382439658,23.14390887927284,2018-10-11-06-00-21
1.0,113.34714600273018,23.14416085759375,2018-10-11-06-00-21
1.0,113.34739556085209,23.144160439698496,2018-10-11-06-00-21
1.0,113.34814424357621,23.14415919325743,2018-10-11-06-00-21
1.0,113.34839380731171,23.144158780230107,2018-10-11-06-00-21
1.0,113.35213744231518,23.144152740607506,2018-10-11-06-00-21
1.0,113.35238703046365,23.144152348859606,2018-10-11-06-00-21
1.0,113.34490002281572,23.14441457173143,2018-10-11-06-00-21
1.0,113.34514956903621,23.14441414355713,2018-10-11-06-00-21
1.0,113.34614776676425,23.144412441933333,2018-10-11-06-00-21
1.0,113.3546333813859,23.144398789531607,2018-10-11-06-00-21
1.0,113.34989118609525,23.144656130631752,2018-10-11-06-00-21
1.0,113.35388455975593,23.144649830681228,2018-10-11-06-00-21
1.0,113.35413415954919,23.144649449134302,2018-10-11-06-00-21
1.0,113.3553821844109,23.144647564125524,2018-10-11-06-00-21
1.0,113.35613102046158,23.144646451686086,2018-10-11-06-00-21
1.0,113.35238697916742,23.14490205192622,2018-10-11-06-00-21
1.0,113.35238696206835,23.14515195301425,2018-10-11-06-00-21
1.0,113.35663021926769,23.145145520114085,2018-10-11-06-00-21
1.0,113.34939199127592,23.14540664596795,2018-10-11-06-00-21
1.0,113.35288610905349,23.145650976077597,2018-10-11-06-00-21
1.0,113.35638056762208,23.145645688446372,2018-10-11-06-00-21
1.0,113.35663018504195,23.1456453223877,2018-10-11-06-00-21
1.0,113.35712935691176,23.146644200046893,2018-10-11-06-00-21
1.0,113.35438360709867,23.146898179771533,2018-10-11-06-00-21
1.0,113.34739535586263,23.147159253760766,2018-10-11-06-00-21
1.0,113.3501405892058,23.14715473860519,2018-10-11-06-00-21
1.0,113.35113890062117,23.1471531356785,2018-10-11-06-00-21
1.0,113.35363479062438,23.147149225756138,2018-10-11-06-00-21
1.0,113.35488278105453,23.147397226963434,2018-10-11-06-00-21
1.0,113.3568796502569,23.147894069812903,2018-10-11-06-00-21
1.0,113.34589795921683,23.148161384484183,2018-10-11-06-00-21
1.0,113.34689615560177,23.1484095980167,2018-10-11-06-00-21
1.0,113.34639696079411,23.149659947824244,2018-10-11-06-00-21
1.0,113.34639692663059,23.150159751309985,2018-10-11-06-00-21
1.0,113.34415098193199,23.150413496471213,2018-10-11-06-00-21
1.0,113.34739513376351,23.150407974434767,2018-10-11-06-00-21
1.0,113.35388416632628,23.150397563378064,2018-10-11-06-00-21
1.0,113.3468960018522,23.15065871324391,2018-10-11-06-00-21
1.0,113.34739511667779,23.150657876262827,2018-10-11-06-00-21
1.0,113.35463293657475,23.150896226934986,2018-10-11-06-00-21
1.0,113.34489956179178,23.151161911076066,2018-10-11-06-00-21
1.0,113.34415091363466,23.15141310399138,2018-10-11-06-00-21
1.0,113.34989070749712,23.151653372825898,2018-10-11-06-00-21
1.0,113.3501402644091,23.151902870753275,2018-10-11-06-00-21
1.0,113.35712899745472,23.151892134843635,2018-10-11-06-00-21
1.0,113.347894100337,23.152656259942294,2018-10-11-06-00-21
1.0,113.34714538772117,23.153157314332976,2018-10-11-06-00-21
1.0,113.3521367924829,23.153649001764254,2018-10-11-06-00-21
1.0,113.33616602750969,23.15292680993168,2018-10-11-06-00-21
1.0,113.33641553727522,23.152926350880417,2018-10-11-06-00-21
1.0,113.33042748142262,23.15318742914442,2018-10-11-06-00-21
1.0,113.33367095495146,23.153181337197726,2018-10-11-06-00-21
1.0,113.32868101550889,23.153440640162277,2018-10-11-06-00-21
1.0,113.32693456950214,23.15369386573956,2018-10-11-06-00-21
1.0,113.32818199993777,23.153941392915655,2018-10-11-06-00-21
1.0,113.32893047284786,23.153939971013994,2018-10-11-06-00-21
1.0,113.33042743035296,23.153937135881197,2018-10-11-06-00-21
1.0,113.3304274133294,23.15418703819666,2018-10-11-06-00-21
1.0,113.33067690791681,23.15418656694258,2018-10-11-06-00-21
17.0,113.3309264030173,23.154186096083738,2018-10-11-06-00-21
1.0,113.333171884215,23.15418187817428,2018-10-11-06-00-21
2.0,113.33092638599159,23.15443599843415,2018-10-11-06-00-21
1.0,113.33117588161754,23.15443552798284,2018-10-11-06-00-21
1.0,113.33267285014409,23.15468261690972,2018-10-11-06-00-21
1.0,113.3291798965636,23.154939107120924,2018-10-11-06-00-21
1.0,113.3364154008982,23.154925569257355,2018-10-11-06-00-21
1.0,113.3284314054314,23.155190430590096,2018-10-11-06-00-21
1.0,113.33541734960495,23.155177311862044,2018-10-11-06-00-21
1.0,113.32593649820157,23.155445086380077,2018-10-11-06-00-21
1.0,113.33192428663676,23.15568363147631,2018-10-11-06-00-21
1.0,113.33217378449717,23.155683162778402,2018-10-11-06-00-21
1.0,113.32768288381124,23.15594156174045,2018-10-11-06-00-21
1.0,113.3281818638169,23.155940612426303,2018-10-11-06-00-21
1.0,113.32942932070145,23.15593824411181,2018-10-11-06-00-21
1.0,113.33766289402338,23.15592289443611,2018-10-11-06-00-21
1.0,113.32843133736495,23.156190040768166,2018-10-11-06-00-21
1.0,113.33666482622903,23.15617462351073,2018-10-11-06-00-21
1.0,113.32618591780731,23.15644422044554,2018-10-11-06-00-21
1.0,113.33067675468833,23.1564356893644,2018-10-11-06-00-21
1.0,113.3279323225861,23.15669079485322,2018-10-11-06-00-21
1.0,113.33641528155957,23.15667488718402,2018-10-11-06-00-21
1.0,113.32518793476697,23.156945931755708,2018-10-11-06-00-21
1.0,113.33591624581634,23.156925708656072,2018-10-11-06-00-21
1.0,113.32543740465643,23.157195357795988,2018-10-11-06-00-21
1.0,113.32593636214537,23.157444307591167,2018-10-11-06-00-21
1.0,113.33466867863413,23.157427822308517,2018-10-11-06-00-21
1.0,113.33541719620158,23.157426435550843,2018-10-11-06-00-21
1.0,113.33716376462273,23.157423222357334,2018-10-11-06-00-21
1.0,113.32493839707985,23.15769611690744,2018-10-11-06-00-21
1.0,113.32543737064509,23.15769516338378,2018-10-11-06-00-21
1.0,113.32568685776874,23.157694686819298,2018-10-11-06-00-21
1.0,113.3271837861289,23.15769183097394,2018-10-11-06-00-21
1.0,113.33067666955557,23.157685203061945,2018-10-11-06-00-21
1.0,113.3311756602551,23.15768426175067,2018-10-11-06-00-21
1.0,113.3261858157561,23.157943636994275,2018-10-11-06-00-21
1.0,113.3294291675075,23.158187368770427,2018-10-11-06-00-21
1.0,113.32967864313696,23.158436798976858,2018-10-11-06-00-21
1.0,113.33367059716137,23.15842929100648,2018-10-11-06-00-21
1.0,113.33416960241225,23.15842836125049,2018-10-11-06-00-21
1.0,113.32493832906329,23.158695728513514,2018-10-11-06-00-21
1.0,113.32493831205873,23.158945631504974,2018-10-11-06-00-21
1.0,113.33142505422515,23.159183209337346,2018-10-11-06-00-21
1.0,113.33392004832173,23.159178534820807,2018-10-11-06-00-21
1.0,113.32568670470042,23.159943813742956,2018-10-11-06-00-21
1.0,113.32718363300597,23.159940957895365,2018-10-11-06-00-21
1.0,113.3339199971984,23.15992824411603,2018-10-11-06-00-21
1.0,113.3264351505574,23.160192288158274,2018-10-11-06-00-21
1.0,113.33267247537944,23.160180478373483,2018-10-11-06-00-21
1.0,113.33491799625604,23.160176292338438,2018-10-11-06-00-21
1.0,113.32818155750594,23.160438864656772,2018-10-11-06-00-21
1.0,113.33391996311533,23.160428050494296,2018-10-11-06-00-21
1.0,113.33391994607356,23.160677953738027,2018-10-11-06-00-21
1.0,113.32493817601632,23.160944856740386,2018-10-11-06-00-21
1.0,113.32518766267657,23.16094437991636,2018-10-11-06-00-21
1.0,113.32668458769373,23.160941521994573,2018-10-11-06-00-21
1.0,113.32693407616428,23.16094104629338,2018-10-11-06-00-21
1.0,113.3251876456695,23.161194283234543,2018-10-11-06-00-21
1.0,113.32868048792906,23.161187626271172,2018-10-11-06-00-21
1.0,113.33067641413228,23.161433749553648,2018-10-11-06-00-21
1.0,113.32693402512133,23.16169075635688,2018-10-11-06-00-21
1.0,113.33466835479389,23.16217598188011,2018-10-11-06-00-21
1.0,113.33541687230559,23.162174595120053,2018-10-11-06-00-21
1.0,113.32843091188917,23.162437617381823,2018-10-11-06-00-21
1.0,113.32568650058833,23.162942654222906,2018-10-11-06-00-21
1.0,113.33616602750969,23.15292680993168,2018-10-11-06-00-21
1.0,113.33641553727522,23.152926350880417,2018-10-11-06-00-21
1.0,113.34714538772117,23.153157314332976,2018-10-11-06-00-21
1.0,113.34564799923784,23.15415945530725,2018-10-11-06-00-21
1.0,113.33791251121129,23.154423024797705,2018-10-11-06-00-21
1.0,113.3364154008982,23.154925569257355,2018-10-11-06-00-21
1.0,113.34664615604775,23.154907469869926,2018-10-11-06-00-21
1.0,113.34714526811089,23.154906630522227,2018-10-11-06-00-21
1.0,113.33541734960495,23.155177311862044,2018-10-11-06-00-21
1.0,113.34614703229032,23.155158216332048,2018-10-11-06-00-21
1.0,113.34714525102304,23.15515653297532,2018-10-11-06-00-21
1.0,113.34689566013792,23.155656757072876,2018-10-11-06-00-21
1.0,113.33766289402338,23.15592289443611,2018-10-11-06-00-21
1.0,113.3384114413266,23.155921532286825,2018-10-11-06-00-21
1.0,113.347394757839,23.155905822649043,2018-10-11-06-00-21
1.0,113.33666482622903,23.15617462351073,2018-10-11-06-00-21
1.0,113.33641528155957,23.15667488718402,2018-10-11-06-00-21
1.0,113.34015803346837,23.156668089506564,2018-10-11-06-00-21
1.0,113.34340193499978,23.156662353015783,2018-10-11-06-00-21
1.0,113.33591624581634,23.156925708656072,2018-10-11-06-00-21
1.0,113.33940943209525,23.15716924032283,2018-10-11-06-00-21
1.0,113.34464960697534,23.157159996301477,2018-10-11-06-00-21
1.0,113.3463964482709,23.157157014650224,2018-10-11-06-00-21
1.0,113.34664600226698,23.15715659322228,2018-10-11-06-00-21
1.0,113.33466867863413,23.157427822308517,2018-10-11-06-00-21
1.0,113.33541719620158,23.157426435550843,2018-10-11-06-00-21
1.0,113.33716376462273,23.157423222357334,2018-10-11-06-00-21
1.0,113.3429028096953,23.15741293326684,2018-10-11-06-00-21
1.0,113.3431522436957,23.158911914137484,2018-10-11-06-00-21
1.0,113.34464947032734,23.159159219488057,2018-10-11-06-00-21
1.0,113.33491799625604,23.160176292338438,2018-10-11-06-00-21
1.0,113.34439984126054,23.16040916548589,2018-10-11-06-00-21
1.0,113.3458971050672,23.160656503045693,2018-10-11-06-00-21
1.0,113.34664572884543,23.161155041903008,2018-10-11-06-00-21
1.0,113.34390068931712,23.161409642510144,2018-10-11-06-00-21
1.0,113.34265296705517,23.161911626861347,2018-10-11-06-00-21
1.0,113.34315203877141,23.161910752828927,2018-10-11-06-00-21
1.0,113.33466835479389,23.16217598188011,2018-10-11-06-00-21
1.0,113.33541687230559,23.162174595120053,2018-10-11-06-00-21
1.0,113.34340155929972,23.162160220771337,2018-10-11-06-00-21
1.0,113.343900620994,23.162409256283624,2018-10-11-06-00-21
1.0,113.34340152514116,23.16266002780541,2018-10-11-06-00-21
1.0,113.347894100337,23.152656259942294,2018-10-11-06-00-21
1.0,113.34714538772117,23.153157314332976,2018-10-11-06-00-21
1.0,113.3521367924829,23.153649001764254,2018-10-11-06-00-21
1.0,113.34989055363411,23.15390249206825,2018-10-11-06-00-21
1.0,113.34564799923784,23.15415945530725,2018-10-11-06-00-21
1.0,113.35038968605662,23.154151587560175,2018-10-11-06-00-21
1.0,113.3513880035791,23.154149990038857,2018-10-11-06-00-21
1.0,113.35038966895803,23.154401489907283,2018-10-11-06-00-21
1.0,113.34664615604775,23.154907469869926,2018-10-11-06-00-21
1.0,113.34714526811089,23.154906630522227,2018-10-11-06-00-21
1.0,113.34614703229032,23.155158216332048,2018-10-11-06-00-21
1.0,113.34714525102304,23.15515653297532,2018-10-11-06-00-21
1.0,113.34814349171477,23.15515486863139,2018-10-11-06-00-21
1.0,113.34839305541196,23.15515445560216,2018-10-11-06-00-21
1.0,113.34689566013792,23.155656757072876,2018-10-11-06-00-21
1.0,113.347394757839,23.155905822649043,2018-10-11-06-00-21
1.0,113.35113826794161,23.15639950976689,2018-10-11-06-00-21
1.0,113.34464960697534,23.157159996301477,2018-10-11-06-00-21
1.0,113.3463964482709,23.157157014650224,2018-10-11-06-00-21
1.0,113.34664600226698,23.15715659322228,2018-10-11-06-00-21
1.0,113.35288532222386,23.157146465876234,2018-10-11-06-00-21
1.0,113.34464947032734,23.159159219488057,2018-10-11-06-00-21
1.0,113.35163724479327,23.159147647749062,2018-10-11-06-00-21
1.0,113.35213639904575,23.1593967630775,2018-10-11-06-00-21
1.0,113.35113802848949,23.159898150331916,2018-10-11-06-00-21
1.0,113.34439984126054,23.16040916548589,2018-10-11-06-00-21
1.0,113.3458971050672,23.160656503045693,2018-10-11-06-00-21
1.0,113.34664572884543,23.161155041903008,2018-10-11-06-00-21
1.0,113.35238586737874,23.16114569375677,2018-10-11-06-00-21
1.0,113.35588020854244,23.162139977390094,2018-10-11-06-00-21
1.0,113.3523857818272,23.16239521087451,2018-10-11-06-00-21
1.0,113.33466835479389,23.16217598188011,2018-10-11-06-00-21
1.0,113.33541687230559,23.162174595120053,2018-10-11-06-00-21
1.0,113.32843091188917,23.162437617381823,2018-10-11-06-00-21
1.0,113.32568650058833,23.162942654222906,2018-10-11-06-00-21
1.0,113.32518749259843,23.16344341475113,2018-10-11-06-00-21
1.0,113.32618544151707,23.16344150881019,2018-10-11-06-00-21
1.0,113.3269339060153,23.16344008112526,2018-10-11-06-00-21
1.0,113.32718339478794,23.16343960563351,2018-10-11-06-00-21
1.0,113.32768237332346,23.163438655329056,2018-10-11-06-00-21
1.0,113.32793186311315,23.163438180541082,2018-10-11-06-00-21
1.0,113.32593593690112,23.16369188875357,2018-10-11-06-00-21
1.0,113.32693388899949,23.16368998481148,2018-10-11-06-00-21
1.0,113.3271833777711,23.163689509319692,2018-10-11-06-00-21
1.0,113.33741283428277,23.16392025092461,2018-10-11-06-00-21
1.0,113.32618539047823,23.16419121998069,2018-10-11-06-00-21
2.0,113.32718332671965,23.164439220601267,2018-10-11-06-00-21
1.0,113.3276823052471,23.164438270296483,2018-10-11-06-00-21
1.0,113.33267216869378,23.16467874172595,2018-10-11-06-00-21
1.0,113.33516719523388,23.164674093426303,2018-10-11-06-00-21
1.0,113.3354167018098,23.16467363178495,2018-10-11-06-00-21
1.0,113.33591571727334,23.16467271040061,2018-10-11-06-00-21
1.0,113.3356661921004,23.164923074643305,2018-10-11-06-00-21
1.0,113.33616520913398,23.164922154552954,2018-10-11-06-00-21
1.0,113.33342063545508,23.16517714927215,2018-10-11-06-00-21
1.0,113.32593581781408,23.165441215601152,2018-10-11-06-00-21
1.0,113.32643479327828,23.165440263259274,2018-10-11-06-00-21
1.0,113.32768223716808,23.165437885860715,2018-10-11-06-00-21
1.0,113.32568629645228,23.165941500026555,2018-10-11-06-00-21
1.0,113.3259357667743,23.166190927668964,2018-10-11-06-00-21
1.0,113.32643472521679,23.16643987942465,2018-10-11-06-00-21
1.0,113.3281811490074,23.16643655270764,2018-10-11-06-00-21
1.0,113.33491757006756,23.166423883569525,2018-10-11-06-00-21
1.0,113.3359155808491,23.166671942418798,2018-10-11-06-00-21
1.0,113.33766216057744,23.166668738784665,2018-10-11-06-00-21
1.0,113.32568617736186,23.16769082924164,2018-10-11-06-00-21
1.0,113.3259356646902,23.16769035282354,2018-10-11-06-00-21
1.0,113.32543667326614,23.167941210133012,2018-10-11-06-00-21
1.0,113.32568616034827,23.167940733566834,2018-10-11-06-00-21
1.0,113.33017696571267,23.16818209703368,2018-10-11-06-00-21
1.0,113.32568609229227,23.168940351248843,2018-10-11-06-00-21
1.0,113.32618506719747,23.16893939857264,2018-10-11-06-00-21
1.0,113.33366988136049,23.168925246730023,2018-10-11-06-00-21
1.0,113.33167386951361,23.16917889101894,2018-10-11-06-00-21
1.0,113.33391936655386,23.169174686087366,2018-10-11-06-00-21
1.0,113.33342032865599,23.16967542608983,2018-10-11-06-00-21
1.0,113.33317075957034,23.170675511072325,2018-10-11-06-00-21
1.0,113.33342026047106,23.17067504484099,2018-10-11-06-00-21
1.0,113.3326717426518,23.17092634986238,2018-10-11-06-00-21
1.0,113.33167371615923,23.171428033386565,2018-10-11-06-00-21
1.0,113.33267170856394,23.17142615954749,2018-10-11-06-00-21
1.0,113.32643436785027,23.17168787428072,2018-10-11-06-00-21
1.0,113.32693334440557,23.17168692267729,2018-10-11-06-00-21
1.0,113.32743232220983,23.171685971913288,2018-10-11-06-00-21
1.0,113.33292119113658,23.17167559719223,2018-10-11-06-00-21
1.0,113.3331706913867,23.171675130442317,2018-10-11-06-00-21
1.0,113.33017671021436,23.171930667076648,2018-10-11-06-00-21
1.0,113.34265296705517,23.161911626861347,2018-10-11-06-00-21
1.0,113.34315203877141,23.161910752828927,2018-10-11-06-00-21
1.0,113.33541687230559,23.162174595120053,2018-10-11-06-00-21
1.0,113.34340155929972,23.162160220771337,2018-10-11-06-00-21
1.0,113.343900620994,23.162409256283624,2018-10-11-06-00-21
1.0,113.34340152514116,23.16266002780541,2018-10-11-06-00-21
1.0,113.34215383161947,23.16291211887553,2018-10-11-06-00-21
1.0,113.34115569361506,23.163163789734295,2018-10-11-06-00-21
1.0,113.34315195337916,23.163160270506754,2018-10-11-06-00-21
1.0,113.34215379746914,23.163411926131683,2018-10-11-06-00-21
1.0,113.33841091250507,23.163668529505998,2018-10-11-06-00-21
1.0,113.33741283428277,23.16392025092461,2018-10-11-06-00-21
1.0,113.3386603788864,23.16441778826387,2018-10-11-06-00-21
1.0,113.33516719523388,23.164674093426303,2018-10-11-06-00-21
1.0,113.3354167018098,23.16467363178495,2018-10-11-06-00-21
1.0,113.33591571727334,23.16467271040061,2018-10-11-06-00-21
1.0,113.3356661921004,23.164923074643305,2018-10-11-06-00-21
1.0,113.33616520913398,23.164922154552954,2018-10-11-06-00-21
1.0,113.33866034476046,23.164917595967495,2018-10-11-06-00-21
1.0,113.34115557411091,23.164913116042236,2018-10-11-06-00-21
1.0,113.34539769876832,23.165155618517485,2018-10-11-06-00-21
1.0,113.33841075894617,23.165917664342448,2018-10-11-06-00-21
1.0,113.34065645183182,23.165913621011278,2018-10-11-06-00-21
1.0,113.33816122524804,23.166168021693583,2018-10-11-06-00-21
1.0,113.34689494231988,23.166152695686364,2018-10-11-06-00-21
1.0,113.33491757006756,23.166423883569525,2018-10-11-06-00-21
1.0,113.34040689226578,23.166413875051955,2018-10-11-06-00-21
1.0,113.3359155808491,23.166671942418798,2018-10-11-06-00-21
1.0,113.33766216057744,23.166668738784665,2018-10-11-06-00-21
1.0,113.34489848559481,23.16690580217749,2018-10-11-06-00-21
1.0,113.34514803173403,23.166905373999327,2018-10-11-06-00-21
1.0,113.34140493195937,23.16741171360649,2018-10-11-06-00-21
1.0,113.34190387283574,23.16916016076002,2018-10-11-06-00-21
1.0,113.34265247177548,23.169158842401107,2018-10-11-06-00-21
1.0,113.34539742533254,23.169154086158088,2018-10-11-06-00-21
1.0,113.34290197286373,23.16965821403013,2018-10-11-06-00-21
1.0,113.34015712887731,23.169912983135205,2018-10-11-06-00-21
1.0,113.34240286934605,23.17015889932879,2018-10-11-06-00-21
1.0,113.34265240344999,23.170158460838007,2018-10-11-06-00-21
1.0,113.34664509639387,23.17040149072533,2018-10-11-06-00-21
1.0,113.33841043472181,23.170665847944033,2018-10-11-06-00-21
1.0,113.33865995226402,23.1706653954249,2018-10-11-06-00-21
1.0,113.34639552534932,23.170651816899014,2018-10-11-06-00-21
1.0,113.33865993519694,23.17091530020834,2018-10-11-06-00-21
1.0,113.34489821216914,23.17090427408604,2018-10-11-06-00-21
1.0,113.34739373217825,23.170900042997726,2018-10-11-06-00-21
1.0,113.34664504510395,23.171151205071624,2018-10-11-06-00-21
1.0,113.34115511308958,23.17166053485455,2018-10-11-06-00-21
1.0,113.34464861603462,23.17165441792873,2018-10-11-06-00-21
1.0,113.34215321681107,23.171908672537644,2018-10-11-06-00-21
1.0,113.34564678599885,23.171902612365013,2018-10-11-06-00-21
1.0,113.35588020854244,23.162139977390094,2018-10-11-06-00-21
1.0,113.3523857818272,23.16239521087451,2018-10-11-06-00-21
1.0,113.35338399655093,23.164642791362024,2018-10-11-06-00-21
1.0,113.34539769876832,23.165155618517485,2018-10-11-06-00-21
1.0,113.3518864190573,23.165144936703655,2018-10-11-06-00-21
1.0,113.35188640194629,23.165394840646748,2018-10-11-06-00-21
1.0,113.34689494231988,23.166152695686364,2018-10-11-06-00-21
1.0,113.35662878120861,23.166137334820675,2018-10-11-06-00-21
1.0,113.34839228608811,23.166400103310416,2018-10-11-06-00-21
1.0,113.35238550803403,23.166393671877703,2018-10-11-06-00-21
1.0,113.34489848559481,23.16690580217749,2018-10-11-06-00-21
1.0,113.34514803173403,23.166905373999327,2018-10-11-06-00-21
1.0,113.35563021988116,23.167638233731715,2018-10-11-06-00-21
1.0,113.35013913569783,23.168396481715536,2018-10-11-06-00-21
1.0,113.35338372268126,23.168641257769185,2018-10-11-06-00-21
1.0,113.34539742533254,23.169154086158088,2018-10-11-06-00-21
1.0,113.34939036704232,23.16914741129064,2018-10-11-06-00-21
1.0,113.34963993798668,23.169147004600063,2018-10-11-06-00-21
1.0,113.34914074626805,23.16989753303871,2018-10-11-06-00-21
1.0,113.35438203256106,23.169889251354224,2018-10-11-06-00-21
1.0,113.35488124058766,23.169888495798066,2018-10-11-06-00-21
1.0,113.35013901594318,23.17014581356831,2018-10-11-06-00-21
1.0,113.34664509639387,23.17040149072533,2018-10-11-06-00-21
1.0,113.35238523419793,23.170392142542035,2018-10-11-06-00-21
1.0,113.34639552534932,23.170651816899014,2018-10-11-06-00-21
1.0,113.34489821216914,23.17090427408604,2018-10-11-06-00-21
1.0,113.34739373217825,23.170900042997726,2018-10-11-06-00-21
1.0,113.34839197826355,23.170898383510817,2018-10-11-06-00-21
1.0,113.3491406778475,23.170897151933513,2018-10-11-06-00-21
1.0,113.3523851999654,23.17089195206552,2018-10-11-06-00-21
1.0,113.35463156721357,23.170888491705963,2018-10-11-06-00-21
1.0,113.34664504510395,23.171151205071624,2018-10-11-06-00-21
1.0,113.34789283529993,23.17114911562945,2018-10-11-06-00-21
1.0,113.35463155008975,23.171138396525365,2018-10-11-06-00-21
1.0,113.34914064363623,23.171396961613027,2018-10-11-06-00-21
1.0,113.35188599123184,23.171392546662815,2018-10-11-06-00-21
1.0,113.35213557767368,23.171392153496594,2018-10-11-06-00-21
1.0,113.34464861603462,23.17165441792873,2018-10-11-06-00-21
1.0,113.35188597411664,23.17164245156031,2018-10-11-06-00-21
1.0,113.33167371615923,23.171428033386565,2018-10-11-06-00-21
1.0,113.33267170856394,23.17142615954749,2018-10-11-06-00-21
1.0,113.32643436785027,23.17168787428072,2018-10-11-06-00-21
1.0,113.32693334440557,23.17168692267729,2018-10-11-06-00-21
1.0,113.32743232220983,23.171685971913288,2018-10-11-06-00-21
1.0,113.33292119113658,23.17167559719223,2018-10-11-06-00-21
1.0,113.3331706913867,23.171675130442317,2018-10-11-06-00-21
1.0,113.33017671021436,23.171930667076648,2018-10-11-06-00-21
1.0,113.32718279910007,23.172186257104254,2018-10-11-06-00-21
1.0,113.32768177756496,23.172185306796905,2018-10-11-06-00-21
1.0,113.33317065729388,23.172174940360406,2018-10-11-06-00-21
1.0,113.33591520562734,23.172169843024907,2018-10-11-06-00-21
1.0,113.33791130000948,23.172166184577378,2018-10-11-06-00-21
1.0,113.32743227113934,23.17243568685174,2018-10-11-06-00-21
2.0,113.33267164038621,23.172425779384103,2018-10-11-06-00-21
1.0,113.33292114000005,23.172425312127945,2018-10-11-06-00-21
1.0,113.33416864783541,23.17242298368469,2018-10-11-06-00-21
1.0,113.33591518856989,23.17241974804195,2018-10-11-06-00-21
1.0,113.33716274118012,23.172417456217783,2018-10-11-06-00-21
1.0,113.32643429977213,23.17268749427734,2018-10-11-06-00-21
1.0,113.32668378789631,23.172687018376713,2018-10-11-06-00-21
1.0,113.32693327631935,23.172686542673578,2018-10-11-06-00-21
1.0,113.32768174351546,23.172685116872785,2018-10-11-06-00-21
1.0,113.32793123326783,23.17268464208328,2018-10-11-06-00-21
1.0,113.32843021388354,23.172683693294594,2018-10-11-06-00-21
1.0,113.33416863078463,23.172672888741076,2018-10-11-06-00-21
1.0,113.33491714377475,23.172671498386933,2018-10-11-06-00-21
1.0,113.33591517151227,23.172669653098044,2018-10-11-06-00-21
1.0,113.33691321193203,23.172667818259164,2018-10-11-06-00-21
1.0,113.32668377087535,23.172936923473443,2018-10-11-06-00-21
1.0,113.32768172649045,23.17293502196935,2018-10-11-06-00-21
1.0,113.32793121624182,23.172934547179803,2018-10-11-06-00-21
1.0,113.32967765549553,23.172931231606327,2018-10-11-06-00-21
1.0,113.33491712672087,23.172921403482295,2018-10-11-06-00-21
1.0,113.32768170946528,23.17318492710507,2018-10-11-06-00-21
1.0,113.32793119921564,23.17318445231548,2018-10-11-06-00-21
1.0,113.32843017982732,23.173183503526634,2018-10-11-06-00-21
1.0,113.32942814586964,23.17318160945643,2018-10-11-06-00-21
1.0,113.33516661545657,23.173170846357543,2018-10-11-06-00-21
1.0,113.33566562930818,23.173169923700712,2018-10-11-06-00-21
1.0,113.32793118218929,23.17343435749037,2018-10-11-06-00-21
1.0,113.32843016279895,23.173433408701438,2018-10-11-06-00-21
1.0,113.33366957449857,23.173423533906046,2018-10-11-06-00-21
1.0,113.33441808324083,23.173422140109693,2018-10-11-06-00-21
1.0,113.3349170926126,23.173421213790537,2018-10-11-06-00-21
1.0,113.32793116516278,23.173684262704523,2018-10-11-06-00-21
1.0,113.32892912794868,23.173682366262696,2018-10-11-06-00-21
1.0,113.32917861966027,23.17368189289327,2018-10-11-06-00-21
1.0,113.32942811180472,23.17368141984498,2018-10-11-06-00-21
1.0,113.3346675705101,23.173671581867136,2018-10-11-06-00-21
1.0,113.3371626558661,23.173666981888754,2018-10-11-06-00-21
1.0,113.32892911091797,23.173932271515998,2018-10-11-06-00-21
1.0,113.32942807773911,23.174181230390793,2018-10-11-06-00-21
1.0,113.33766164868803,23.174165880614684,2018-10-11-06-00-21
1.0,113.32917856856464,23.17443160877123,2018-10-11-06-00-21
1.0,113.32618467577718,23.174687212236982,2018-10-11-06-00-21
1.0,113.3274321179189,23.174684833781477,2018-10-11-06-00-21
1.0,113.32768160731077,23.174684358744685,2018-10-11-06-00-21
1.0,113.32793109705507,23.174683883954845,2018-10-11-06-00-21
1.0,113.32818058716525,23.174683409424333,2018-10-11-06-00-21
1.0,113.32917855153242,23.17468151414277,2018-10-11-06-00-21
1.0,113.3269331231156,23.174935689957916,2018-10-11-06-00-21
1.0,113.32643412956513,23.175186547013542,2018-10-11-06-00-21
1.0,113.33666352997733,23.17516732866568,2018-10-11-06-00-21
1.0,113.3359149838674,23.17541861130764,2018-10-11-06-00-21
1.0,113.32593512014053,23.175687310380024,2018-10-11-06-00-21
1.0,113.32718256076781,23.175684930936225,2018-10-11-06-00-21
1.0,113.32892899169838,23.175681609394566,2018-10-11-06-00-21
1.0,113.33566545872918,23.175668977210062,2018-10-11-06-00-21
1.0,113.33691299011726,23.175916587564085,2018-10-11-06-00-21
1.0,113.33766152922553,23.175915218760156,2018-10-11-06-00-21
1.0,113.3251866249411,23.176188551250668,2018-10-11-06-00-21
1.0,113.33741199825623,23.176165579914198,2018-10-11-06-00-21
1.0,113.33391887210517,23.17642193391265,2018-10-11-06-00-21
1.0,113.33741198119029,23.176415485562234,2018-10-11-06-00-21
1.0,113.32818045093376,23.176682653825733,2018-10-11-06-00-21
1.0,113.33641391710822,23.176667220574245,2018-10-11-06-00-21
1.0,113.33741196412417,23.176665391250182,2018-10-11-06-00-21
1.0,113.3301763694916,23.176928774127163,2018-10-11-06-00-21
1.0,113.33666339347366,23.177166573692617,2018-10-11-06-00-21
1.0,113.33092480187125,23.177677077793255,2018-10-11-06-00-21
1.0,113.33766140975483,23.177664558855994,2018-10-11-06-00-21
1.0,113.32793085865708,23.178182563334893,2018-10-11-06-00-21
1.0,113.33591479620232,23.178167574320394,2018-10-11-06-00-21
1.0,113.337162348701,23.17816528249141,2018-10-11-06-00-21
1.0,113.32668339637203,23.178434845603494,2018-10-11-06-00-21
1.0,113.32718237348384,23.178433894405178,2018-10-11-06-00-21
1.0,113.33591477914085,23.178417480289472,2018-10-11-06-00-21
1.0,113.32743184549368,23.17868332514401,2018-10-11-06-00-21
1.0,113.32793082459757,23.178682375316058,2018-10-11-06-00-21
1.0,113.32693285072004,23.17893418196164,2018-10-11-06-00-21
1.0,113.33716229750155,23.178915000519105,2018-10-11-06-00-21
1.0,113.32668334529716,23.17918456375761,2018-10-11-06-00-21
1.0,113.33741179345388,23.17916445033659,2018-10-11-06-00-21
1.0,113.33791082212082,23.17916353998206,2018-10-11-06-00-21
1.0,113.32743179440921,23.179433043419102,2018-10-11-06-00-21
1.0,113.33641372941256,23.179416185793013,2018-10-11-06-00-21
1.0,113.32743177738071,23.17968294959184,2018-10-11-06-00-21
1.0,113.33217214869435,23.179673978082825,2018-10-11-06-00-21
1.0,113.33691273414205,23.1796651758975,2018-10-11-06-00-21
1.0,113.32793073944585,23.179931905976815,2018-10-11-06-00-21
1.0,113.3336691311581,23.179921082367674,2018-10-11-06-00-21
1.0,113.3344176398236,23.17991968856807,2018-10-11-06-00-21
1.0,113.33716222923329,23.179914625122553,2018-10-11-06-00-21
1.0,113.33341959552814,23.180421360616595,2018-10-11-06-00-21
1.0,113.33766122199863,23.18041352584864,2018-10-11-06-00-21
1.0,113.33292057739926,23.180672199935504,2018-10-11-06-00-21
1.0,113.33317007761377,23.18067173318409,2018-10-11-06-00-21
1.0,113.3344175886528,23.180669407448804,2018-10-11-06-00-21
1.0,113.3266832261166,23.18093390753728,2018-10-11-06-00-21
1.0,113.33067508532652,23.180926328372223,2018-10-11-06-00-21
1.0,113.33366906294187,23.180920707624065,2018-10-11-06-00-21
1.0,113.33766118785896,23.180913338557033,2018-10-11-06-00-21
1.0,113.33865993519694,23.17091530020834,2018-10-11-06-00-21
1.0,113.34489821216914,23.17090427408604,2018-10-11-06-00-21
1.0,113.34739373217825,23.170900042997726,2018-10-11-06-00-21
1.0,113.34664504510395,23.171151205071624,2018-10-11-06-00-21
1.0,113.34789283529993,23.17114911562945,2018-10-11-06-00-21
1.0,113.34115511308958,23.17166053485455,2018-10-11-06-00-21
1.0,113.34464861603462,23.17165441792873,2018-10-11-06-00-21
1.0,113.34215321681107,23.171908672537644,2018-10-11-06-00-21
1.0,113.34564678599885,23.171902612365013,2018-10-11-06-00-21
1.0,113.33591520562734,23.172169843024907,2018-10-11-06-00-21
1.0,113.33791130000948,23.172166184577378,2018-10-11-06-00-21
1.0,113.339907451864,23.172162574152356,2018-10-11-06-00-21
1.0,113.34439903824052,23.172154658178368,2018-10-11-06-00-21
1.0,113.33591518856989,23.17241974804195,2018-10-11-06-00-21
1.0,113.33716274118012,23.172417456217783,2018-10-11-06-00-21
1.0,113.3438999376155,23.172405427035084,2018-10-11-06-00-21
1.0,113.33491714377475,23.172671498386933,2018-10-11-06-00-21
1.0,113.33591517151227,23.172669653098044,2018-10-11-06-00-21
1.0,113.33691321193203,23.172667818259164,2018-10-11-06-00-21
1.0,113.33491712672087,23.172921403482295,2018-10-11-06-00-21
1.0,113.34689448070938,23.172900119640627,2018-10-11-06-00-21
1.0,113.33516661545657,23.173170846357543,2018-10-11-06-00-21
1.0,113.33566562930818,23.173169923700712,2018-10-11-06-00-21
1.0,113.34514760446498,23.173152990697208,2018-10-11-06-00-21
1.0,113.34539715185387,23.173152563613673,2018-10-11-06-00-21
1.0,113.34589625049894,23.173151712780278,2018-10-11-06-00-21
1.0,113.34689446361035,23.173150024773104,2018-10-11-06-00-21
1.0,113.34764313768189,23.1731487710838,2018-10-11-06-00-21
1.0,113.3349170926126,23.173421213790537,2018-10-11-06-00-21
1.0,113.34389986926293,23.17340504748887,2018-10-11-06-00-21
1.0,113.34539713476003,23.173402468785625,2018-10-11-06-00-21
1.0,113.34614578468378,23.17340119422548,2018-10-11-06-00-21
1.0,113.34639533728689,23.173400771640992,2018-10-11-06-00-21
1.0,113.3371626558661,23.173666981888754,2018-10-11-06-00-21
1.0,113.33965782707601,23.173662453302903,2018-10-11-06-00-21
1.0,113.34065592253815,23.173660664570445,2018-10-11-06-00-21
1.0,113.34365031223082,23.173655386182723,2018-10-11-06-00-21
1.0,113.34489802416412,23.173653229259774,2018-10-11-06-00-21
1.0,113.34614576758709,23.173651099436565,2018-10-11-06-00-21
1.0,113.34689442941179,23.173649835155757,2018-10-11-06-00-21
1.0,113.34015685570091,23.173911462470222,2018-10-11-06-00-21
1.0,113.34240261311552,23.173907473990734,2018-10-11-06-00-21
2.0,113.34714396895664,23.173899321317307,2018-10-11-06-00-21
1.0,113.3473935269737,23.173898903416916,2018-10-11-06-00-21
1.0,113.33766164868803,23.174165880614684,2018-10-11-06-00-21
2.0,113.34389981799673,23.17415476324129,2018-10-11-06-00-21
1.0,113.34439890151944,23.17415389939958,2018-10-11-06-00-21
1.0,113.34464844512584,23.17415346906381,2018-10-11-06-00-21
1.0,113.34539708347751,23.174152184537274,2018-10-11-06-00-21
1.0,113.34614573339319,23.174150909976742,2018-10-11-06-00-21
1.0,113.34689439521256,23.17414964569567,2018-10-11-06-00-21
1.0,113.34739350987223,23.174148808706477,2018-10-11-06-00-21
1.0,113.3399072982025,23.174411720709955,2018-10-11-06-00-21
1.0,113.34439888442854,23.17440380472908,2018-10-11-06-00-21
1.0,113.34489797288651,23.174402945129795,2018-10-11-06-00-21
1.0,113.34639526889552,23.17440039272128,2018-10-11-06-00-21
1.0,113.34664482283026,23.174399971290367,2018-10-11-06-00-21
1.0,113.34065585423048,23.17466028581225,2018-10-11-06-00-21
1.0,113.3424025618649,23.174657189980312,2018-10-11-06-00-21
1.0,113.34315116757429,23.174655877452004,2018-10-11-06-00-21
1.0,113.34340070513474,23.17465544193044,2018-10-11-06-00-21
1.0,113.34389978381843,23.17465457393994,2018-10-11-06-00-21
1.0,113.34464841094207,23.174653279762204,2018-10-11-06-00-21
1.0,113.34589614792262,23.1746511444015,2018-10-11-06-00-21
1.0,113.34689436101266,23.174649456393293,2018-10-11-06-00-21
1.0,113.3473934756688,23.174648619403925,2018-10-11-06-00-21
1.0,113.34265207886737,23.17490665689758,2018-10-11-06-00-21
1.0,113.34290161409862,23.17490621938416,2018-10-11-06-00-21
1.0,113.34315115048764,23.174905782860733,2018-10-11-06-00-21
1.0,113.34365022679006,23.174904912831135,2018-10-11-06-00-21
1.0,113.34389976672904,23.17490447934854,2018-10-11-06-00-21
1.0,113.3451474848109,23.174902327727587,2018-10-11-06-00-21
1.0,113.34539703219347,23.174901900643754,2018-10-11-06-00-21
1.0,113.34564658086097,23.174901474667266,2018-10-11-06-00-21
1.0,113.34589613082598,23.17490104980976,2018-10-11-06-00-21
1.0,113.34614568210108,23.174900626082835,2018-10-11-06-00-21
1.0,113.34689434391245,23.17489936180138,2018-10-11-06-00-21
1.0,113.33666352997733,23.17516732866568,2018-10-11-06-00-21
1.0,113.34464837675763,23.175153090618736,2018-10-11-06-00-21
1.0,113.34614566500338,23.175150531530637,2018-10-11-06-00-21
1.0,113.34764300086245,23.175148013558708,2018-10-11-06-00-21
1.0,113.34789256165774,23.175147598069177,2018-10-11-06-00-21
1.0,113.3359149838674,23.17541861130764,2018-10-11-06-00-21
1.0,113.34040627760899,23.175410448047533,2018-10-11-06-00-21
1.0,113.34290157992668,23.175406030320513,2018-10-11-06-00-21
1.0,113.34315111631383,23.175405593797006,2018-10-11-06-00-21
1.0,113.34539699800328,23.175401711579255,2018-10-11-06-00-21
1.0,113.34564654666897,23.175401285602682,2018-10-11-06-00-21
1.0,113.33566545872918,23.175668977210062,2018-10-11-06-00-21
1.0,113.33841009336781,23.17566395103258,2018-10-11-06-00-21
1.0,113.3389091293514,23.175663046779334,2018-10-11-06-00-21
1.0,113.34564652957273,23.17565119112991,2018-10-11-06-00-21
1.0,113.33691299011726,23.175916587564085,2018-10-11-06-00-21
1.0,113.33766152922553,23.175915218760156,2018-10-11-06-00-21
1.0,113.33816055970055,23.175914309895425,2018-10-11-06-00-21
1.0,113.33841007629836,23.175913856600786,2018-10-11-06-00-21
1.0,113.34489787032678,23.17590237793725,2018-10-11-06-00-21
1.0,113.33741199825623,23.176165579914198,2018-10-11-06-00-21
1.0,113.33915861461762,23.176162407020804,2018-10-11-06-00-21
1.0,113.3461455966109,23.176150153718797,2018-10-11-06-00-21
1.0,113.33741198119029,23.176415485562234,2018-10-11-06-00-21
1.0,113.33915859754495,23.176412312668546,2018-10-11-06-00-21
1.0,113.3443987476954,23.17640304879089,2018-10-11-06-00-21
1.0,113.33641391710822,23.176667220574245,2018-10-11-06-00-21
1.0,113.33741196412417,23.176665391250182,2018-10-11-06-00-21
1.0,113.33816050849407,23.176664026839205,2018-10-11-06-00-21
1.0,113.33841002508899,23.17666357354444,2018-10-11-06-00-21
2.0,113.33890906106494,23.17666266929086,2018-10-11-06-00-21
1.0,113.34115477151369,23.176658641079197,2018-10-11-06-00-21
1.0,113.33940808376899,23.176911673959946,2018-10-11-06-00-21
1.0,113.34065570052844,23.17690943592431,2018-10-11-06-00-21
1.0,113.34689420710478,23.176898606495744,2018-10-11-06-00-21
1.0,113.33666339347366,23.177166573692617,2018-10-11-06-00-21
1.0,113.33816047435558,23.177163838334796,2018-10-11-06-00-21
1.0,113.33865950846591,23.177162932519717,2018-10-11-06-00-21
1.0,113.33915854632599,23.177162029851452,2018-10-11-06-00-21
1.0,113.33940806669489,23.177161579727542,2018-10-11-06-00-21
1.0,113.33990711037563,23.177160681960405,2018-10-11-06-00-21
1.0,113.34040615806722,23.177159787580994,2018-10-11-06-00-21
1.0,113.34115473735241,23.17715845257377,2018-10-11-06-00-21
1.0,113.3386594913945,23.177412838327513,2018-10-11-06-00-21
1.0,113.34664461762941,23.17739883833459,2018-10-11-06-00-21
1.0,113.33766140975483,23.177664558855994,2018-10-11-06-00-21
1.0,113.34140423173496,23.177657821023846,2018-10-11-06-00-21
1.0,113.33591479620232,23.178167574320394,2018-10-11-06-00-21
1.0,113.337162348701,23.17816528249141,2018-10-11-06-00-21
1.0,113.34040608975396,23.178159411051958,2018-10-11-06-00-21
1.0,113.3421527897332,23.17815630878485,2018-10-11-06-00-21
1.0,113.34265185674971,23.178155430834252,2018-10-11-06-00-21
1.0,113.33591477914085,23.178417480289472,2018-10-11-06-00-21
1.0,113.33840990559462,23.17841291448092,2018-10-11-06-00-21
1.0,113.34190324082587,23.178406655165823,2018-10-11-06-00-21
1.0,113.34265183966257,23.178405336802193,2018-10-11-06-00-21
1.0,113.34240228850281,23.178655681302704,2018-10-11-06-00-21
1.0,113.34315089416782,23.178654368772357,2018-10-11-06-00-21
1.0,113.33716229750155,23.178915000519105,2018-10-11-06-00-21
1.0,113.33890890741058,23.178911822284984,2018-10-11-06-00-21
1.0,113.33965746851032,23.178910471924418,2018-10-11-06-00-21
1.0,113.33741179345388,23.17916445033659,2018-10-11-06-00-21
1.0,113.33791082212082,23.17916353998206,2018-10-11-06-00-21
1.0,113.33890889033705,23.179161728374744,2018-10-11-06-00-21
1.0,113.33915840973471,23.17916127743966,2018-10-11-06-00-21
1.0,113.33940793009599,23.179160827315414,2018-10-11-06-00-21
1.0,113.33965745143392,23.17916037801405,2018-10-11-06-00-21
1.0,113.33641372941256,23.179416185793013,2018-10-11-06-00-21
1.0,113.33816032072406,23.179412992054743,2018-10-11-06-00-21
1.0,113.33840983730843,23.179412538759518,2018-10-11-06-00-21
1.0,113.33965743435736,23.17941028414419,2018-10-11-06-00-21
1.0,113.33691273414205,23.1796651758975,2018-10-11-06-00-21
1.0,113.33965741728062,23.179660190314884,2018-10-11-06-00-21
1.0,113.33716222923329,23.179914625122553,2018-10-11-06-00-21
1.0,113.33940787886866,23.179910545827674,2018-10-11-06-00-21
1.0,113.33766122199863,23.18041352584864,2018-10-11-06-00-21
1.0,113.33865928652448,23.180411711166226,2018-10-11-06-00-21
1.0,113.33840975194695,23.18066207002066,2018-10-11-06-00-21
2.0,113.33865926945089,23.18066161749984,2018-10-11-06-00-21
1.0,113.33766118785896,23.180913338557033,2018-10-11-06-00-21
1.0,113.33865925237713,23.180911523874283,2018-10-11-06-00-21
1.0,113.33890877081758,23.18091107214013,2018-10-11-06-00-21
1.0,113.3426516687819,23.180904398709227,2018-10-11-06-00-21
1.0,113.34639552534932,23.170651816899014,2018-10-11-06-00-21
1.0,113.34489821216914,23.17090427408604,2018-10-11-06-00-21
1.0,113.34739373217825,23.170900042997726,2018-10-11-06-00-21
1.0,113.34839197826355,23.170898383510817,2018-10-11-06-00-21
1.0,113.3491406778475,23.170897151933513,2018-10-11-06-00-21
1.0,113.3523851999654,23.17089195206552,2018-10-11-06-00-21
1.0,113.35463156721357,23.170888491705963,2018-10-11-06-00-21
1.0,113.34664504510395,23.171151205071624,2018-10-11-06-00-21
1.0,113.34789283529993,23.17114911562945,2018-10-11-06-00-21
1.0,113.35463155008975,23.171138396525365,2018-10-11-06-00-21
1.0,113.34914064363623,23.171396961613027,2018-10-11-06-00-21
1.0,113.35188599123184,23.171392546662815,2018-10-11-06-00-21
1.0,113.35213557767368,23.171392153496594,2018-10-11-06-00-21
1.0,113.34464861603462,23.17165441792873,2018-10-11-06-00-21
1.0,113.35188597411664,23.17164245156031,2018-10-11-06-00-21
1.0,113.34564678599885,23.171902612365013,2018-10-11-06-00-21
1.0,113.34939017887544,23.171896363465937,2018-10-11-06-00-21
1.0,113.35038847163975,23.171894744559523,2018-10-11-06-00-21
1.0,113.35363304508464,23.17263934944252,2018-10-11-06-00-21
1.0,113.34689448070938,23.172900119640627,2018-10-11-06-00-21
1.0,113.35113713880816,23.17289316450239,2018-10-11-06-00-21
1.0,113.35313383700843,23.17289002504478,2018-10-11-06-00-21
1.0,113.34514760446498,23.173152990697208,2018-10-11-06-00-21
1.0,113.34539715185387,23.173152563613673,2018-10-11-06-00-21
1.0,113.34589625049894,23.173151712780278,2018-10-11-06-00-21
1.0,113.34689446361035,23.173150024773104,2018-10-11-06-00-21
1.0,113.34764313768189,23.1731487710838,2018-10-11-06-00-21
1.0,113.35138670335215,23.17314267229326,2018-10-11-06-00-21
1.0,113.34539713476003,23.173402468785625,2018-10-11-06-00-21
1.0,113.34614578468378,23.17340119422548,2018-10-11-06-00-21
1.0,113.34639533728689,23.173400771640992,2018-10-11-06-00-21
1.0,113.35113710458059,23.173392974805086,2018-10-11-06-00-21
1.0,113.34489802416412,23.173653229259774,2018-10-11-06-00-21
1.0,113.34614576758709,23.173651099436565,2018-10-11-06-00-21
1.0,113.34689442941179,23.173649835155757,2018-10-11-06-00-21
1.0,113.35038835186273,23.17364408020932,2018-10-11-06-00-21
1.0,113.35113708746654,23.173642880015304,2018-10-11-06-00-21
1.0,113.351885837189,23.173641692144646,2018-10-11-06-00-21
2.0,113.34714396895664,23.173899321317307,2018-10-11-06-00-21
1.0,113.3473935269737,23.173898903416916,2018-10-11-06-00-21
1.0,113.34464844512584,23.17415346906381,2018-10-11-06-00-21
1.0,113.34539708347751,23.174152184537274,2018-10-11-06-00-21
1.0,113.34614573339319,23.174150909976742,2018-10-11-06-00-21
1.0,113.34689439521256,23.17414964569567,2018-10-11-06-00-21
1.0,113.34739350987223,23.174148808706477,2018-10-11-06-00-21
1.0,113.34489797288651,23.174402945129795,2018-10-11-06-00-21
1.0,113.34639526889552,23.17440039272128,2018-10-11-06-00-21
1.0,113.34664482283026,23.174399971290367,2018-10-11-06-00-21
1.0,113.34464841094207,23.174653279762204,2018-10-11-06-00-21
1.0,113.34589614792262,23.1746511444015,2018-10-11-06-00-21
1.0,113.34689436101266,23.174649456393293,2018-10-11-06-00-21
1.0,113.3473934756688,23.174648619403925,2018-10-11-06-00-21
1.0,113.3451474848109,23.174902327727587,2018-10-11-06-00-21
1.0,113.34539703219347,23.174901900643754,2018-10-11-06-00-21
1.0,113.34564658086097,23.174901474667266,2018-10-11-06-00-21
1.0,113.34589613082598,23.17490104980976,2018-10-11-06-00-21
1.0,113.34614568210108,23.174900626082835,2018-10-11-06-00-21
1.0,113.34689434391245,23.17489936180138,2018-10-11-06-00-21
1.0,113.34464837675763,23.175153090618736,2018-10-11-06-00-21
1.0,113.34614566500338,23.175150531530637,2018-10-11-06-00-21
1.0,113.34764300086245,23.175148013558708,2018-10-11-06-00-21
1.0,113.34789256165774,23.175147598069177,2018-10-11-06-00-21
1.0,113.34539699800328,23.175401711579255,2018-10-11-06-00-21
1.0,113.34564654666897,23.175401285602682,2018-10-11-06-00-21
1.0,113.34564652957273,23.17565119112991,2018-10-11-06-00-21
1.0,113.34489787032678,23.17590237793725,2018-10-11-06-00-21
1.0,113.3461455966109,23.176150153718797,2018-10-11-06-00-21
1.0,113.34689420710478,23.176898606495744,2018-10-11-06-00-21
1.0,113.34664461762941,23.17739883833459,2018-10-11-06-00-21
1.0,113.34814195280606,23.177646240466103,2018-10-11-06-00-21
