count,wgs_lng,wgs_lat,time
1.0,113.33067760578687,23.14394060009075,2018-09-26-05-33-34
1.0,113.33117659659607,23.143939658784046,2018-09-26-05-33-34
1.0,113.33192508689157,23.143938250004137,2018-09-26-05-33-34
1.0,113.33641615083957,23.143929895291038,2018-09-26-05-33-34
1.0,113.32793317314146,23.144195703848823,2018-09-26-05-33-34
1.0,113.33566758976671,23.144431076375767,2018-09-26-05-33-34
1.0,113.3309270498711,23.14468983221269,2018-09-26-05-33-34
1.0,113.33392103641103,23.14468421724082,2018-09-26-05-33-34
1.0,113.33566757272877,23.14468097740082,2018-09-26-05-33-34
1.0,113.33741414722853,23.144677768964772,2018-09-26-05-33-34
1.0,113.3291805771956,23.14494303714046,2018-09-26-05-33-34
29.0,113.33616657287986,23.14492995837511,2018-09-26-05-33-34
1.0,113.3264361709505,23.14519816018685,2018-09-26-05-33-34
1.0,113.32843208594954,23.145194359240513,2018-09-26-05-33-34
1.0,113.32918054317034,23.14544283935742,2018-09-26-05-33-34
1.0,113.32543816973546,23.14594976897488,2018-09-26-05-33-34
1.0,113.33042797501874,23.145940279946615,2018-09-26-05-33-34
1.0,113.3309269647725,23.145939337836428,2018-09-26-05-33-34
1.0,113.33491896757579,23.145931867923032,2018-09-26-05-33-34
1.0,113.33516847347214,23.145931405668318,2018-09-26-05-33-34
1.0,113.33092694775227,23.146189239060476,2018-09-26-05-33-34
1.0,113.33342193023323,23.146184554935743,2018-09-26-05-33-34
1.0,113.32468967556869,23.14645100191057,2018-09-26-05-33-34
1.0,113.32518864880169,23.146450048156336,2018-09-26-05-33-34
1.0,113.32918047511778,23.14644244418853,2018-09-26-05-33-34
1.0,113.32992895323102,23.146441026070033,2018-09-26-05-33-34
1.0,113.33367141485921,23.146433990496007,2018-09-26-05-33-34
1.0,113.32743402370168,23.146695665085645,2018-09-26-05-33-34
1.0,113.32843198388879,23.14669376648821,2018-09-26-05-33-34
1.0,113.32918045810423,23.14669234547939,2018-09-26-05-33-34
1.0,113.3339209001562,23.146683426632457,2018-09-26-05-33-34
1.0,113.33616645359474,23.146679266705878,2018-09-26-05-33-34
1.0,113.32518861480669,23.14694985077272,2018-09-26-05-33-34
1.0,113.32868145787181,23.146943193842354,2018-09-26-05-33-34
1.0,113.33142588854211,23.14693800245202,2018-09-26-05-33-34
1.0,113.33491889943068,23.146931473016174,2018-09-26-05-33-34
1.0,113.32693501168607,23.147196418523922,2018-09-26-05-33-34
1.0,113.33292286077054,23.147185093136404,2018-09-26-05-33-34
1.0,113.33317236111752,23.14718462639057,2018-09-26-05-33-34
1.0,113.33741397677203,23.14717678103078,2018-09-26-05-33-34
1.0,113.32668550615601,23.147446795614318,2018-09-26-05-33-34
1.0,113.33342181101762,23.147933864434812,2018-09-26-05-33-34
1.0,113.3344198217112,23.147932004954374,2018-09-26-05-33-34
1.0,113.33042782184872,23.148189392164873,2018-09-26-05-33-34
1.0,113.33142578640235,23.148437411098392,2018-09-26-05-33-34
1.0,113.33317227596594,23.14843413367826,2018-09-26-05-33-34
1.0,113.33192476342865,23.148686373905377,2018-09-26-05-33-34
1.0,113.33267325888622,23.148684969235074,2018-09-26-05-33-34
1.0,113.33317225893512,23.148684035236787,2018-09-26-05-33-34
1.0,113.33042777078906,23.148939096841893,2018-09-26-05-33-34
1.0,113.33516826901709,23.148930222554103,2018-09-26-05-33-34
1.0,113.33142573533021,23.149187115876302,2018-09-26-05-33-34
1.0,113.33516825197809,23.14918012417995,2018-09-26-05-33-34
1.0,113.33441971949628,23.14943141440614,2018-09-26-05-33-34
1.0,113.3251884278223,23.14969876756311,2018-09-26-05-33-34
1.0,113.32568740190258,23.149697814301103,2018-09-26-05-33-34
1.0,113.33092670945172,23.14968785971215,2018-09-26-05-33-34
1.0,113.3329226904731,23.14968410855568,2018-09-26-05-33-34
1.0,113.33491871201788,23.14968038978876,2018-09-26-05-33-34
1.0,113.32618635996002,23.149946763360497,2018-09-26-05-33-34
1.0,113.33192467829682,23.149935882207135,2018-09-26-05-33-34
1.0,113.33242367465652,23.149934945282435,2018-09-26-05-33-34
1.0,113.32643583088603,23.15019618904177,2018-09-26-05-33-34
1.0,113.33167516396757,23.150186253123373,2018-09-26-05-33-34
1.0,113.3321741591522,23.150185315272495,2018-09-26-05-33-34
1.0,113.33267315670969,23.150184379298434,2018-09-26-05-33-34
1.0,113.33117615402497,23.15043709454913,2018-09-26-05-33-34
1.0,113.3334216236623,23.1506827826984,2018-09-26-05-33-34
1.0,113.33392062761453,23.15068185184677,2018-09-26-05-33-34
1.0,113.3341701306137,23.15068138724769,2018-09-26-05-33-34
1.0,113.33491864386276,23.150679996904568,2018-09-26-05-33-34
1.0,113.32843169468416,23.150942093582643,2018-09-26-05-33-34
1.0,113.33417011357744,23.15093128911224,2018-09-26-05-33-34
1.0,113.3371642079278,23.150925761688498,2018-09-26-05-33-34
1.0,113.33741372105597,23.150925305420667,2018-09-26-05-33-34
1.0,113.33342158959553,23.151182586462053,2018-09-26-05-33-34
1.0,113.33466910464794,23.15118026352757,2018-09-26-05-33-34
1.0,113.33042760057933,23.151438114640868,2018-09-26-05-33-34
1.0,113.33342157256189,23.151432488395386,2018-09-26-05-33-34
1.0,113.33441958320039,23.151430628912614,2018-09-26-05-33-34
1.0,113.33367105716368,23.151681924665663,2018-09-26-05-33-34
1.0,113.32868111760263,23.151941227417232,2018-09-26-05-33-34
1.0,113.33242353842107,23.151934160339497,2018-09-26-05-33-34
1.0,113.328930591966,23.152190655780128,2018-09-26-05-33-34
1.0,113.32967906867161,23.152189236658298,2018-09-26-05-33-34
1.0,113.33242352139088,23.152184062376406,2018-09-26-05-33-34
1.0,113.33417002839367,23.152180798950635,2018-09-26-05-33-34
1.0,113.33167501072724,23.152435370527684,2018-09-26-05-33-34
1.0,113.33541753707962,23.152428386782727,2018-09-26-05-33-34
1.0,113.33741361875903,23.152424717327,2018-09-26-05-33-34
1.0,113.32942954195778,23.152689513548154,2018-09-26-05-33-34
1.0,113.33217398886445,23.152684334782233,2018-09-26-05-33-34
1.0,113.33541752003731,23.15267828888836,2018-09-26-05-33-34
1.0,113.33766311570206,23.152674163890335,2018-09-26-05-33-34
1.0,113.33666504785968,23.152925892506676,2018-09-26-05-33-34
1.0,113.33067697601402,23.153186957890505,2018-09-26-05-33-34
1.0,113.32868101550889,23.153440640162277,2018-09-26-05-33-34
1.0,113.33317193531796,23.153432171334124,2018-09-26-05-33-34
1.0,113.32868099849269,23.153690542408143,2018-09-26-05-33-34
1.0,113.32893048986524,23.153690068733255,2018-09-26-05-33-34
1.0,113.33017795328662,23.1536877052376,2018-09-26-05-33-34
1.0,113.33092643706823,23.153686291487947,2018-09-26-05-33-34
1.0,113.32992844266185,23.153938079525613,2018-09-26-05-33-34
1.0,113.33641615083957,23.143929895291038,2018-09-26-05-33-34
1.0,113.33566758976671,23.144431076375767,2018-09-26-05-33-34
1.0,113.34015886937073,23.144422899595902,2018-09-26-05-33-34
1.0,113.33566757272877,23.14468097740082,2018-09-26-05-33-34
1.0,113.33741414722853,23.144677768964772,2018-09-26-05-33-34
1.0,113.34440091706917,23.14466533234402,2018-09-26-05-33-34
29.0,113.33616657287986,23.14492995837511,2018-09-26-05-33-34
1.0,113.33841214048917,23.1456755557084,2018-09-26-05-33-34
1.0,113.33491896757579,23.145931867923032,2018-09-26-05-33-34
1.0,113.33516847347214,23.145931405668318,2018-09-26-05-33-34
2.0,113.3396597211271,23.145923202310925,2018-09-26-05-33-34
1.0,113.33990924358075,23.14592275385009,2018-09-26-05-33-34
1.0,113.3404082915085,23.145921859481245,2018-09-26-05-33-34
1.0,113.34015874998066,23.146172207458694,2018-09-26-05-33-34
1.0,113.33616645359474,23.146679266705878,2018-09-26-05-33-34
1.0,113.33491889943068,23.146931473016174,2018-09-26-05-33-34
1.0,113.33741397677203,23.14717678103078,2018-09-26-05-33-34
1.0,113.33891107439167,23.14717405910123,2018-09-26-05-33-34
1.0,113.3344198217112,23.147932004954374,2018-09-26-05-33-34
1.0,113.33941004617645,23.148172763811395,2018-09-26-05-33-34
1.0,113.33516826901709,23.148930222554103,2018-09-26-05-33-34
1.0,113.33916047453492,23.148922918603045,2018-09-26-05-33-34
1.0,113.33516825197809,23.14918012417995,2018-09-26-05-33-34
1.0,113.33441971949628,23.14943141440614,2018-09-26-05-33-34
1.0,113.34514922753065,23.14941217034002,2018-09-26-05-33-34
1.0,113.33491871201788,23.14968038978876,2018-09-26-05-33-34
1.0,113.34390147484056,23.149914125357654,2018-09-26-05-33-34
1.0,113.33491864386276,23.150679996904568,2018-09-26-05-33-34
1.0,113.3468960018522,23.15065871324391,2018-09-26-05-33-34
1.0,113.3371642079278,23.150925761688498,2018-09-26-05-33-34
1.0,113.33741372105597,23.150925305420667,2018-09-26-05-33-34
1.0,113.33466910464794,23.15118026352757,2018-09-26-05-33-34
1.0,113.33441958320039,23.151430628912614,2018-09-26-05-33-34
1.0,113.34290316821445,23.152164982454302,2018-09-26-05-33-34
1.0,113.3431527046873,23.152164545934752,2018-09-26-05-33-34
1.0,113.33541753707962,23.152428386782727,2018-09-26-05-33-34
1.0,113.33741361875903,23.152424717327,2018-09-26-05-33-34
1.0,113.33541752003731,23.15267828888836,2018-09-26-05-33-34
1.0,113.33766311570206,23.152674163890335,2018-09-26-05-33-34
1.0,113.34539855297892,23.152660467926022,2018-09-26-05-33-34
1.0,113.33666504785968,23.152925892506676,2018-09-26-05-33-34
1.0,113.35513264437652,23.143648334171402,2018-09-26-05-33-34
1.0,113.35687994119299,23.143645749632352,2018-09-26-05-33-34
1.0,113.34764513744103,23.143910122045657,2018-09-26-05-33-34
1.0,113.35338538235708,23.14440069721201,2018-09-26-05-33-34
1.0,113.34440091706917,23.14466533234402,2018-09-26-05-33-34
1.0,113.35413415954919,23.144649449134302,2018-09-26-05-33-34
1.0,113.35588140665665,23.144646820927253,2018-09-26-05-33-34
1.0,113.35563177753424,23.14489709279843,2018-09-26-05-33-34
1.0,113.3493919741866,23.145656547122563,2018-09-26-05-33-34
1.0,113.35188775319901,23.14565254019923,2018-09-26-05-33-34
1.0,113.35663013370208,23.146395026046655,2018-09-26-05-33-34
1.0,113.3541340056018,23.146898559818133,2018-09-26-05-33-34
1.0,113.35613086645739,23.146895562366705,2018-09-26-05-33-34
1.0,113.35488278105453,23.147397226963434,2018-09-26-05-33-34
1.0,113.34989096390531,23.14790484693965,2018-09-26-05-33-34
1.0,113.35638036226281,23.14864450488639,2018-09-26-05-33-34
1.0,113.35712920286781,23.14889331312874,2018-09-26-05-33-34
1.0,113.35613071243961,23.14914467575281,2018-09-26-05-33-34
1.0,113.34514922753065,23.14941217034002,2018-09-26-05-33-34
2.0,113.35413383453319,23.149397574863936,2018-09-26-05-33-34
3.0,113.3541338174254,23.149647476554396,2018-09-26-05-33-34
1.0,113.35438341891349,23.149647096507305,2018-09-26-05-33-34
1.0,113.35438340180474,23.149896998231743,2018-09-26-05-33-34
3.0,113.35438338469582,23.15014689999025,2018-09-26-05-33-34
3.0,113.35438336758673,23.150396801782893,2018-09-26-05-33-34
1.0,113.3468960018522,23.15065871324391,2018-09-26-05-33-34
1.0,113.35438335047749,23.150646703609727,2018-09-26-05-33-34
1.0,113.35463295368496,23.150646325073954,2018-09-26-05-33-34
2.0,113.35463293657475,23.150896226934986,2018-09-26-05-33-34
1.0,113.34789420286737,23.151156847839705,2018-09-26-05-33-34
1.0,113.34939159817917,23.151154381003174,2018-09-26-05-33-34
2.0,113.35463291946435,23.151146128830323,2018-09-26-05-33-34
1.0,113.35113860995905,23.151401463859344,2018-09-26-05-33-34
1.0,113.34789416869124,23.151656651735873,2018-09-26-05-33-34
1.0,113.34539855297892,23.152660467926022,2018-09-26-05-33-34
1.0,113.34814359426042,23.15365545444072,2018-09-26-05-33-34
1.0,113.33666504785968,23.152925892506676,2018-09-26-05-33-34
1.0,113.33067697601402,23.153186957890505,2018-09-26-05-33-34
1.0,113.32868101550889,23.153440640162277,2018-09-26-05-33-34
1.0,113.33317193531796,23.153432171334124,2018-09-26-05-33-34
1.0,113.32868099849269,23.153690542408143,2018-09-26-05-33-34
1.0,113.32893048986524,23.153690068733255,2018-09-26-05-33-34
1.0,113.33017795328662,23.1536877052376,2018-09-26-05-33-34
1.0,113.33092643706823,23.153686291487947,2018-09-26-05-33-34
1.0,113.32992844266185,23.153938079525613,2018-09-26-05-33-34
1.0,113.33142539481102,23.154185155601112,2018-09-26-05-33-34
1.0,113.33292238389569,23.15418234492128,2018-09-26-05-33-34
1.0,113.33367086977002,23.154430848597762,2018-09-26-05-33-34
1.0,113.33616592523377,23.154426223504572,2018-09-26-05-33-34
1.0,113.33741348235377,23.15442393514392,2018-09-26-05-33-34
1.0,113.3344193616968,23.154679357195825,2018-09-26-05-33-34
1.0,113.3361659081872,23.15467612588919,2018-09-26-05-33-34
1.0,113.33741346530235,23.15467383752833,2018-09-26-05-33-34
1.0,113.33242333404787,23.15493298707713,2018-09-26-05-33-34
1.0,113.33267283311108,23.15493251933007,2018-09-26-05-33-34
1.0,113.3369144228838,23.154924653198897,2018-09-26-05-33-34
1.0,113.3294293717631,23.155188536531824,2018-09-26-05-33-34
1.0,113.33441932761683,23.155179162071132,2018-09-26-05-33-34
1.0,113.33067682279155,23.15543607904625,2018-09-26-05-33-34
1.0,113.33516782594873,23.155427675992186,2018-09-26-05-33-34
1.0,113.32568697681258,23.155945367886044,2018-09-26-05-33-34
1.0,113.32693439940145,23.156192890130765,2018-09-26-05-33-34
1.0,113.33292224762172,23.15618156470741,2018-09-26-05-33-34
1.0,113.3351677748182,23.15617738367539,2018-09-26-05-33-34
1.0,113.32543745567217,23.15644564968189,2018-09-26-05-33-34
1.0,113.32693438239046,23.156442792764082,2018-09-26-05-33-34
1.0,113.32818182978501,23.15644041765704,2018-09-26-05-33-34
1.0,113.3361657888565,23.1564254435686,2018-09-26-05-33-34
1.0,113.33117572836962,23.156684650721683,2018-09-26-05-33-34
1.0,113.32543742166183,23.156945455055663,2018-09-26-05-33-34
1.0,113.33566673766468,23.156926169026477,2018-09-26-05-33-34
1.0,113.32493843108712,23.15719631131948,2018-09-26-05-33-34
1.0,113.32518791776256,23.157195834496072,2018-09-26-05-33-34
1.0,113.33067670360917,23.15718539747589,2018-09-26-05-33-34
1.0,113.33691426942946,23.157173776566157,2018-09-26-05-33-34
1.0,113.32693431434485,23.15744240365321,2018-09-26-05-33-34
1.0,113.32543737064509,23.15769516338378,2018-09-26-05-33-34
1.0,113.32593634513759,23.157694210402855,2018-09-26-05-33-34
1.0,113.3271837691159,23.157941733821232,2018-09-26-05-33-34
1.0,113.32568682375472,23.158194492550248,2018-09-26-05-33-34
1.0,113.32593631112155,23.158194016133724,2018-09-26-05-33-34
1.0,113.32518783273805,23.15844534873447,2018-09-26-05-33-34
1.0,113.32568680674747,23.158444395469573,2018-09-26-05-33-34
1.0,113.32843118420566,23.15843916574956,2018-09-26-05-33-34
1.0,113.32493832906329,23.158695728513514,2018-09-26-05-33-34
1.0,113.32593626009624,23.15894372499956,2018-09-26-05-33-34
1.0,113.33591609238489,23.15917483459307,2018-09-26-05-33-34
1.0,113.33092601138364,23.159933859118354,2018-09-26-05-33-34
1.0,113.33367049492212,23.159928709271902,2018-09-26-05-33-34
1.0,113.3339199971984,23.15992824411603,2018-09-26-05-33-34
1.0,113.32493822703347,23.160195147004657,2018-09-26-05-33-34
1.0,113.33441898678035,23.16017721865317,2018-09-26-05-33-34
1.0,113.33466849115503,23.160176755199796,2018-09-26-05-33-34
1.0,113.32518767968347,23.1606944766347,2018-09-26-05-33-34
1.0,113.32568665367464,23.160693523369055,2018-09-26-05-33-34
1.0,113.32518766267657,23.16094437991636,2018-09-26-05-33-34
1.0,113.3264350825099,23.16119190121124,2018-09-26-05-33-34
1.0,113.32643503147251,23.161941611384904,2018-09-26-05-33-34
1.0,113.32518756063168,23.16244380037534,2018-09-26-05-33-34
1.0,113.33616536260872,23.16267302105493,2018-09-26-05-33-34
1.0,113.32668445158397,23.162940749565525,2018-09-26-05-33-34
1.0,113.33666504785968,23.152925892506676,2018-09-26-05-33-34
1.0,113.33791252826445,23.154173122448462,2018-09-26-05-33-34
1.0,113.33616592523377,23.154426223504572,2018-09-26-05-33-34
1.0,113.33741348235377,23.15442393514392,2018-09-26-05-33-34
1.0,113.33791251121129,23.154423024797705,2018-09-26-05-33-34
1.0,113.3381620269804,23.15442257074416,2018-09-26-05-33-34
1.0,113.3361659081872,23.15467612588919,2018-09-26-05-33-34
1.0,113.33741346530235,23.15467383752833,2018-09-26-05-33-34
1.0,113.3369144228838,23.154924653198897,2018-09-26-05-33-34
1.0,113.34689571139933,23.154907049607665,2018-09-26-05-33-34
1.0,113.34639658495848,23.155157793750703,2018-09-26-05-33-34
1.0,113.33516782594873,23.155427675992186,2018-09-26-05-33-34
1.0,113.3461469981212,23.155658021344387,2018-09-26-05-33-34
1.0,113.3351677748182,23.15617738367539,2018-09-26-05-33-34
1.0,113.34365150796198,23.15616211321435,2018-09-26-05-33-34
1.0,113.3361657888565,23.1564254435686,2018-09-26-05-33-34
1.0,113.3389104262862,23.156670335934233,2018-09-26-05-33-34
1.0,113.33566673766468,23.156926169026477,2018-09-26-05-33-34
1.0,113.33691426942946,23.157173776566157,2018-09-26-05-33-34
1.0,113.3439009796605,23.157161290470235,2018-09-26-05-33-34
1.0,113.3463964482709,23.157157014650224,2018-09-26-05-33-34
1.0,113.34664600226698,23.15715659322228,2018-09-26-05-33-34
1.0,113.33591609238489,23.15917483459307,2018-09-26-05-33-34
1.0,113.3431522266196,23.159161817161973,2018-09-26-05-33-34
1.0,113.33466849115503,23.160176755199796,2018-09-26-05-33-34
1.0,113.34365114932874,23.161410075990435,2018-09-26-05-33-34
1.0,113.34340159345761,23.161660413884483,2018-09-26-05-33-34
1.0,113.34265296705517,23.161911626861347,2018-09-26-05-33-34
1.0,113.33891003389463,23.162418107205937,2018-09-26-05-33-34
1.0,113.34115574482861,23.162414079015942,2018-09-26-05-33-34
1.0,113.33616536260872,23.16267302105493,2018-09-26-05-33-34
1.0,113.34539855297892,23.152660467926022,2018-09-26-05-33-34
1.0,113.34814359426042,23.15365545444072,2018-09-26-05-33-34
1.0,113.34889223840341,23.154403926038807,2018-09-26-05-33-34
1.0,113.34764440275332,23.154655893510007,2018-09-26-05-33-34
1.0,113.34789396362046,23.154655478024022,2018-09-26-05-33-34
1.0,113.34814352589731,23.15465506376075,2018-09-26-05-33-34
1.0,113.34689571139933,23.154907049607665,2018-09-26-05-33-34
1.0,113.34639658495848,23.155157793750703,2018-09-26-05-33-34
1.0,113.35613028454112,23.155392227474632,2018-09-26-05-33-34
1.0,113.3461469981212,23.155658021344387,2018-09-26-05-33-34
1.0,113.3463964482709,23.157157014650224,2018-09-26-05-33-34
1.0,113.34664600226698,23.15715659322228,2018-09-26-05-33-34
1.0,113.35288532222386,23.157146465876234,2018-09-26-05-33-34
1.0,113.34789369015523,23.158653920963037,2018-09-26-05-33-34
1.0,113.3513876444027,23.159397946766305,2018-09-26-05-33-34
1.0,113.3516372105808,23.15964745390359,2018-09-26-05-33-34
1.0,113.34914143032593,23.159901377396594,2018-09-26-05-33-34
1.0,113.35163719347432,23.159897357035206,2018-09-26-05-33-34
1.0,113.3526354570996,23.161145303430402,2018-09-26-05-33-34
1.0,113.32643503147251,23.161941611384904,2018-09-26-05-33-34
1.0,113.32518756063168,23.16244380037534,2018-09-26-05-33-34
1.0,113.33616536260872,23.16267302105493,2018-09-26-05-33-34
1.0,113.32668445158397,23.162940749565525,2018-09-26-05-33-34
1.0,113.32693388899949,23.16368998481148,2018-09-26-05-33-34
1.0,113.3271833777711,23.163689509319692,2018-09-26-05-33-34
1.0,113.32743286686836,23.16368903405013,2018-09-26-05-33-34
1.0,113.33367023929772,23.163677260680046,2018-09-26-05-33-34
1.0,113.32718336075412,23.16393941304301,2018-09-26-05-33-34
1.0,113.32793182907328,23.16393798795033,2018-09-26-05-33-34
1.0,113.32493795492468,23.16419360274669,2018-09-26-05-33-34
1.0,113.32618539047823,23.16419121998069,2018-09-26-05-33-34
1.0,113.32718334373698,23.164189316803515,2018-09-26-05-33-34
1.0,113.32768232226644,23.164188366498813,2018-09-26-05-33-34
1.0,113.3279318120531,23.16418789171071,2018-09-26-05-33-34
1.0,113.33391970747117,23.16417660300513,2018-09-26-05-33-34
1.0,113.3379118460075,23.164169244333916,2018-09-26-05-33-34
1.0,113.3369137748735,23.16442097173366,2018-09-26-05-33-34
1.0,113.33541666770866,23.16517343956443,2018-09-26-05-33-34
1.0,113.32618530541016,23.165440739343833,2018-09-26-05-33-34
1.0,113.32643479327828,23.165440263259274,2018-09-26-05-33-34
1.0,113.32643477626316,23.1656901672442,2018-09-26-05-33-34
1.0,113.32543680936205,23.165941976592404,2018-09-26-05-33-34
1.0,113.32668424739936,23.165939595367192,2018-09-26-05-33-34
1.0,113.33441859473588,23.165925001731058,2018-09-26-05-33-34
1.0,113.33766221175811,23.165919026496777,2018-09-26-05-33-34
1.0,113.3266842303829,23.166189499427283,2018-09-26-05-33-34
1.0,113.33666414411154,23.166170757040323,2018-09-26-05-33-34
1.0,113.32518728848271,23.166442261452293,2018-09-26-05-33-34
1.0,113.32593574976069,23.16644083176686,2018-09-26-05-33-34
1.0,113.33491757006756,23.166423883569525,2018-09-26-05-33-34
1.0,113.32793164184213,23.1666869313721,2018-09-26-05-33-34
1.0,113.33441854359313,23.166674714020576,2018-09-26-05-33-34
1.0,113.33591554674138,23.167171750800186,2018-09-26-05-33-34
1.0,113.33441849244889,23.167424426650243,2018-09-26-05-33-34
1.0,113.33566602157651,23.167422115419875,2018-09-26-05-33-34
1.0,113.33441847540047,23.167674330935977,2018-09-26-05-33-34
1.0,113.33466797974572,23.167673867481348,2018-09-26-05-33-34
1.0,113.33541649719284,23.167672480718537,2018-09-26-05-33-34
1.0,113.33042645974439,23.16818162539438,2018-09-26-05-33-34
1.0,113.33142444100255,23.168179742789533,2018-09-26-05-33-34
1.0,113.33042644271133,23.168431529794983,2018-09-26-05-33-34
1.0,113.32768191375632,23.170186068048743,2018-09-26-05-33-34
1.0,113.33242229477958,23.17017710337459,2018-09-26-05-33-34
1.0,113.33691338253956,23.170168769450516,2018-09-26-05-33-34
1.0,113.33067578392782,23.170680199868055,2018-09-26-05-33-34
1.0,113.33117477452357,23.170679258552465,2018-09-26-05-33-34
1.0,113.33292125931627,23.17067597782207,2018-09-26-05-33-34
1.0,113.33317075957034,23.170675511072325,2018-09-26-05-33-34
1.0,113.3364142924389,23.17116930457214,2018-09-26-05-33-34
1.0,113.33641427538016,23.171419209433456,2018-09-26-05-33-34
1.0,113.32643435083098,23.171937779221413,2018-09-26-05-33-34
1.0,113.32967772362673,23.17193161145578,2018-09-26-05-33-34
1.0,113.34265296705517,23.161911626861347,2018-09-26-05-33-34
1.0,113.33891003389463,23.162418107205937,2018-09-26-05-33-34
1.0,113.34115574482861,23.162414079015942,2018-09-26-05-33-34
1.0,113.33616536260872,23.16267302105493,2018-09-26-05-33-34
1.0,113.34140523928615,23.162913442922264,2018-09-26-05-33-34
1.0,113.34040711417191,23.16316512473441,2018-09-26-05-33-34
1.0,113.34215379746914,23.163411926131683,2018-09-26-05-33-34
1.0,113.34240331338977,23.163661390359366,2018-09-26-05-33-34
1.0,113.3431519192211,23.163660077836674,2018-09-26-05-33-34
1.0,113.3379118460075,23.164169244333916,2018-09-26-05-33-34
1.0,113.33915943390843,23.164166981804144,2018-09-26-05-33-34
1.0,113.3369137748735,23.16442097173366,2018-09-26-05-33-34
1.0,113.33541666770866,23.16517343956443,2018-09-26-05-33-34
1.0,113.33766221175811,23.165919026496777,2018-09-26-05-33-34
1.0,113.33666414411154,23.166170757040323,2018-09-26-05-33-34
1.0,113.33491757006756,23.166423883569525,2018-09-26-05-33-34
1.0,113.33591554674138,23.167171750800186,2018-09-26-05-33-34
1.0,113.33566602157651,23.167422115419875,2018-09-26-05-33-34
1.0,113.33541649719284,23.167672480718537,2018-09-26-05-33-34
1.0,113.34040678983804,23.167913300419283,2018-09-26-05-33-34
1.0,113.34215349008602,23.167910198164332,2018-09-26-05-33-34
1.0,113.34240295474785,23.168909376378434,2018-09-26-05-33-34
1.0,113.34739381767301,23.1696505194741,2018-09-26-05-33-34
1.0,113.33965808314922,23.169913879218043,2018-09-26-05-33-34
1.0,113.34040665325834,23.1699125363762,2018-09-26-05-33-34
1.0,113.33691338253956,23.170168769450516,2018-09-26-05-33-34
1.0,113.3429019386988,23.170158023325396,2018-09-26-05-33-34
1.0,113.34639555954031,23.17015200745071,2018-09-26-05-33-34
1.0,113.33816093516886,23.17041639649293,2018-09-26-05-33-34
1.0,113.33890948781149,23.170415038947738,2018-09-26-05-33-34
1.0,113.34764332579111,23.170399816772516,2018-09-26-05-33-34
1.0,113.33841043472181,23.170665847944033,2018-09-26-05-33-34
1.0,113.3458964214461,23.170652663209218,2018-09-26-05-33-34
1.0,113.3364142924389,23.17116930457214,2018-09-26-05-33-34
1.0,113.34639549115765,23.171151626501977,2018-09-26-05-33-34
1.0,113.33641427538016,23.171419209433456,2018-09-26-05-33-34
1.0,113.33940845935707,23.171413757102172,2018-09-26-05-33-34
1.0,113.34315137260101,23.171657015615455,2018-09-26-05-33-34
1.0,113.34814289341156,23.16390147708927,2018-09-26-05-33-34
1.0,113.35488156591055,23.165140314420416,2018-09-26-05-33-34
1.0,113.35113765214119,23.16539602851306,2018-09-26-05-33-34
1.0,113.35063828817287,23.168395677550766,2018-09-26-05-33-34
1.0,113.35338372268126,23.168641257769185,2018-09-26-05-33-34
1.0,113.35413251674302,23.168640108656714,2018-09-26-05-33-34
1.0,113.35687822910755,23.168636012996387,2018-09-26-05-33-34
1.0,113.34814255143186,23.16889955936784,2018-09-26-05-33-34
1.0,113.34939036704232,23.16914741129064,2018-09-26-05-33-34
1.0,113.34739381767301,23.1696505194741,2018-09-26-05-33-34
1.0,113.35213568036633,23.169892724925425,2018-09-26-05-33-34
1.0,113.34639555954031,23.17015200745071,2018-09-26-05-33-34
1.0,113.34889116117745,23.170147846965698,2018-09-26-05-33-34
1.0,113.34939029862035,23.1701470297229,2018-09-26-05-33-34
1.0,113.35063816840636,23.17014500940293,2018-09-26-05-33-34
1.0,113.354631618584,23.170138777479867,2018-09-26-05-33-34
1.0,113.34764332579111,23.170399816772516,2018-09-26-05-33-34
1.0,113.35038857429923,23.17039531552186,2018-09-26-05-33-34
1.0,113.35213564613612,23.170392534294553,2018-09-26-05-33-34
1.0,113.35238523419793,23.170392142542035,2018-09-26-05-33-34
1.0,113.3458964214461,23.170652663209218,2018-09-26-05-33-34
1.0,113.35612924002848,23.170636348030143,2018-09-26-05-33-34
1.0,113.34639549115765,23.171151626501977,2018-09-26-05-33-34
1.0,113.34789283529993,23.17114911562945,2018-09-26-05-33-34
1.0,113.3483919611606,23.171148288331317,2018-09-26-05-33-34
1.0,113.35088767850368,23.171144228383294,2018-09-26-05-33-34
1.0,113.35238518284888,23.171141856885324,2018-09-26-05-33-34
1.0,113.34864150913269,23.171397781404064,2018-09-26-05-33-34
1.0,113.35188599123184,23.171392546662815,2018-09-26-05-33-34
1.0,113.35013891328981,23.171645242373746,2018-09-26-05-33-34
1.0,113.3364142924389,23.17116930457214,2018-09-26-05-33-34
1.0,113.33641427538016,23.171419209433456,2018-09-26-05-33-34
1.0,113.32643435083098,23.171937779221413,2018-09-26-05-33-34
1.0,113.32967772362673,23.17193161145578,2018-09-26-05-33-34
1.0,113.32568587109186,23.172189112964,2018-09-26-05-33-34
1.0,113.32718279910007,23.172186257104254,2018-09-26-05-33-34
1.0,113.33242215843606,23.172176342116448,2018-09-26-05-33-34
1.0,113.32818074041292,23.17243426249571,2018-09-26-05-33-34
1.0,113.33292114000005,23.172425312127945,2018-09-26-05-33-34
1.0,113.32768174351546,23.172685116872785,2018-09-26-05-33-34
1.0,113.3294281799339,23.172681799224726,2018-09-26-05-33-34
1.0,113.33042615312391,23.172679910490665,2018-09-26-05-33-34
1.0,113.33117463821716,23.17267849791726,2018-09-26-05-33-34
1.0,113.3344181343971,23.17267242470584,2018-09-26-05-33-34
1.0,113.33666370059188,23.17266827594652,2018-09-26-05-33-34
1.0,113.32618479491443,23.172937875459912,2018-09-26-05-33-34
1.0,113.33167361391547,23.172927463376546,2018-09-26-05-33-34
2.0,113.33217260891928,23.172926525518104,2018-09-26-05-33-34
1.0,113.33491712672087,23.172921403482295,2018-09-26-05-33-34
1.0,113.32867967071543,23.173183029552103,2018-09-26-05-33-34
1.0,113.32892916200959,23.173182555873986,2018-09-26-05-33-34
1.0,113.32942814586964,23.17318160945643,2018-09-26-05-33-34
1.0,113.33217259187607,23.173176430653076,2018-09-26-05-33-34
1.0,113.3324220902603,23.173175962421464,2018-09-26-05-33-34
1.0,113.32942812883726,23.173431514631073,2018-09-26-05-33-34
1.0,113.32867963665655,23.173682839940895,2018-09-26-05-33-34
1.0,113.32693317418502,23.174185973842125,2018-09-26-05-33-34
1.0,113.32718266291421,23.1741854983486,2018-09-26-05-33-34
1.0,113.32818062122145,23.1741835987204,2018-09-26-05-33-34
1.0,113.33691310955949,23.17416724941773,2018-09-26-05-33-34
1.0,113.32793111408225,23.174433978583103,2018-09-26-05-33-34
1.0,113.32892907685607,23.17443208214078,2018-09-26-05-33-34
1.0,113.32643416360786,23.174686736150893,2018-09-26-05-33-34
1.0,113.32718262886607,23.17468530905286,2018-09-26-05-33-34
1.0,113.32843007765466,23.174682935165503,2018-09-26-05-33-34
1.0,113.32793108002772,23.17493378936613,2018-09-26-05-33-34
1.0,113.32768157325792,23.17518416960692,2018-09-26-05-33-34
1.0,113.32743206684242,23.175434550134387,2018-09-26-05-33-34
1.0,113.32768155623125,23.17543407509747,2018-09-26-05-33-34
1.0,113.33317043567426,23.175423708649106,2018-09-26-05-33-34
1.0,113.33341993655623,23.17542324241698,2018-09-26-05-33-34
1.0,113.32593512014053,23.175687310380024,2018-09-26-05-33-34
1.0,113.32892899169838,23.175681609394566,2018-09-26-05-33-34
1.0,113.32568561582568,23.17593769236977,2018-09-26-05-33-34
1.0,113.33766152922553,23.175915218760156,2018-09-26-05-33-34
1.0,113.32593508610051,23.1761871215604,2018-09-26-05-33-34
1.0,113.33267138469596,23.176174359363856,2018-09-26-05-33-34
1.0,113.33441789565501,23.176171099624877,2018-09-26-05-33-34
1.0,113.33391885505272,23.176671839601184,2018-09-26-05-33-34
1.0,113.3301763524537,23.177178679896304,2018-09-26-05-33-34
1.0,113.33366930168702,23.17742202206557,2018-09-26-05-33-34
1.0,113.33691288773169,23.177416021812594,2018-09-26-05-33-34
1.0,113.33791094160527,23.177414198200083,2018-09-26-05-33-34
1.0,113.33017631837743,23.177678491554854,2018-09-26-05-33-34
1.0,113.33092480187125,23.177677077793255,2018-09-26-05-33-34
1.0,113.33017630133904,23.177928397444372,2018-09-26-05-33-34
1.0,113.33441777627169,23.17792044000466,2018-09-26-05-33-34
1.0,113.32718237348384,23.178433894405178,2018-09-26-05-33-34
1.0,113.3376613585506,23.17841427664155,2018-09-26-05-33-34
1.0,113.32668337934724,23.178684751614455,2018-09-26-05-33-34
1.0,113.3276813348694,23.178682850106558,2018-09-26-05-33-34
1.0,113.33242171524589,23.17867388540562,2018-09-26-05-33-34
1.0,113.33666329108888,23.178666009144358,2018-09-26-05-33-34
1.0,113.33691280240578,23.178665551455996,2018-09-26-05-33-34
1.0,113.3371623145682,23.178665094469494,2018-09-26-05-33-34
1.0,113.33766134148219,23.17866418265068,2018-09-26-05-33-34
1.0,113.32718233943004,23.17893370646733,2018-09-26-05-33-34
1.0,113.33117421219086,23.178926137187723,2018-09-26-05-33-34
1.0,113.33292069675402,23.178922856447727,2018-09-26-05-33-34
1.0,113.33666327402416,23.17891591519405,2018-09-26-05-33-34
1.0,113.32743181143753,23.17918313728692,2018-09-26-05-33-34
1.0,113.33067520461977,23.17917698459719,2018-09-26-05-33-34
1.0,113.33317017992428,23.17917229578733,2018-09-26-05-33-34
1.0,113.33666325695928,23.179165821284187,2018-09-26-05-33-34
1.0,113.32718230537557,23.179433518691273,2018-09-26-05-33-34
1.0,113.33117416106069,23.179675855582452,2018-09-26-05-33-34
1.0,113.33317014582144,23.17967210809034,2018-09-26-05-33-34
1.0,113.33491666620291,23.179668856034642,2018-09-26-05-33-34
1.0,113.33666322282902,23.17966563358603,2018-09-26-05-33-34
1.0,113.3374117593178,23.179664262638177,2018-09-26-05-33-34
1.0,113.32568534350045,23.179936186944865,2018-09-26-05-33-34
1.0,113.32718227132044,23.179933331077436,2018-09-26-05-33-34
1.0,113.33391863335557,23.17992061720847,2018-09-26-05-33-34
1.0,113.32518635264566,23.180187046471254,2018-09-26-05-33-34
1.0,113.32967716146455,23.18017849664886,2018-09-26-05-33-34
1.0,113.3336691141043,23.180170988620645,2018-09-26-05-33-34
1.0,113.3316731026066,23.18042463470347,2018-09-26-05-33-34
1.0,113.3339185992458,23.180420429755046,2018-09-26-05-33-34
1.0,113.33292057739926,23.180672199935504,2018-09-26-05-33-34
1.0,113.33766120492888,23.180663432182424,2018-09-26-05-33-34
1.0,113.33042559084605,23.180926799630743,2018-09-26-05-33-34
1.0,113.33317006056143,23.180921639559454,2018-09-26-05-33-34
1.0,113.33366906294187,23.180920707624065,2018-09-26-05-33-34
1.0,113.3364142924389,23.17116930457214,2018-09-26-05-33-34
1.0,113.34639549115765,23.171151626501977,2018-09-26-05-33-34
1.0,113.34789283529993,23.17114911562945,2018-09-26-05-33-34
1.0,113.33641427538016,23.171419209433456,2018-09-26-05-33-34
1.0,113.33940845935707,23.171413757102172,2018-09-26-05-33-34
1.0,113.34315137260101,23.171657015615455,2018-09-26-05-33-34
1.0,113.34065602499463,23.17216123388618,2018-09-26-05-33-34
1.0,113.34439903824052,23.172154658178368,2018-09-26-05-33-34
1.0,113.34539720313438,23.172402848332865,2018-09-26-05-33-34
1.0,113.33666370059188,23.17266827594652,2018-09-26-05-33-34
1.0,113.33915885361722,23.172663732112916,2018-09-26-05-33-34
1.0,113.34215316556725,23.172658387585674,2018-09-26-05-33-34
1.0,113.34589628468972,23.172651902554126,2018-09-26-05-33-34
1.0,113.34714405445706,23.172649795458796,2018-09-26-05-33-34
1.0,113.33491712672087,23.172921403482295,2018-09-26-05-33-34
1.0,113.34589626759441,23.172901807647627,2018-09-26-05-33-34
1.0,113.34664492542164,23.17290053990599,2018-09-26-05-33-34
1.0,113.34714403735731,23.17289970055208,2018-09-26-05-33-34
1.0,113.34489805834836,23.17315341887644,2018-09-26-05-33-34
1.0,113.34539715185387,23.173152563613673,2018-09-26-05-33-34
1.0,113.34564670052767,23.173152137637487,2018-09-26-05-33-34
1.0,113.34589625049894,23.173151712780278,2018-09-26-05-33-34
1.0,113.34689446361035,23.173150024773104,2018-09-26-05-33-34
1.0,113.3473935782771,23.173149187784254,2018-09-26-05-33-34
1.0,113.3401568898503,23.173411652006692,2018-09-26-05-33-34
1.0,113.34265218137368,23.173407225036634,2018-09-26-05-33-34
1.0,113.34389986926293,23.17340504748887,2018-09-26-05-33-34
1.0,113.34464849640023,23.173403753311778,2018-09-26-05-33-34
1.0,113.34489804125633,23.173403324048476,2018-09-26-05-33-34
1.0,113.34514758737204,23.173402895869202,2018-09-26-05-33-34
1.0,113.34539713476003,23.173402468785625,2018-09-26-05-33-34
1.0,113.34614578468378,23.17340119422548,2018-09-26-05-33-34
1.0,113.34739356117613,23.17339909295586,2018-09-26-05-33-34
1.0,113.34589621630751,23.173651523163272,2018-09-26-05-33-34
1.0,113.34664487412671,23.173650255421247,2018-09-26-05-33-34
10.0,113.34689442941179,23.173649835155757,2018-09-26-05-33-34
1.0,113.33816069624385,23.173915066459404,2018-09-26-05-33-34
1.0,113.33841021284931,23.173914613165103,2018-09-26-05-33-34
1.0,113.34489800707176,23.17390313451039,2018-09-26-05-33-34
1.0,113.34589619921154,23.173901428413718,2018-09-26-05-33-34
1.0,113.34689441231225,23.173899740406025,2018-09-26-05-33-34
1.0,113.33691310955949,23.17416724941773,2018-09-26-05-33-34
1.0,113.33841019578104,23.174164518456195,2018-09-26-05-33-34
1.0,113.33990731527668,23.174161815379687,2018-09-26-05-33-34
1.0,113.34489798997922,23.17415303980038,2018-09-26-05-33-34
1.0,113.34514753609223,23.17415261162098,2018-09-26-05-33-34
1.0,113.3456466321477,23.174151758560914,2018-09-26-05-33-34
1.0,113.34714395185607,23.17414922660691,2018-09-26-05-33-34
1.0,113.34739350987223,23.174148808706477,2018-09-26-05-33-34
1.0,113.34340072222214,23.17440553656129,2018-09-26-05-33-34
1.0,113.34389980090766,23.174404668570876,2018-09-26-05-33-34
1.0,113.34489797288651,23.174402945129795,2018-09-26-05-33-34
1.0,113.34514751899862,23.17440251695035,2018-09-26-05-33-34
1.0,113.3473934927706,23.174398714035462,2018-09-26-05-33-34
1.0,113.34614569919862,23.17465072067462,2018-09-26-05-33-34
1.0,113.34365022679006,23.174904912831135,2018-09-26-05-33-34
1.0,113.3451474848109,23.174902327727587,2018-09-26-05-33-34
1.0,113.34564658086097,23.174901474667266,2018-09-26-05-33-34
1.0,113.34689434391245,23.17489936180138,2018-09-26-05-33-34
1.0,113.34464837675763,23.175153090618736,2018-09-26-05-33-34
1.0,113.34589611372917,23.175150955257603,2018-09-26-05-33-34
1.0,113.34614566500338,23.175150531530637,2018-09-26-05-33-34
1.0,113.33940818621014,23.175412240192895,2018-09-26-05-33-34
1.0,113.33965770756231,23.175411790892163,2018-09-26-05-33-34
1.0,113.34340065387154,23.17540515827531,2018-09-26-05-33-34
1.0,113.34365019261259,23.175404723767237,2018-09-26-05-33-34
1.0,113.33865961089089,23.175663498512606,2018-09-26-05-33-34
1.0,113.33990721282916,23.175661247954555,2018-09-26-05-33-34
1.0,113.34065578592015,23.1756599076866,2018-09-26-05-33-34
1.0,113.34115483983422,23.17565901856919,2018-09-26-05-33-34
1.0,113.3414043683862,23.175658575364736,2018-09-26-05-33-34
1.0,113.34589607953504,23.17565076627227,2018-09-26-05-33-34
1.0,113.33766152922553,23.175915218760156,2018-09-26-05-33-34
1.0,113.33865959382048,23.17591340408077,2018-09-26-05-33-34
1.0,113.3391586316901,23.17591250141292,2018-09-26-05-33-34
1.0,113.34564651247632,23.175901096696883,2018-09-26-05-33-34
1.0,113.34040622637781,23.17616016475119,2018-09-26-05-33-34
1.0,113.33816052556307,23.176414121151385,2018-09-26-05-33-34
1.0,113.34040620930041,23.176410070398724,2018-09-26-05-33-34
1.0,113.34090526111252,23.176409179503278,2018-09-26-05-33-34
1.0,113.34115478859407,23.17640873539188,2018-09-26-05-33-34
1.0,113.33915858047213,23.1766622183562,2018-09-26-05-33-34
1.0,113.33940810084293,23.176661768232375,2018-09-26-05-33-34
1.0,113.33965762219036,23.176661318931433,2018-09-26-05-33-34
1.0,113.34589601114479,23.176650388779034,2018-09-26-05-33-34
1.0,113.34689422420632,23.17664870076945,2018-09-26-05-33-34
1.0,113.347143780841,23.176648281680258,2018-09-26-05-33-34
1.0,113.33865952553715,23.176913026751997,2018-09-26-05-33-34
1.0,113.33915856339914,23.176912124083813,2018-09-26-05-33-34
1.0,113.33940808376899,23.176911673959946,2018-09-26-05-33-34
1.0,113.34115475443313,23.176908546806473,2018-09-26-05-33-34
1.0,113.3429014774068,23.176905464084005,2018-09-26-05-33-34
1.0,113.33816047435558,23.177163838334796,2018-09-26-05-33-34
1.0,113.33890902692069,23.177162480786198,2018-09-26-05-33-34
1.0,113.34564642699173,23.177150625129887,2018-09-26-05-33-34
1.0,113.34614552821573,23.17714977654468,2018-09-26-05-33-34
1.0,113.33691288773169,23.177416021812594,2018-09-26-05-33-34
1.0,113.33791094160527,23.177414198200083,2018-09-26-05-33-34
1.0,113.33840997387811,23.177413290847785,2018-09-26-05-33-34
1.0,113.33890900984832,23.177412386593947,2018-09-26-05-33-34
1.0,113.344897767761,23.177401812177628,2018-09-26-05-33-34
1.0,113.34564640989431,23.177400530936488,2018-09-26-05-33-34
1.0,113.33890899277579,23.177662292441823,2018-09-26-05-33-34
1.0,113.33915851217917,23.177661841506993,2018-09-26-05-33-34
1.0,113.3448977506661,23.17765171802448,2018-09-26-05-33-34
1.0,113.34639504660507,23.17764916561262,2018-09-26-05-33-34
1.0,113.33890897570308,23.17791219832988,2018-09-26-05-33-34
1.0,113.33965753681423,23.17791084796982,2018-09-26-05-33-34
1.0,113.34040608975396,23.178159411051958,2018-09-26-05-33-34
1.0,113.3376613585506,23.17841427664155,2018-09-26-05-33-34
1.0,113.33940798132183,23.178411109167673,2018-09-26-05-33-34
1.0,113.33666329108888,23.178666009144358,2018-09-26-05-33-34
1.0,113.33691280240578,23.178665551455996,2018-09-26-05-33-34
1.0,113.3371623145682,23.178665094469494,2018-09-26-05-33-34
1.0,113.33766134148219,23.17866418265068,2018-09-26-05-33-34
1.0,113.33940796424672,23.17866101517651,2018-09-26-05-33-34
1.0,113.34664453212193,23.178648367969714,2018-09-26-05-33-34
1.0,113.33666327402416,23.17891591519405,2018-09-26-05-33-34
1.0,113.33666325695928,23.179165821284187,2018-09-26-05-33-34
1.0,113.3381603377949,23.17916308592435,2018-09-26-05-33-34
1.0,113.33840985438023,23.17916263262917,2018-09-26-05-33-34
1.0,113.33940793009599,23.179160827315414,2018-09-26-05-33-34
1.0,113.33491666620291,23.179668856034642,2018-09-26-05-33-34
1.0,113.33666322282902,23.17966563358603,2018-09-26-05-33-34
1.0,113.3374117593178,23.179664262638177,2018-09-26-05-33-34
1.0,113.33840982023648,23.179662444930422,2018-09-26-05-33-34
1.0,113.33865932067116,23.179911898621242,2018-09-26-05-33-34
1.0,113.33816025243904,23.180412616982395,2018-09-26-05-33-34
1.0,113.33766120492888,23.180663432182424,2018-09-26-05-33-34
1.0,113.33816023536737,23.180662523316094,2018-09-26-05-33-34
1.0,113.33840975194695,23.18066207002066,2018-09-26-05-33-34
1.0,113.33816021829553,23.180912429690622,2018-09-26-05-33-34
1.0,113.3458964214461,23.170652663209218,2018-09-26-05-33-34
1.0,113.35612924002848,23.170636348030143,2018-09-26-05-33-34
1.0,113.35762694351486,23.17088407101031,2018-09-26-05-33-34
1.0,113.34639549115765,23.171151626501977,2018-09-26-05-33-34
1.0,113.34789283529993,23.17114911562945,2018-09-26-05-33-34
1.0,113.3483919611606,23.171148288331317,2018-09-26-05-33-34
1.0,113.35088767850368,23.171144228383294,2018-09-26-05-33-34
1.0,113.35238518284888,23.171141856885324,2018-09-26-05-33-34
1.0,113.34864150913269,23.171397781404064,2018-09-26-05-33-34
1.0,113.35188599123184,23.171392546662815,2018-09-26-05-33-34
1.0,113.35013891328981,23.171645242373746,2018-09-26-05-33-34
1.0,113.3513867718093,23.17214305200118,2018-09-26-05-33-34
1.0,113.34539720313438,23.172402848332865,2018-09-26-05-33-34
1.0,113.35038843741859,23.172394554549673,2018-09-26-05-33-34
1.0,113.34589628468972,23.172651902554126,2018-09-26-05-33-34
1.0,113.34714405445706,23.172649795458796,2018-09-26-05-33-34
1.0,113.34889099012803,23.172646895753896,2018-09-26-05-33-34
1.0,113.34589626759441,23.172901807647627,2018-09-26-05-33-34
1.0,113.34664492542164,23.17290053990599,2018-09-26-05-33-34
1.0,113.34714403735731,23.17289970055208,2018-09-26-05-33-34
1.0,113.34489805834836,23.17315341887644,2018-09-26-05-33-34
1.0,113.34539715185387,23.173152563613673,2018-09-26-05-33-34
1.0,113.34564670052767,23.173152137637487,2018-09-26-05-33-34
1.0,113.34589625049894,23.173151712780278,2018-09-26-05-33-34
1.0,113.34689446361035,23.173150024773104,2018-09-26-05-33-34
1.0,113.3473935782771,23.173149187784254,2018-09-26-05-33-34
1.0,113.34464849640023,23.173403753311778,2018-09-26-05-33-34
1.0,113.34489804125633,23.173403324048476,2018-09-26-05-33-34
1.0,113.34514758737204,23.173402895869202,2018-09-26-05-33-34
1.0,113.34539713476003,23.173402468785625,2018-09-26-05-33-34
1.0,113.34614578468378,23.17340119422548,2018-09-26-05-33-34
1.0,113.34739356117613,23.17339909295586,2018-09-26-05-33-34
1.0,113.35138668623745,23.17339257746417,2018-09-26-05-33-34
1.0,113.35213544074075,23.173391393767982,2018-09-26-05-33-34
1.0,113.34589621630751,23.173651523163272,2018-09-26-05-33-34
1.0,113.34664487412671,23.173650255421247,2018-09-26-05-33-34
10.0,113.34689442941179,23.173649835155757,2018-09-26-05-33-34
1.0,113.34814222648906,23.173647751710355,2018-09-26-05-33-34
1.0,113.34489800707176,23.17390313451039,2018-09-26-05-33-34
1.0,113.34589619921154,23.173901428413718,2018-09-26-05-33-34
1.0,113.34689441231225,23.173899740406025,2018-09-26-05-33-34
1.0,113.35138665200753,23.173892387923832,2018-09-26-05-33-34
1.0,113.34489798997922,23.17415303980038,2018-09-26-05-33-34
1.0,113.34514753609223,23.17415261162098,2018-09-26-05-33-34
1.0,113.3456466321477,23.174151758560914,2018-09-26-05-33-34
1.0,113.34714395185607,23.17414922660691,2018-09-26-05-33-34
1.0,113.34739350987223,23.174148808706477,2018-09-26-05-33-34
1.0,113.34489797288651,23.174402945129795,2018-09-26-05-33-34
1.0,113.34514751899862,23.17440251695035,2018-09-26-05-33-34
1.0,113.3473934927706,23.174398714035462,2018-09-26-05-33-34
1.0,113.34614569919862,23.17465072067462,2018-09-26-05-33-34
1.0,113.3451474848109,23.174902327727587,2018-09-26-05-33-34
1.0,113.34564658086097,23.174901474667266,2018-09-26-05-33-34
1.0,113.34689434391245,23.17489936180138,2018-09-26-05-33-34
1.0,113.34464837675763,23.175153090618736,2018-09-26-05-33-34
1.0,113.34589611372917,23.175150955257603,2018-09-26-05-33-34
1.0,113.34614566500338,23.175150531530637,2018-09-26-05-33-34
1.0,113.35338326042876,23.17538869214,2018-09-26-05-33-34
1.0,113.34589607953504,23.17565076627227,2018-09-26-05-33-34
1.0,113.34564651247632,23.175901096696883,2018-09-26-05-33-34
1.0,113.34589601114479,23.176650388779034,2018-09-26-05-33-34
1.0,113.34689422420632,23.17664870076945,2018-09-26-05-33-34
1.0,113.347143780841,23.176648281680258,2018-09-26-05-33-34
1.0,113.34564642699173,23.177150625129887,2018-09-26-05-33-34
1.0,113.34614552821573,23.17714977654468,2018-09-26-05-33-34
1.0,113.344897767761,23.177401812177628,2018-09-26-05-33-34
1.0,113.34564640989431,23.177400530936488,2018-09-26-05-33-34
1.0,113.3448977506661,23.17765171802448,2018-09-26-05-33-34
1.0,113.34639504660507,23.17764916561262,2018-09-26-05-33-34
1.0,113.34814195280606,23.177646240466103,2018-09-26-05-33-34
1.0,113.349389751148,23.17814399968199,2018-09-26-05-33-34
1.0,113.34664453212193,23.178648367969714,2018-09-26-05-33-34
