count,wgs_lng,wgs_lat,time
1.0,113.32743421076417,23.14394675270455,2018-09-29-06-00-16
1.0,113.32943013750798,23.14394296005812,2018-09-29-06-00-16
1.0,113.33042811115853,23.143941071343132,2018-09-29-06-00-16
1.0,113.33067760578687,23.14394060009075,2018-09-29-06-00-16
1.0,113.33192508689157,23.143938250004137,2018-09-29-06-00-16
1.0,113.33217458479862,23.143937781308182,2018-09-29-06-00-16
1.0,113.32643623895542,23.144198556014594,2018-09-29-06-00-16
1.0,113.32743419375932,23.144196653665357,2018-09-29-06-00-16
1.0,113.32918062823227,23.144193334062,2018-09-29-06-00-16
1.0,113.3354180993825,23.144181636392755,2018-09-29-06-00-16
2.0,113.32718468757938,23.144447029925328,2018-09-29-06-00-16
1.0,113.33541808234568,23.144431537385014,2018-09-29-06-00-16
1.0,113.32743415974912,23.144696455685374,2018-09-29-06-00-16
1.0,113.33117654553593,23.144689361763003,2018-09-29-06-00-16
1.0,113.33292303105131,23.144686081062872,2018-09-29-06-00-16
1.0,113.33317253140815,23.144685614317456,2018-09-29-06-00-16
1.0,113.3349190527534,23.144682362302625,2018-09-29-06-00-16
1.0,113.3354180653087,23.14468143841011,2018-09-29-06-00-16
1.0,113.33117652851554,23.144939262821694,2018-09-29-06-00-16
1.0,113.33142602471914,23.144938792791873,2018-09-29-06-00-16
1.0,113.33167552147589,23.144938323194296,2018-09-29-06-00-16
1.0,113.33242401519848,23.14493691711825,2018-09-29-06-00-16
1.0,113.33267351430129,23.144936449372853,2018-09-29-06-00-16
1.0,113.33317251437984,23.144935515375817,2018-09-29-06-00-16
1.0,113.33516854161849,23.144931801106146,2018-09-29-06-00-16
1.0,113.3366655932919,23.144929040952785,2018-09-29-06-00-16
1.0,113.3346695135231,23.145182627310565,2018-09-29-06-00-16
1.0,113.33491901868285,23.145182164451715,2018-09-29-06-00-16
1.0,113.33516852458216,23.145181702197124,2018-09-29-06-00-16
1.0,113.33167548743064,23.145438125410426,2018-09-29-06-00-16
1.0,113.33516850754565,23.145431603321107,2018-09-29-06-00-16
1.0,113.33591702981033,23.145430220305077,2018-09-29-06-00-16
1.0,113.32468972655386,23.145701298235267,2018-09-29-06-00-16
1.0,113.3254381867334,23.145699867783097,2018-09-29-06-00-16
1.0,113.32568767390563,23.145699391220596,2018-09-29-06-00-16
1.0,113.3281825613238,23.14569463577781,2018-09-29-06-00-16
1.0,113.3296795111172,23.14569179476165,2018-09-29-06-00-16
1.0,113.33591701277074,23.145680121461996,2018-09-29-06-00-16
1.0,113.3261866319981,23.14594833974374,2018-09-29-06-00-16
1.0,113.32643611994507,23.145947863662407,2018-09-29-06-00-16
1.0,113.33042797501874,23.145940279946615,2018-09-29-06-00-16
1.0,113.3344199579884,23.145932794233005,2018-09-29-06-00-16
1.0,113.32793303708057,23.146194912719444,2018-09-29-06-00-16
1.0,113.32468967556869,23.14645100191057,2018-09-29-06-00-16
1.0,113.32668557417095,23.146447190248935,2018-09-29-06-00-16
1.0,113.32868149189507,23.146443391227127,2018-09-29-06-00-16
1.0,113.33516843939798,23.146431208148226,2018-09-29-06-00-16
1.0,113.32468965857329,23.146700903202174,2018-09-29-06-00-16
1.0,113.32668555716747,23.146697091540208,2018-09-29-06-00-16
1.0,113.32893096628419,23.14669281884434,2018-09-29-06-00-16
1.0,113.32918045810423,23.14669234547939,2018-09-29-06-00-16
1.0,113.32967944305598,23.146691399725245,2018-09-29-06-00-16
1.0,113.3339209001562,23.146683426632457,2018-09-29-06-00-16
1.0,113.33516842236064,23.146681109438088,2018-09-29-06-00-16
1.0,113.3366654739932,23.14667834928297,2018-09-29-06-00-16
1.0,113.33192488260619,23.14693706370077,2018-09-29-06-00-16
1.0,113.33217438050134,23.146936595004316,2018-09-29-06-00-16
1.0,113.3324238789897,23.146936126777067,2018-09-29-06-00-16
1.0,113.33342187914182,23.146934258806255,2018-09-29-06-00-16
1.0,113.32668552316,23.14719689422284,2018-09-29-06-00-16
1.0,113.33092687966973,23.14718884428955,2018-09-29-06-00-16
1.0,113.33192486558133,23.147186965057912,2018-09-29-06-00-16
1.0,113.33516838828545,23.147180912117896,2018-09-29-06-00-16
1.0,113.33591691052968,23.147179529100985,2018-09-29-06-00-16
1.0,113.3319248485563,23.14743686644852,2018-09-29-06-00-16
1.0,113.33292284374154,23.147434994526844,2018-09-29-06-00-16
1.0,113.33117634128034,23.147688176654416,2018-09-29-06-00-16
1.0,113.3276834281664,23.147944697010313,2018-09-29-06-00-16
1.0,113.32942984826622,23.148191280882685,2018-09-29-06-00-16
1.0,113.3306773164601,23.14818892091179,2018-09-29-06-00-16
1.0,113.33367129563554,23.148183300228993,2018-09-29-06-00-16
1.0,113.33417030096707,23.14818237047642,2018-09-29-06-00-16
1.0,113.3294298312505,23.1484411824081,2018-09-29-06-00-16
1.0,113.33067729943937,23.148438822436997,2018-09-29-06-00-16
1.0,113.3324237768261,23.148435535422443,2018-09-29-06-00-16
1.0,113.33367127860292,23.1484332017537,2018-09-29-06-00-16
1.0,113.33641584408443,23.14842811762003,2018-09-29-06-00-16
1.0,113.33741389153751,23.148426288314916,2018-09-29-06-00-16
1.0,113.3274338876436,23.148694876619974,2018-09-29-06-00-16
1.0,113.33142576937847,23.148687312657213,2018-09-29-06-00-16
1.0,113.33217426131684,23.148685905208634,2018-09-29-06-00-16
1.0,113.33267325888622,23.148684969235074,2018-09-29-06-00-16
1.0,113.3359168082826,23.14867893794445,2018-09-29-06-00-16
1.0,113.33691484907489,23.148677103121653,2018-09-29-06-00-16
1.0,113.32493899211114,23.14894953940086,2018-09-29-06-00-16
1.0,113.33292274156408,23.14893440357524,2018-09-29-06-00-16
1.0,113.33516826901709,23.148930222554103,2018-09-29-06-00-16
1.0,113.33017825966112,23.149189470104677,2018-09-29-06-00-16
1.0,113.333172224873,23.149183838455293,2018-09-29-06-00-16
1.0,113.33516825197809,23.14918012417995,2018-09-29-06-00-16
1.0,113.33117622212016,23.149437487567244,2018-09-29-06-00-16
1.0,113.33192471235004,23.149436078784593,2018-09-29-06-00-16
1.0,113.33541774157442,23.149429564200897,2018-09-29-06-00-16
1.0,113.32543791474653,23.149698290864265,2018-09-29-06-00-16
1.0,113.32693484162864,23.149695433953156,2018-09-29-06-00-16
1.0,113.33092670945172,23.14968785971215,2018-09-29-06-00-16
1.0,113.33192469532351,23.149685980478854,2018-09-29-06-00-16
1.0,113.33516821789958,23.14967992753342,2018-09-29-06-00-16
1.0,113.32543789774594,23.149948192593623,2018-09-29-06-00-16
1.0,113.32768329209358,23.149943909892762,2018-09-29-06-00-16
1.0,113.32893074510591,23.149941538680928,2018-09-29-06-00-16
1.0,113.33192467829682,23.149935882207135,2018-09-29-06-00-16
1.0,113.33242367465652,23.149934945282435,2018-09-29-06-00-16
1.0,113.33466918983818,23.149930754376186,2018-09-29-06-00-16
1.0,113.33067718028967,23.1501881340613,2018-09-29-06-00-16
1.0,113.33167516396757,23.150186253123373,2018-09-29-06-00-16
1.0,113.33192466126995,23.15018578396949,2018-09-29-06-00-16
1.0,113.33292265641161,23.150183912045982,2018-09-29-06-00-16
1.0,113.33491867794065,23.150180193278395,2018-09-29-06-00-16
1.0,113.32668530209521,23.15044561494222,2018-09-29-06-00-16
1.0,113.33117615402497,23.15043709454913,2018-09-29-06-00-16
1.0,113.33441965134966,23.150431021385863,2018-09-29-06-00-16
1.0,113.33491866090179,23.150430095074388,2018-09-29-06-00-16
1.0,113.33292262234946,23.15068371567282,2018-09-29-06-00-16
1.0,113.3334216236623,23.1506827826984,2018-09-29-06-00-16
1.0,113.3341701306137,23.15068138724769,2018-09-29-06-00-16
1.0,113.3344196343126,23.15068092321613,2018-09-29-06-00-16
1.0,113.33466913872454,23.150680459764338,2018-09-29-06-00-16
1.0,113.33566716376785,23.15067861199975,2018-09-29-06-00-16
1.0,113.33616618091233,23.150677691914172,2018-09-29-06-00-16
1.0,113.32893067704539,23.150941145937367,2018-09-29-06-00-16
1.0,113.33042763462261,23.150938310807554,2018-09-29-06-00-16
1.0,113.330677129223,23.150937839554015,2018-09-29-06-00-16
1.0,113.33317210565029,23.15093315079112,2018-09-29-06-00-16
1.0,113.33417011357744,23.15093128911224,2018-09-29-06-00-16
1.0,113.33541763933002,23.150928974874386,2018-09-29-06-00-16
1.0,113.33566714672573,23.15092851386405,2018-09-29-06-00-16
1.0,113.33616616386826,23.150927593778384,2018-09-29-06-00-16
1.0,113.33641567364154,23.150927134727457,2018-09-29-06-00-16
1.0,113.33666518423375,23.15092667635405,2018-09-29-06-00-16
1.0,113.33691469565811,23.150926218670342,2018-09-29-06-00-16
1.0,113.33142559913054,23.151186330113475,2018-09-29-06-00-16
1.0,113.33417009654103,23.15118119101109,2018-09-29-06-00-16
1.0,113.33466910464794,23.15118026352757,2018-09-29-06-00-16
1.0,113.33516811566004,23.151179338412124,2018-09-29-06-00-16
1.0,113.33641565659633,23.151177036625935,2018-09-29-06-00-16
1.0,113.33017810648062,23.151438586277386,2018-09-29-06-00-16
1.0,113.33042760057933,23.151438114640868,2018-09-29-06-00-16
1.0,113.33367107419848,23.151432022697957,2018-09-29-06-00-16
1.0,113.33516809861953,23.15142924034517,2018-09-29-06-00-16
1.0,113.33591662081403,23.151427857326127,2018-09-29-06-00-16
1.0,113.33641563955096,23.151426938558767,2018-09-29-06-00-16
1.0,113.32942961003099,23.151689905329242,2018-09-29-06-00-16
1.0,113.32992859584834,23.15168896025278,2018-09-29-06-00-16
1.0,113.326186223925,23.151945978425847,2018-09-29-06-00-16
1.0,113.32992856180806,23.15218876429291,2018-09-29-06-00-16
1.0,113.3356670615126,23.152178023701193,2018-09-29-06-00-16
1.0,113.32743363250596,23.152443404099216,2018-09-29-06-00-16
1.0,113.32793261182161,23.15244245427995,2018-09-29-06-00-16
1.0,113.33017803839606,23.15243819435758,2018-09-29-06-00-16
1.0,113.33317200345289,23.152432562701716,2018-09-29-06-00-16
1.0,113.33541753707962,23.152428386782727,2018-09-29-06-00-16
1.0,113.33741361875903,23.152424717327,2018-09-29-06-00-16
1.0,113.32768310497607,23.152692831173024,2018-09-29-06-00-16
1.0,113.32992852776712,23.15268856847136,2018-09-29-06-00-16
1.0,113.33042751546823,23.152687624827358,2018-09-29-06-00-16
1.0,113.33217398886445,23.152684334782233,2018-09-29-06-00-16
1.0,113.33541752003731,23.15267828888836,2018-09-29-06-00-16
1.0,113.33766311570206,23.152674163890335,2018-09-29-06-00-16
1.0,113.32493872012212,23.15294796954205,2018-09-29-06-00-16
2.0,113.32818206799422,23.152941784001484,2018-09-29-06-00-16
1.0,113.33217397183476,23.152934236923098,2018-09-29-06-00-16
1.0,113.33067697601402,23.153186957890505,2018-09-29-06-00-16
1.0,113.32518817281114,23.1534472971077,2018-09-29-06-00-16
2.0,113.33042746439956,23.153437331355132,2018-09-29-06-00-16
1.0,113.32718405831415,23.153693390249423,2018-09-29-06-00-16
1.0,113.33042744737634,23.153687233600706,2018-09-29-06-00-16
1.0,113.33042743035296,23.153937135881197,2018-09-29-06-00-16
1.0,113.33941033608399,23.14392444301523,2018-09-29-06-00-16
2.0,113.33965985755576,23.143923993719813,2018-09-29-06-00-16
1.0,113.34115700761997,23.143921315900812,2018-09-29-06-00-16
1.0,113.34140653629079,23.143920872701738,2018-09-29-06-00-16
1.0,113.3354180993825,23.144181636392755,2018-09-29-06-00-16
2.0,113.33941031903194,23.144174343974036,2018-09-29-06-00-16
4.0,113.33965984050276,23.144173894678577,2018-09-29-06-00-16
1.0,113.33990936296303,23.14417344621804,2018-09-29-06-00-16
1.0,113.34140651923121,23.144170773660207,2018-09-29-06-00-16
1.0,113.33541808234568,23.144431537385014,2018-09-29-06-00-16
1.0,113.340408393848,23.1444224528412,2018-09-29-06-00-16
1.0,113.3349190527534,23.144682362302625,2018-09-29-06-00-16
1.0,113.3354180653087,23.14468143841011,2018-09-29-06-00-16
1.0,113.33791317616105,23.144676858621835,2018-09-29-06-00-16
1.0,113.34240461071539,23.144668812185337,2018-09-29-06-00-16
1.0,113.34290368025671,23.144667936190622,2018-09-29-06-00-16
1.0,113.33516854161849,23.144931801106146,2018-09-29-06-00-16
1.0,113.3366655932919,23.144929040952785,2018-09-29-06-00-16
1.0,113.33891122785501,23.14492494809514,2018-09-29-06-00-16
1.0,113.3346695135231,23.145182627310565,2018-09-29-06-00-16
1.0,113.33491901868285,23.145182164451715,2018-09-29-06-00-16
1.0,113.33516852458216,23.145181702197124,2018-09-29-06-00-16
1.0,113.33941025082208,23.145173948137625,2018-09-29-06-00-16
1.0,113.33965977228911,23.145173498842,2018-09-29-06-00-16
1.0,113.34514951781463,23.1451638467262,2018-09-29-06-00-16
1.0,113.33516850754565,23.145431603321107,2018-09-29-06-00-16
1.0,113.33591702981033,23.145430220305077,2018-09-29-06-00-16
1.0,113.34065785112432,23.14542161125187,2018-09-29-06-00-16
1.0,113.34140643393079,23.145420278945373,2018-09-29-06-00-16
1.0,113.33591701277074,23.145680121461996,2018-09-29-06-00-16
1.0,113.33941021671615,23.145673750417224,2018-09-29-06-00-16
1.0,113.34090736060902,23.145671067406923,2018-09-29-06-00-16
1.0,113.3344199579884,23.145932794233005,2018-09-29-06-00-16
1.0,113.3448999203765,23.145913978366877,2018-09-29-06-00-16
1.0,113.33816258967839,23.14617581141045,2018-09-29-06-00-16
1.0,113.33965970407277,23.14617310353351,2018-09-29-06-00-16
1.0,113.33516843939798,23.146431208148226,2018-09-29-06-00-16
1.0,113.340408257394,23.146421661959387,2018-09-29-06-00-16
1.0,113.33516842236064,23.146681109438088,2018-09-29-06-00-16
1.0,113.3366654739932,23.14667834928297,2018-09-29-06-00-16
1.0,113.33891110849581,23.146674256422678,2018-09-29-06-00-16
1.0,113.34739537294601,23.14690935240624,2018-09-29-06-00-16
1.0,113.33516838828545,23.147180912117896,2018-09-29-06-00-16
1.0,113.33591691052968,23.147179529100985,2018-09-29-06-00-16
1.0,113.34340256667635,23.14741597760043,2018-09-29-06-00-16
1.0,113.33866152171944,23.147674313642167,2018-09-29-06-00-16
1.0,113.33866150466774,23.147924215098723,2018-09-29-06-00-16
1.0,113.33866148761588,23.148174116588912,2018-09-29-06-00-16
1.0,113.33941004617645,23.148172763811395,2018-09-29-06-00-16
1.0,113.33641584408443,23.14842811762003,2018-09-29-06-00-16
1.0,113.33741389153751,23.148426288314916,2018-09-29-06-00-16
1.0,113.3359168082826,23.14867893794445,2018-09-29-06-00-16
1.0,113.33691484907489,23.148677103121653,2018-09-29-06-00-16
1.0,113.33516826901709,23.148930222554103,2018-09-29-06-00-16
1.0,113.3394099950113,23.1489224684839,2018-09-29-06-00-16
1.0,113.33516825197809,23.14918012417995,2018-09-29-06-00-16
1.0,113.3471456610853,23.14915888370231,2018-09-29-06-00-16
1.0,113.33541774157442,23.149429564200897,2018-09-29-06-00-16
1.0,113.33516821789958,23.14967992753342,2018-09-29-06-00-16
1.0,113.34040803563344,23.149670381333106,2018-09-29-06-00-16
1.0,113.33466918983818,23.149930754376186,2018-09-29-06-00-16
1.0,113.33491867794065,23.150180193278395,2018-09-29-06-00-16
1.0,113.34140610975109,23.15016840662725,2018-09-29-06-00-16
1.0,113.33441965134966,23.150431021385863,2018-09-29-06-00-16
1.0,113.33491866090179,23.150430095074388,2018-09-29-06-00-16
1.0,113.3344196343126,23.15068092321613,2018-09-29-06-00-16
1.0,113.33466913872454,23.150680459764338,2018-09-29-06-00-16
1.0,113.33566716376785,23.15067861199975,2018-09-29-06-00-16
1.0,113.33616618091233,23.150677691914172,2018-09-29-06-00-16
1.0,113.33541763933002,23.150928974874386,2018-09-29-06-00-16
1.0,113.33566714672573,23.15092851386405,2018-09-29-06-00-16
1.0,113.33616616386826,23.150927593778384,2018-09-29-06-00-16
1.0,113.33641567364154,23.150927134727457,2018-09-29-06-00-16
1.0,113.33666518423375,23.15092667635405,2018-09-29-06-00-16
1.0,113.33691469565811,23.150926218670342,2018-09-29-06-00-16
1.0,113.33791274994041,23.15092439507563,2018-09-29-06-00-16
1.0,113.33466910464794,23.15118026352757,2018-09-29-06-00-16
1.0,113.33516811566004,23.151179338412124,2018-09-29-06-00-16
1.0,113.33641565659633,23.151177036625935,2018-09-29-06-00-16
1.0,113.34589775425907,23.151160204995012,2018-09-29-06-00-16
1.0,113.33516809861953,23.15142924034517,2018-09-29-06-00-16
1.0,113.33591662081403,23.151427857326127,2018-09-29-06-00-16
1.0,113.33641563955096,23.151426938558767,2018-09-29-06-00-16
1.0,113.34714547315207,23.151907803814517,2018-09-29-06-00-16
1.0,113.3356670615126,23.152178023701193,2018-09-29-06-00-16
1.0,113.33541753707962,23.152428386782727,2018-09-29-06-00-16
1.0,113.33741361875903,23.152424717327,2018-09-29-06-00-16
1.0,113.34090689996061,23.152418411324692,2018-09-29-06-00-16
1.0,113.34315268761571,23.152414448004436,2018-09-29-06-00-16
1.0,113.33541752003731,23.15267828888836,2018-09-29-06-00-16
1.0,113.33766311570206,23.152674163890335,2018-09-29-06-00-16
1.0,113.34864340665284,23.14365856656658,2018-09-29-06-00-16
1.0,113.3533854336621,23.14365099434277,2018-09-29-06-00-16
1.0,113.35638070451485,23.143646480141875,2018-09-29-06-00-16
1.0,113.35712956228252,23.14364538679872,2018-09-29-06-00-16
1.0,113.34764513744103,23.143910122045657,2018-09-29-06-00-16
1.0,113.35238703046365,23.144152348859606,2018-09-29-06-00-16
1.0,113.35513261016214,23.144148136050845,2018-09-29-06-00-16
1.0,113.3558814237666,23.144396919905688,2018-09-29-06-00-16
1.0,113.35338536525506,23.14465059823402,2018-09-29-06-00-16
1.0,113.3548829692406,23.144648313540927,2018-09-29-06-00-16
1.0,113.35588140665665,23.144646820927253,2018-09-29-06-00-16
1.0,113.35638063606982,23.144646084030988,2018-09-29-06-00-16
1.0,113.3568798727418,23.144645353521106,2018-09-29-06-00-16
1.0,113.34514951781463,23.1451638467262,2018-09-29-06-00-16
1.0,113.35638060184628,23.145145886172667,2018-09-29-06-00-16
1.0,113.35613095201694,23.14564605610165,2018-09-29-06-00-16
1.0,113.3448999203765,23.145913978366877,2018-09-29-06-00-16
1.0,113.35687975294577,23.146394661594954,2018-09-29-06-00-16
1.0,113.35613088356963,23.146645661047117,2018-09-29-06-00-16
1.0,113.34739537294601,23.14690935240624,2018-09-29-06-00-16
1.0,113.34764493244305,23.146908935710325,2018-09-29-06-00-16
1.0,113.35613086645739,23.146895562366705,2018-09-29-06-00-16
1.0,113.35388438871047,23.147148842718845,2018-09-29-06-00-16
1.0,113.35039014765535,23.14740423724607,2018-09-29-06-00-16
1.0,113.35063972473013,23.14740383583527,2018-09-29-06-00-16
1.0,113.35638043071859,23.147644898870464,2018-09-29-06-00-16
1.0,113.35712921998447,23.148643411540547,2018-09-29-06-00-16
1.0,113.3471456610853,23.14915888370231,2018-09-29-06-00-16
3.0,113.34839334595712,23.150906118652067,2018-09-29-06-00-16
1.0,113.35463293657475,23.150896226934986,2018-09-29-06-00-16
1.0,113.34589775425907,23.151160204995012,2018-09-29-06-00-16
1.0,113.35113862705816,23.15115156192903,2018-09-29-06-00-16
1.0,113.35163779210149,23.151150768635386,2018-09-29-06-00-16
1.0,113.34789416869124,23.151656651735873,2018-09-29-06-00-16
1.0,113.35014028150518,23.151652968753904,2018-09-29-06-00-16
1.0,113.34714547315207,23.151907803814517,2018-09-29-06-00-16
1.0,113.3526360900812,23.15189890472726,2018-09-29-06-00-16
1.0,113.35263607297661,23.15214880676072,2018-09-29-06-00-16
1.0,113.35538167108102,23.152144610323926,2018-09-29-06-00-16
1.0,113.34789411742581,23.15240635783879,2018-09-29-06-00-16
1.0,113.34889237514642,23.15240470823758,2018-09-29-06-00-16
1.0,113.34914194319337,23.152404298979484,2018-09-29-06-00-16
1.0,113.34989063911524,23.152652981030933,2018-09-29-06-00-16
1.0,113.34864277437548,23.152904923005366,2018-09-29-06-00-16
1.0,113.34989058782706,23.153402687548795,2018-09-29-06-00-16
1.0,113.32493872012212,23.15294796954205,2018-09-29-06-00-16
2.0,113.32818206799422,23.152941784001484,2018-09-29-06-00-16
1.0,113.33217397183476,23.152934236923098,2018-09-29-06-00-16
1.0,113.33067697601402,23.153186957890505,2018-09-29-06-00-16
1.0,113.32518817281114,23.1534472971077,2018-09-29-06-00-16
2.0,113.33042746439956,23.153437331355132,2018-09-29-06-00-16
1.0,113.32718405831415,23.153693390249423,2018-09-29-06-00-16
1.0,113.33042744737634,23.153687233600706,2018-09-29-06-00-16
1.0,113.33042743035296,23.153937135881197,2018-09-29-06-00-16
1.0,113.32568709584827,23.15419605068834,2018-09-29-06-00-16
1.0,113.32793249273047,23.15419176975862,2018-09-29-06-00-16
1.0,113.32868096445978,23.154190347004675,2018-09-29-06-00-16
1.0,113.3304274133294,23.15418703819666,2018-09-29-06-00-16
1.0,113.32493861811525,23.154447383126154,2018-09-29-06-00-16
1.0,113.33117588161754,23.15443552798284,2018-09-29-06-00-16
2.0,113.33192437178775,23.154434119197695,2018-09-29-06-00-16
1.0,113.33691445698292,23.15442484839477,2018-09-29-06-00-16
1.0,113.32843143946364,23.154690625712796,2018-09-29-06-00-16
1.0,113.3316748574734,23.154684490737655,2018-09-29-06-00-16
1.0,113.3324233510799,23.154683084656742,2018-09-29-06-00-16
1.0,113.33342135110945,23.154681216680768,2018-09-29-06-00-16
1.0,113.33591639923425,23.15467658560608,2018-09-29-06-00-16
1.0,113.33691443993344,23.15467475077926,2018-09-29-06-00-16
1.0,113.33741346530235,23.15467383752833,2018-09-29-06-00-16
1.0,113.32843142244761,23.154940528133846,2018-09-29-06-00-16
1.0,113.33117584756361,23.154935332788888,2018-09-29-06-00-16
1.0,113.33317183311055,23.154931585329702,2018-09-29-06-00-16
1.0,113.33566687402904,23.154926948395957,2018-09-29-06-00-16
1.0,113.32493856710957,23.155197090391102,2018-09-29-06-00-16
1.0,113.33192432069765,23.15518382645916,2018-09-29-06-00-16
1.0,113.33491833713171,23.15517823575807,2018-09-29-06-00-16
1.0,113.3321738015287,23.155433260252213,2018-09-29-06-00-16
1.0,113.33516782594873,23.155427675992186,2018-09-29-06-00-16
1.0,113.32493853310496,23.155696895410564,2018-09-29-06-00-16
1.0,113.3249385161024,23.155946797973318,2018-09-29-06-00-16
1.0,113.32518800278292,23.155946321150115,2018-09-29-06-00-16
1.0,113.32693439940145,23.156192890130765,2018-09-29-06-00-16
1.0,113.33292224762172,23.15618156470741,2018-09-29-06-00-16
1.0,113.32518796877528,23.156446126381848,2018-09-29-06-00-16
1.0,113.33042726010991,23.156436160618853,2018-09-29-06-00-16
1.0,113.33192423554416,23.156433339267398,2018-09-29-06-00-16
1.0,113.33466874680335,23.156428211424537,2018-09-29-06-00-16
1.0,113.33716383283085,23.156423611475027,2018-09-29-06-00-16
1.0,113.32518795177121,23.156696029050988,2018-09-29-06-00-16
1.0,113.3254374386671,23.156695552350985,2018-09-29-06-00-16
1.0,113.32568690878853,23.156944978491303,2018-09-29-06-00-16
1.0,113.33641526451052,23.156924789886872,2018-09-29-06-00-16
1.0,113.33666477507947,23.15692433151246,2018-09-29-06-00-16
1.0,113.33716379872712,23.156923416844894,2018-09-29-06-00-16
1.0,113.32593637915298,23.157194404815225,2018-09-29-06-00-16
1.0,113.32917974338469,23.157188230499806,2018-09-29-06-00-16
1.0,113.33017771495803,23.157186340367943,2018-09-29-06-00-16
1.0,113.32618584977384,23.157443831335165,2018-09-29-06-00-16
1.0,113.32643533767431,23.15744335525193,2018-09-29-06-00-16
1.0,113.33017769793331,23.157436243143177,2018-09-29-06-00-16
1.0,113.33042719200803,23.157435771505664,2018-09-29-06-00-16
1.0,113.32568685776874,23.157694686819298,2018-09-29-06-00-16
1.0,113.32618583276505,23.157693734146815,2018-09-29-06-00-16
1.0,113.32743327525037,23.157691355705367,2018-09-29-06-00-16
1.0,113.32893021756722,23.157688509453134,2018-09-29-06-00-16
1.0,113.33067666955557,23.157685203061945,2018-09-29-06-00-16
1.0,113.32543735363917,23.157945066231367,2018-09-29-06-00-16
1.0,113.33017766388336,23.157936048800963,2018-09-29-06-00-16
1.0,113.33317162867775,23.15793041713413,2018-09-29-06-00-16
1.0,113.32593631112155,23.158194016133724,2018-09-29-06-00-16
1.0,113.32843120122402,23.15818926283069,2018-09-29-06-00-16
1.0,113.33042714092987,23.158185480045987,2018-09-29-06-00-16
1.0,113.32568680674747,23.158444395469573,2018-09-29-06-00-16
1.0,113.32593629411328,23.158443919053006,2018-09-29-06-00-16
1.0,113.32843118420566,23.15843916574956,2018-09-29-06-00-16
1.0,113.33117560916745,23.158433970398214,2018-09-29-06-00-16
1.0,113.33616565246857,23.158424665906608,2018-09-29-06-00-16
1.0,113.32493832906329,23.158695728513514,2018-09-29-06-00-16
1.0,113.33242306151296,23.15893143062795,2018-09-29-06-00-16
1.0,113.335666584242,23.159175294963852,2018-09-29-06-00-16
1.0,113.32518776471545,23.15944496077242,2018-09-29-06-00-16
1.0,113.3314250201629,23.159683015498764,2018-09-29-06-00-16
1.0,113.33616556722069,23.15967418103526,2018-09-29-06-00-16
1.0,113.32493824403886,23.159945243832215,2018-09-29-06-00-16
1.0,113.33367049492212,23.159928709271902,2018-09-29-06-00-16
1.0,113.33641504285772,23.160173528287622,2018-09-29-06-00-16
1.0,113.32493821002792,23.160445050213465,2018-09-29-06-00-16
1.0,113.32543718357088,23.1604440966889,2018-09-29-06-00-16
1.0,113.32693411019207,23.16044123976712,2018-09-29-06-00-16
1.0,113.33416946607616,23.160427585893594,2018-09-29-06-00-16
1.0,113.32893001331571,23.16068734599644,2018-09-29-06-00-16
1.0,113.3304269706585,23.160684510856928,2018-09-29-06-00-16
1.0,113.33067646521994,23.16068403960177,2018-09-29-06-00-16
1.0,113.32843099699265,23.161188100243717,2018-09-29-06-00-16
1.0,113.32868048792906,23.161187626271172,2018-09-29-06-00-16
1.0,113.32942896322791,23.16118620618147,2018-09-29-06-00-16
1.0,113.3261855776133,23.161442280649695,2018-09-29-06-00-16
1.0,113.33067641413228,23.161433749553648,2018-09-29-06-00-16
1.0,113.33391989494723,23.161427663688286,2018-09-29-06-00-16
1.0,113.32618556060186,23.16169218404094,2018-09-29-06-00-16
1.0,113.3251875946473,23.161943993408826,2018-09-29-06-00-16
1.0,113.32693400810668,23.161940659784694,2018-09-29-06-00-16
1.0,113.32718349688537,23.161940184293197,2018-09-29-06-00-16
1.0,113.33441885042707,23.16217644533382,2018-09-29-06-00-16
1.0,113.33466835479389,23.16217598188011,2018-09-29-06-00-16
1.0,113.334668337748,23.162425885380195,2018-09-29-06-00-16
1.0,113.32843089486798,23.162687520919803,2018-09-29-06-00-16
1.0,113.33791252826445,23.154173122448462,2018-09-29-06-00-16
1.0,113.33691445698292,23.15442484839477,2018-09-29-06-00-16
1.0,113.34689574557277,23.154407244806933,2018-09-29-06-00-16
1.0,113.33591639923425,23.15467658560608,2018-09-29-06-00-16
1.0,113.33691443993344,23.15467475077926,2018-09-29-06-00-16
1.0,113.33741346530235,23.15467383752833,2018-09-29-06-00-16
1.0,113.33566687402904,23.154926948395957,2018-09-29-06-00-16
1.0,113.34664615604775,23.154907469869926,2018-09-29-06-00-16
1.0,113.33491833713171,23.15517823575807,2018-09-29-06-00-16
1.0,113.34689569431235,23.1551569520608,2018-09-29-06-00-16
1.0,113.3473948091062,23.155156115078164,2018-09-29-06-00-16
1.0,113.33516782594873,23.155427675992186,2018-09-29-06-00-16
1.0,113.34714523393502,23.155406435463657,2018-09-29-06-00-16
1.0,113.34464970945432,23.155660580412405,2018-09-29-06-00-16
1.0,113.33791240888877,23.155922439631897,2018-09-29-06-00-16
1.0,113.3444001487022,23.155910913304496,2018-09-29-06-00-16
1.0,113.347394757839,23.155905822649043,2018-09-29-06-00-16
1.0,113.33466874680335,23.156428211424537,2018-09-29-06-00-16
1.0,113.33716383283085,23.156423611475027,2018-09-29-06-00-16
1.0,113.34489920313328,23.156409858936662,2018-09-29-06-00-16
1.0,113.34340193499978,23.156662353015783,2018-09-29-06-00-16
1.0,113.34464964113566,23.156660190862922,2018-09-29-06-00-16
1.0,113.34514873222871,23.156659333426088,2018-09-29-06-00-16
1.0,113.34614692978097,23.156657631793877,2018-09-29-06-00-16
1.0,113.3471451484924,23.15665594843611,2018-09-29-06-00-16
1.0,113.33641526451052,23.156924789886872,2018-09-29-06-00-16
1.0,113.33666477507947,23.15692433151246,2018-09-29-06-00-16
1.0,113.33716379872712,23.156923416844894,2018-09-29-06-00-16
1.0,113.34664600226698,23.15715659322228,2018-09-29-06-00-16
1.0,113.33866083952127,23.15767039868828,2018-09-29-06-00-16
1.0,113.34489911772751,23.15765937262222,2018-09-29-06-00-16
1.0,113.34564776007441,23.157658091391248,2018-09-29-06-00-16
1.0,113.33616565246857,23.158424665906608,2018-09-29-06-00-16
1.0,113.34464950449035,23.15865941347567,2018-09-29-06-00-16
1.0,113.335666584242,23.159175294963852,2018-09-29-06-00-16
1.0,113.33816170292027,23.15917072210864,2018-09-29-06-00-16
1.0,113.33616556722069,23.15967418103526,2018-09-29-06-00-16
1.0,113.33641504285772,23.160173528287622,2018-09-29-06-00-16
1.0,113.3406567420214,23.161665257742,2018-09-29-06-00-16
1.0,113.34639614068463,23.16165527007069,2018-09-29-06-00-16
1.0,113.33990815170601,23.161916501428504,2018-09-29-06-00-16
1.0,113.33466835479389,23.16217598188011,2018-09-29-06-00-16
1.0,113.33866053244489,23.162168655437565,2018-09-29-06-00-16
1.0,113.334668337748,23.162425885380195,2018-09-29-06-00-16
1.0,113.34015764096766,23.162415860773415,2018-09-29-06-00-16
1.0,113.34639608941498,23.16240498045461,2018-09-29-06-00-16
1.0,113.34290245110239,23.162660899846266,2018-09-29-06-00-16
1.0,113.34989063911524,23.152652981030933,2018-09-29-06-00-16
1.0,113.34864277437548,23.152904923005366,2018-09-29-06-00-16
1.0,113.34989058782706,23.153402687548795,2018-09-29-06-00-16
1.0,113.34689574557277,23.154407244806933,2018-09-29-06-00-16
1.0,113.34864267182242,23.15440433656549,2018-09-29-06-00-16
1.0,113.35088882460465,23.154400688430233,2018-09-29-06-00-16
1.0,113.34664615604775,23.154907469869926,2018-09-29-06-00-16
1.0,113.35088879040357,23.154900493229576,2018-09-29-06-00-16
1.0,113.34689569431235,23.1551569520608,2018-09-29-06-00-16
1.0,113.3473948091062,23.155156115078164,2018-09-29-06-00-16
1.0,113.34714523393502,23.155406435463657,2018-09-29-06-00-16
1.0,113.34464970945432,23.155660580412405,2018-09-29-06-00-16
1.0,113.3444001487022,23.155910913304496,2018-09-29-06-00-16
1.0,113.347394757839,23.155905822649043,2018-09-29-06-00-16
1.0,113.34489920313328,23.156409858936662,2018-09-29-06-00-16
1.0,113.35113826794161,23.15639950976689,2018-09-29-06-00-16
1.0,113.34464964113566,23.156660190862922,2018-09-29-06-00-16
1.0,113.34514873222871,23.156659333426088,2018-09-29-06-00-16
1.0,113.34614692978097,23.156657631793877,2018-09-29-06-00-16
1.0,113.3471451484924,23.15665594843611,2018-09-29-06-00-16
1.0,113.34664600226698,23.15715659322228,2018-09-29-06-00-16
1.0,113.34864246669818,23.15740316748697,2018-09-29-06-00-16
1.0,113.34489911772751,23.15765937262222,2018-09-29-06-00-16
1.0,113.34564776007441,23.157658091391248,2018-09-29-06-00-16
1.0,113.34464950449035,23.15865941347567,2018-09-29-06-00-16
1.0,113.35138761019158,23.15989775299337,2018-09-29-06-00-16
1.0,113.35263552554112,23.16014569039523,2018-09-29-06-00-16
1.0,113.35088839704306,23.160648258653055,2018-09-29-06-00-16
1.0,113.35637948921625,23.161389530219157,2018-09-29-06-00-16
1.0,113.34639614068463,23.16165527007069,2018-09-29-06-00-16
1.0,113.34839259385836,23.161901835337353,2018-09-29-06-00-16
1.0,113.34639608941498,23.16240498045461,2018-09-29-06-00-16
1.0,113.3251875946473,23.161943993408826,2018-09-29-06-00-16
1.0,113.32693400810668,23.161940659784694,2018-09-29-06-00-16
1.0,113.32718349688537,23.161940184293197,2018-09-29-06-00-16
1.0,113.33441885042707,23.16217644533382,2018-09-29-06-00-16
1.0,113.33466835479389,23.16217598188011,2018-09-29-06-00-16
1.0,113.334668337748,23.162425885380195,2018-09-29-06-00-16
1.0,113.32843089486798,23.162687520919803,2018-09-29-06-00-16
1.0,113.32693392303095,23.163190177476118,2018-09-29-06-00-16
1.0,113.32768239034213,23.163188751680043,2018-09-29-06-00-16
1.0,113.32793188013282,23.163188276892107,2018-09-29-06-00-16
1.0,113.32793184609329,23.16368808422714,2018-09-29-06-00-16
1.0,113.32518745858081,23.163943222161286,2018-09-29-06-00-16
1.0,113.3266843835251,23.163940364236527,2018-09-29-06-00-16
1.0,113.32618539047823,23.16419121998069,2018-09-29-06-00-16
1.0,113.33391970747117,23.16417660300513,2018-09-29-06-00-16
1.0,113.32518742456251,23.164443029720207,2018-09-29-06-00-16
1.0,113.32618537346495,23.16444112377861,2018-09-29-06-00-16
1.0,113.32743281581386,23.16443874533158,2018-09-29-06-00-16
1.0,113.33391969042688,23.164426506801764,2018-09-29-06-00-16
1.0,113.33416919337196,23.164426042200393,2018-09-29-06-00-16
1.0,113.33391967338244,23.1646764106357,2018-09-29-06-00-16
1.0,113.33416917632654,23.164675946034286,2018-09-29-06-00-16
1.0,113.33441867997044,23.164675482000387,2018-09-29-06-00-16
1.0,113.33491768941084,23.164674555684147,2018-09-29-06-00-16
1.0,113.33591571727334,23.16467271040061,2018-09-29-06-00-16
1.0,113.32743278177671,23.164938553038954,2018-09-29-06-00-16
1.0,113.33367015408125,23.164926779663688,2018-09-29-06-00-16
1.0,113.33416915928095,23.16492584990553,2018-09-29-06-00-16
1.0,113.32643477626316,23.1656901672442,2018-09-29-06-00-16
1.0,113.33067612460722,23.165682112220082,2018-09-29-06-00-16
1.0,113.33441859473588,23.165925001731058,2018-09-29-06-00-16
1.0,113.32743269668089,23.166188072963042,2018-09-29-06-00-16
1.0,113.33566610684055,23.166172594560535,2018-09-29-06-00-16
1.0,113.32693370181457,23.166438927822952,2018-09-29-06-00-16
1.0,113.33741266369769,23.16641929019525,2018-09-29-06-00-16
2.0,113.33416903995709,23.16667517805481,2018-09-29-06-00-16
1.0,113.33441854359313,23.166674714020576,2018-09-29-06-00-16
1.0,113.33416902291016,23.166925082226875,2018-09-29-06-00-16
1.0,113.33591556379533,23.16692184659057,2018-09-29-06-00-16
1.0,113.32543672430336,23.167191497271283,2018-09-29-06-00-16
1.0,113.33516702473118,23.16717313382713,2018-09-29-06-00-16
1.0,113.3274326115809,23.167437593829238,2018-09-29-06-00-16
1.0,113.32967803018413,23.16743332843791,2018-09-29-06-00-16
1.0,113.3254366562534,23.16819111449632,2018-09-29-06-00-16
1.0,113.32917899431573,23.16818398717284,2018-09-29-06-00-16
1.0,113.33441840720513,23.168673948459578,2018-09-29-06-00-16
1.0,113.33691348489606,23.16866934201959,2018-09-29-06-00-16
1.0,113.32643455505142,23.168938922487502,2018-09-29-06-00-16
1.0,113.32643453803396,23.16918882700346,2018-09-29-06-00-16
1.0,113.33142437285336,23.16917936062055,2018-09-29-06-00-16
1.0,113.33242232886379,23.169677294075797,2018-09-29-06-00-16
1.0,113.33317075957034,23.170675511072325,2018-09-29-06-00-16
1.0,113.3306757668921,23.170930104652832,2018-09-29-06-00-16
1.0,113.33366974498409,23.17092448392463,2018-09-29-06-00-16
1.0,113.32643440188833,23.171188064515935,2018-09-29-06-00-16
1.0,113.33067574985621,23.17118000947633,2018-09-29-06-00-16
1.0,113.33092524488883,23.171179538614666,2018-09-29-06-00-16
1.0,113.33192321337712,23.171427564229152,2018-09-29-06-00-16
1.0,113.33292120818174,23.171425692291503,2018-09-29-06-00-16
1.0,113.32967772362673,23.17193161145578,2018-09-29-06-00-16
1.0,113.33990815170601,23.161916501428504,2018-09-29-06-00-16
1.0,113.33866053244489,23.162168655437565,2018-09-29-06-00-16
1.0,113.34015764096766,23.162415860773415,2018-09-29-06-00-16
1.0,113.34639608941498,23.16240498045461,2018-09-29-06-00-16
1.0,113.34290245110239,23.162660899846266,2018-09-29-06-00-16
1.0,113.33915950216529,23.163167366993044,2018-09-29-06-00-16
1.0,113.34315193630022,23.16341017415317,2018-09-29-06-00-16
1.0,113.34290238279061,23.16366051435818,2018-09-29-06-00-16
1.0,113.3386603788864,23.16441778826387,2018-09-29-06-00-16
1.0,113.33491768941084,23.164674555684147,2018-09-29-06-00-16
1.0,113.33591571727334,23.16467271040061,2018-09-29-06-00-16
1.0,113.33841081013398,23.165167952393606,2018-09-29-06-00-16
1.0,113.33566610684055,23.166172594560535,2018-09-29-06-00-16
1.0,113.33741266369769,23.16641929019525,2018-09-29-06-00-16
1.0,113.33591556379533,23.16692184659057,2018-09-29-06-00-16
1.0,113.33516702473118,23.16717313382713,2018-09-29-06-00-16
1.0,113.34115542045069,23.167162252562907,2018-09-29-06-00-16
1.0,113.3419039582249,23.167910638575496,2018-09-29-06-00-16
1.0,113.33691348489606,23.16866934201959,2018-09-29-06-00-16
1.0,113.34065624696301,23.168912472203544,2018-09-29-06-00-16
1.0,113.34240295474785,23.168909376378434,2018-09-29-06-00-16
1.0,113.34015718009312,23.169163269363956,2018-09-29-06-00-16
1.0,113.34065622988952,23.169162376717125,2018-09-29-06-00-16
1.0,113.34015716302135,23.16941317391596,2018-09-29-06-00-16
1.0,113.34040668740427,23.169412727157034,2018-09-29-06-00-16
1.0,113.34065621281587,23.169412281269043,2018-09-29-06-00-16
1.0,113.34639559373063,23.169652198156644,2018-09-29-06-00-16
1.0,113.34689470298154,23.169651356461745,2018-09-29-06-00-16
1.0,113.33965808314922,23.169913879218043,2018-09-29-06-00-16
1.0,113.34065617866806,23.169912090488122,2018-09-29-06-00-16
1.0,113.34564692274404,23.169903373951026,2018-09-29-06-00-16
1.0,113.34090567096904,23.17041145485596,2018-09-29-06-00-16
1.0,113.3384104176557,23.170915752727517,2018-09-29-06-00-16
1.0,113.34514775829389,23.170903845907194,2018-09-29-06-00-16
1.0,113.34739373217825,23.170900042997726,2018-09-29-06-00-16
1.0,113.34539728859856,23.171153323645065,2018-09-29-06-00-16
1.0,113.34639549115765,23.171151626501977,2018-09-29-06-00-16
1.0,113.34265231803937,23.171407984752108,2018-09-29-06-00-16
1.0,113.34190368496485,23.171909112949486,2018-09-29-06-00-16
1.0,113.34639614068463,23.16165527007069,2018-09-29-06-00-16
1.0,113.34839259385836,23.161901835337353,2018-09-29-06-00-16
1.0,113.34639608941498,23.16240498045461,2018-09-29-06-00-16
1.0,113.34964021166145,23.165148536971216,2018-09-29-06-00-16
1.0,113.3543823578537,23.165141069974887,2018-09-29-06-00-16
1.0,113.35238557648636,23.16539405572994,2018-09-29-06-00-16
1.0,113.35338391097127,23.165892311076433,2018-09-29-06-00-16
1.0,113.35687822910755,23.168636012996387,2018-09-29-06-00-16
1.0,113.34988952753376,23.16889669469963,2018-09-29-06-00-16
1.0,113.35463170419803,23.168889254540147,2018-09-29-06-00-16
1.0,113.35687821197823,23.168885917468856,2018-09-29-06-00-16
1.0,113.35737745585203,23.16888519342053,2018-09-29-06-00-16
1.0,113.34839209797956,23.16914905084848,2018-09-29-06-00-16
1.0,113.34988951042698,23.169146599211622,2018-09-29-06-00-16
1.0,113.35288450080581,23.169141840188015,2018-09-29-06-00-16
1.0,113.34939034993707,23.16939731584106,2018-09-29-06-00-16
1.0,113.34639559373063,23.169652198156644,2018-09-29-06-00-16
1.0,113.34689470298154,23.169651356461745,2018-09-29-06-00-16
1.0,113.34564692274404,23.169903373951026,2018-09-29-06-00-16
1.0,113.35313404243918,23.169891166506684,2018-09-29-06-00-16
1.0,113.34939029862035,23.1701470297229,2018-09-29-06-00-16
1.0,113.34839199536634,23.170648478729042,2018-09-29-06-00-16
1.0,113.34889112696891,23.170647656413138,2018-09-29-06-00-16
1.0,113.35063813418586,23.170644818849755,2018-09-29-06-00-16
1.0,113.35288439810138,23.170641268063857,2018-09-29-06-00-16
1.0,113.35612924002848,23.170636348030143,2018-09-29-06-00-16
1.0,113.34514775829389,23.170903845907194,2018-09-29-06-00-16
1.0,113.34739373217825,23.170900042997726,2018-09-29-06-00-16
1.0,113.35013896461726,23.170895527796784,2018-09-29-06-00-16
1.0,113.34539728859856,23.171153323645065,2018-09-29-06-00-16
1.0,113.34639549115765,23.171151626501977,2018-09-29-06-00-16
1.0,113.35138684026377,23.171143432332975,2018-09-29-06-00-16
1.0,113.3558795920491,23.1711365268756,2018-09-29-06-00-16
1.0,113.34988935645836,23.17139574155139,2018-09-29-06-00-16
1.0,113.35213557767368,23.171392153496594,2018-09-29-06-00-16
1.0,113.3551307444634,23.171387548882034,2018-09-29-06-00-16
1.0,113.35213556055766,23.171642058394042,2018-09-29-06-00-16
1.0,113.32643440188833,23.171188064515935,2018-09-29-06-00-16
1.0,113.33092524488883,23.171179538614666,2018-09-29-06-00-16
1.0,113.33192321337712,23.171427564229152,2018-09-29-06-00-16
1.0,113.33292120818174,23.171425692291503,2018-09-29-06-00-16
1.0,113.32967772362673,23.17193161145578,2018-09-29-06-00-16
1.0,113.32643431679192,23.17243758921967,2018-09-29-06-00-16
1.0,113.32668380491711,23.17243711331908,2018-09-29-06-00-16
1.0,113.32793125029367,23.172434737025853,2018-09-29-06-00-16
1.0,113.32818074041292,23.17243426249571,2018-09-29-06-00-16
1.0,113.32992718261677,23.17243094908421,2018-09-29-06-00-16
1.0,113.33267164038621,23.172425779384103,2018-09-29-06-00-16
1.0,113.33292114000005,23.172425312127945,2018-09-29-06-00-16
1.0,113.33466765577546,23.172422056194076,2018-09-29-06-00-16
1.0,113.33591518856989,23.17241974804195,2018-09-29-06-00-16
1.0,113.32618481193336,23.172687970363096,2018-09-29-06-00-16
1.0,113.32793123326783,23.17268464208328,2018-09-29-06-00-16
1.0,113.33042615312391,23.172679910490665,2018-09-29-06-00-16
1.0,113.33666370059188,23.17266827594652,2018-09-29-06-00-16
1.0,113.33766175107795,23.17266644945687,2018-09-29-06-00-16
1.0,113.32568582004163,23.172938828137436,2018-09-29-06-00-16
1.0,113.32643428275217,23.172937399374113,2018-09-29-06-00-16
1.0,113.3284301968555,23.172933598391037,2018-09-29-06-00-16
1.0,113.32892917903979,23.172932650738474,2018-09-29-06-00-16
1.0,113.32942816290185,23.172931704321005,2018-09-29-06-00-16
1.0,113.33092512562595,23.17292887346763,2018-09-29-06-00-16
1.0,113.33466762166982,23.17292186634578,2018-09-29-06-00-16
1.0,113.32693324227523,23.17318635290611,2018-09-29-06-00-16
1.0,113.32743222006737,23.173185402141613,2018-09-29-06-00-16
1.0,113.32768170946528,23.17318492710507,2018-09-29-06-00-16
1.0,113.32967763846231,23.173181136741714,2018-09-29-06-00-16
1.0,113.3366636664703,23.17316808617581,2018-09-29-06-00-16
1.0,113.33691317780853,23.17316762848837,2018-09-29-06-00-16
1.0,113.3256857860073,23.173438638448747,2018-09-29-06-00-16
1.0,113.32643424871178,23.173437209685176,2018-09-29-06-00-16
1.0,113.32668373683293,23.173436733784424,2018-09-29-06-00-16
1.0,113.32718271398515,23.173435782587763,2018-09-29-06-00-16
1.0,113.32743220304303,23.173435307316588,2018-09-29-06-00-16
1.0,113.32768169243994,23.17343483228,2018-09-29-06-00-16
1.0,113.33716267292924,23.17341707667614,2018-09-29-06-00-16
1.0,113.32867963665655,23.173682839940895,2018-09-29-06-00-16
1.0,113.32942811180472,23.17368141984498,2018-09-29-06-00-16
1.0,113.33691314368434,23.173667438874418,2018-09-29-06-00-16
1.0,113.32643421467071,23.173937020153293,2018-09-29-06-00-16
1.0,113.32743216899388,23.173935117784374,2018-09-29-06-00-16
1.0,113.32693317418502,23.174185973842125,2018-09-29-06-00-16
1.0,113.32718266291421,23.1741854983486,2018-09-29-06-00-16
1.0,113.32743215196905,23.1741850230773,2018-09-29-06-00-16
1.0,113.32843011171288,23.174183124461653,2018-09-29-06-00-16
1.0,113.33716262173931,23.174166792431986,2018-09-29-06-00-16
1.0,113.32892907685607,23.17443208214078,2018-09-29-06-00-16
1.0,113.32917856856464,23.17443160877123,2018-09-29-06-00-16
1.0,113.32618467577718,23.174687212236982,2018-09-29-06-00-16
1.0,113.3274321179189,23.174684833781477,2018-09-29-06-00-16
1.0,113.32818058716525,23.174683409424333,2018-09-29-06-00-16
1.0,113.32768159028443,23.174934264156008,2018-09-29-06-00-16
1.0,113.32867955150637,23.174932366601883,2018-09-29-06-00-16
1.0,113.33142396390222,23.17517708061075,2018-09-29-06-00-16
1.0,113.33666352997733,23.17516732866568,2018-09-29-06-00-16
1.0,113.33341993655623,23.17542324241698,2018-09-29-06-00-16
1.0,113.3261846076951,23.175686834121006,2018-09-29-06-00-16
1.0,113.32718256076781,23.175684930936225,2018-09-29-06-00-16
1.0,113.3274320498166,23.175684455664676,2018-09-29-06-00-16
1.0,113.33267141879017,23.175674548185718,2018-09-29-06-00-16
1.0,113.33292091839114,23.17567408092902,2018-09-29-06-00-16
1.0,113.3334199195064,23.175673147946274,2018-09-29-06-00-16
1.0,113.3351664448971,23.175669899867728,2018-09-29-06-00-16
1.0,113.32568561582568,23.17593769236977,2018-09-29-06-00-16
1.0,113.33067542614266,23.175928208551987,2018-09-29-06-00-16
1.0,113.33341990245641,23.17592305351532,2018-09-29-06-00-16
1.0,113.332421885717,23.176174827114455,2018-09-29-06-00-16
1.0,113.33267138469596,23.176174359363856,2018-09-29-06-00-16
1.0,113.33391888915746,23.176172028264027,2018-09-29-06-00-16
1.0,113.33666346172683,23.17616695086029,2018-09-29-06-00-16
1.0,113.32693302097226,23.17643512325983,2018-09-29-06-00-16
1.0,113.33441787860075,23.17642100527342,2018-09-29-06-00-16
1.0,113.33267135060109,23.17667417070143,2018-09-29-06-00-16
1.0,113.33391885505272,23.176671839601184,2018-09-29-06-00-16
1.0,113.3266834985173,23.176935410383017,2018-09-29-06-00-16
1.0,113.32967738294404,23.176929718507957,2018-09-29-06-00-16
1.0,113.33192283843209,23.176925481114534,2018-09-29-06-00-16
1.0,113.3324218345774,23.176924544180853,2018-09-29-06-00-16
1.0,113.33641390004581,23.17691712630232,2018-09-29-06-00-16
1.0,113.3374119470579,23.17691529697809,2018-09-29-06-00-16
1.0,113.33791097574218,23.17691438662432,2018-09-29-06-00-16
1.0,113.33117433148873,23.177176795679866,2018-09-29-06-00-16
1.0,113.33466733174492,23.177170259002498,2018-09-29-06-00-16
1.0,113.3379109586738,23.177164292392163,2018-09-29-06-00-16
1.0,113.32867938119355,23.17743142289968,2018-09-29-06-00-16
1.0,113.33566533931393,23.177418317028494,2018-09-29-06-00-16
1.0,113.33766142682258,23.177414653007908,2018-09-29-06-00-16
1.0,113.33791094160527,23.177414198200083,2018-09-29-06-00-16
1.0,113.33092480187125,23.177677077793255,2018-09-29-06-00-16
1.0,113.32643394231818,23.17793550960404,2018-09-29-06-00-16
1.0,113.33366926758258,23.177921833803264,2018-09-29-06-00-16
1.0,113.33666334228202,23.177916291237434,2018-09-29-06-00-16
1.0,113.33641381473127,23.17816665554408,2018-09-29-06-00-16
1.0,113.32718237348384,23.178433894405178,2018-09-29-06-00-16
1.0,113.33791087332945,23.17841382183356,2018-09-29-06-00-16
1.0,113.32693286774601,23.178684275910328,2018-09-29-06-00-16
1.0,113.33092473370469,23.178676701592448,2018-09-29-06-00-16
1.0,113.33441772510491,23.17867015791271,2018-09-29-06-00-16
1.0,113.33591476207921,23.178667386298898,2018-09-29-06-00-16
1.0,113.33641378060429,23.178666467522415,2018-09-29-06-00-16
1.0,113.33691280240578,23.178665551455996,2018-09-29-06-00-16
1.0,113.3371623145682,23.178665094469494,2018-09-29-06-00-16
1.0,113.33142370825897,23.178925667152253,2018-09-29-06-00-16
1.0,113.33192270206843,23.178924728390367,2018-09-29-06-00-16
1.0,113.33591474501742,23.178917292348714,2018-09-29-06-00-16
1.0,113.33666327402416,23.17891591519405,2018-09-29-06-00-16
1.0,113.32743181143753,23.17918313728692,2018-09-29-06-00-16
1.0,113.32942773704649,23.17917934459379,2018-09-29-06-00-16
1.0,113.32967722961509,23.17917887187808,2018-09-29-06-00-16
1.0,113.33092469962041,23.179176513734195,2018-09-29-06-00-16
1.0,113.33117419514764,23.179176043278776,2018-09-29-06-00-16
1.0,113.33666325695928,23.179165821284187,2018-09-29-06-00-16
1.0,113.33691276827425,23.179165363595743,2018-09-29-06-00-16
1.0,113.33691275120823,23.179415269726345,2018-09-29-06-00-16
1.0,113.33741177638592,23.179414356467106,2018-09-29-06-00-16
1.0,113.32718228834808,23.17968342486405,2018-09-29-06-00-16
1.0,113.32768126675239,23.17968247455422,2018-09-29-06-00-16
1.0,113.32818024656653,23.179681525232212,2018-09-29-06-00-16
1.0,113.33691273414205,23.1796651758975,2018-09-29-06-00-16
1.0,113.3379107879809,23.17966335228348,2018-09-29-06-00-16
1.0,113.32543585646698,23.17993666351303,2018-09-29-06-00-16
1.0,113.32793073944585,23.179931905976815,2018-09-29-06-00-16
1.0,113.3369127170757,23.179915082109265,2018-09-29-06-00-16
1.0,113.33716222923329,23.179914625122553,2018-09-29-06-00-16
1.0,113.33741174224953,23.179914168849855,2018-09-29-06-00-16
1.0,113.33766125613762,23.17991371330332,2018-09-29-06-00-16
1.0,113.32518635264566,23.180187046471254,2018-09-29-06-00-16
1.0,113.32743174332323,23.18018276205919,2018-09-29-06-00-16
1.0,113.32743172629424,23.180432668353916,2018-09-29-06-00-16
1.0,113.33341959552814,23.180421360616595,2018-09-29-06-00-16
1.0,113.33691266587564,23.180664800988744,2018-09-29-06-00-16
1.0,113.33791071969905,23.180662977374052,2018-09-29-06-00-16
1.0,113.3266832261166,23.18093390753728,2018-09-29-06-00-16
1.0,113.33341956142165,23.18092117332641,2018-09-29-06-00-16
1.0,113.3384104176557,23.170915752727517,2018-09-29-06-00-16
1.0,113.34514775829389,23.170903845907194,2018-09-29-06-00-16
1.0,113.34739373217825,23.170900042997726,2018-09-29-06-00-16
1.0,113.34539728859856,23.171153323645065,2018-09-29-06-00-16
1.0,113.34639549115765,23.171151626501977,2018-09-29-06-00-16
1.0,113.34265231803937,23.171407984752108,2018-09-29-06-00-16
1.0,113.34190368496485,23.171909112949486,2018-09-29-06-00-16
1.0,113.34439903824052,23.172154658178368,2018-09-29-06-00-16
1.0,113.33591518856989,23.17241974804195,2018-09-29-06-00-16
1.0,113.34140459042162,23.17240980658221,2018-09-29-06-00-16
1.0,113.33666370059188,23.17266827594652,2018-09-29-06-00-16
1.0,113.33766175107795,23.17266644945687,2018-09-29-06-00-16
1.0,113.34240269852988,23.172657948128155,2018-09-29-06-00-16
1.0,113.33816076451147,23.172915445688048,2018-09-29-06-00-16
1.0,113.34215314848564,23.172908292679818,2018-09-29-06-00-16
1.0,113.34614581887668,23.172901383921047,2018-09-29-06-00-16
1.0,113.34664492542164,23.17290053990599,2018-09-29-06-00-16
1.0,113.3366636664703,23.17316808617581,2018-09-29-06-00-16
1.0,113.33691317780853,23.17316762848837,2018-09-29-06-00-16
1.0,113.34389988635132,23.173155142316663,2018-09-29-06-00-16
1.0,113.34514760446498,23.173152990697208,2018-09-29-06-00-16
1.0,113.34539715185387,23.173152563613673,2018-09-29-06-00-16
1.0,113.3466449083235,23.173150445038512,2018-09-29-06-00-16
1.0,113.33716267292924,23.17341707667614,2018-09-29-06-00-16
1.0,113.33841024698539,23.173414802700982,2018-09-29-06-00-16
1.0,113.34215311432192,23.173408102985615,2018-09-29-06-00-16
1.0,113.34290171661047,23.173406787523465,2018-09-29-06-00-16
1.0,113.34464849640023,23.173403753311778,2018-09-29-06-00-16
1.0,113.34639533728689,23.173400771640992,2018-09-29-06-00-16
1.0,113.33691314368434,23.173667438874418,2018-09-29-06-00-16
1.0,113.338160713311,23.173665161207644,2018-09-29-06-00-16
1.0,113.34439893570071,23.173654088858804,2018-09-29-06-00-16
1.0,113.33965781000313,23.17391235855441,2018-09-29-06-00-16
1.0,113.34389983508564,23.17390485795113,2018-09-29-06-00-16
1.0,113.34589619921154,23.173901428413718,2018-09-29-06-00-16
1.0,113.34639530309154,23.17390058210239,2018-09-29-06-00-16
1.0,113.34714396895664,23.173899321317307,2018-09-29-06-00-16
1.0,113.33716262173931,23.174166792431986,2018-09-29-06-00-16
1.0,113.3389092317761,23.174163614203454,2018-09-29-06-00-16
1.0,113.3429016653553,23.174156503276397,2018-09-29-06-00-16
1.0,113.34664483992924,23.174150065961253,2018-09-29-06-00-16
1.0,113.3441493420573,23.174404236125525,2018-09-29-06-00-16
1.0,113.34489797288651,23.174402945129795,2018-09-29-06-00-16
1.0,113.34564661505229,23.1744016638902,2018-09-29-06-00-16
1.0,113.346145716296,23.174400815305944,2018-09-29-06-00-16
1.0,113.34639526889552,23.17440039272128,2018-09-29-06-00-16
1.0,113.33965775878347,23.174662074545385,2018-09-29-06-00-16
1.0,113.34414932496716,23.174654141494546,2018-09-29-06-00-16
1.0,113.34639525179726,23.174650298089915,2018-09-29-06-00-16
1.0,113.3473934756688,23.174648619403925,2018-09-29-06-00-16
1.0,113.34365022679006,23.174904912831135,2018-09-29-06-00-16
1.0,113.34414930787685,23.174904046903105,2018-09-29-06-00-16
1.0,113.34539703219347,23.174901900643754,2018-09-29-06-00-16
1.0,113.34564658086097,23.174901474667266,2018-09-29-06-00-16
1.0,113.34589613082598,23.17490104980976,2018-09-29-06-00-16
1.0,113.33666352997733,23.17516732866568,2018-09-29-06-00-16
1.0,113.34115487399349,23.175159207552902,2018-09-29-06-00-16
1.0,113.3426520617824,23.175156562345983,2018-09-29-06-00-16
1.0,113.34315113340082,23.17515568830905,2018-09-29-06-00-16
1.0,113.34439883315487,23.175153520954677,2018-09-29-06-00-16
1.0,113.34464837675763,23.175153090618736,2018-09-29-06-00-16
1.0,113.34539701509846,23.175151806091684,2018-09-29-06-00-16
1.0,113.34564656376506,23.175151380115157,2018-09-29-06-00-16
1.0,113.34589611372917,23.175150955257603,2018-09-29-06-00-16
1.0,113.34614566500338,23.175150531530637,2018-09-29-06-00-16
1.0,113.34764300086245,23.175148013558708,2018-09-29-06-00-16
1.0,113.33890914642261,23.17541314125096,2018-09-29-06-00-16
1.0,113.33965770756231,23.175411790892163,2018-09-29-06-00-16
1.0,113.34290157992668,23.175406030320513,2018-09-29-06-00-16
1.0,113.34464835966517,23.175402996106435,2018-09-29-06-00-16
1.0,113.3351664448971,23.175669899867728,2018-09-29-06-00-16
1.0,113.33841009336781,23.17566395103258,2018-09-29-06-00-16
1.0,113.3389091293514,23.175663046779334,2018-09-29-06-00-16
2.0,113.33965769048825,23.175661696420413,2018-09-29-06-00-16
1.0,113.34589607953504,23.17565076627227,2018-09-29-06-00-16
1.0,113.34514741643345,23.17590194975755,2018-09-29-06-00-16
1.0,113.34539696381242,23.17590152267354,2018-09-29-06-00-16
1.0,113.34564651247632,23.175901096696883,2018-09-29-06-00-16
1.0,113.34664472023285,23.175899404096015,2018-09-29-06-00-16
1.0,113.33666346172683,23.17616695086029,2018-09-29-06-00-16
1.0,113.33841005922874,23.176163762208795,2018-09-29-06-00-16
1.0,113.33940813499031,23.17616195689706,2018-09-29-06-00-16
1.0,113.33990717867866,23.176161059130262,2018-09-29-06-00-16
1.0,113.34015670202038,23.176160611511257,2018-09-29-06-00-16
1.0,113.3461455966109,23.176150153718797,2018-09-29-06-00-16
1.0,113.34065573468563,23.176409624509546,2018-09-29-06-00-16
1.0,113.34464829129362,23.176402618454734,2018-09-29-06-00-16
1.0,113.33841002508899,23.17666357354444,2018-09-29-06-00-16
1.0,113.33865954260824,23.176663121024298,2018-09-29-06-00-16
1.0,113.33890906106494,23.17666266929086,2018-09-29-06-00-16
1.0,113.33940810084293,23.176661768232375,2018-09-29-06-00-16
1.0,113.3401566678673,23.176660422846314,2018-09-29-06-00-16
1.0,113.34090524403308,23.176659085190636,2018-09-29-06-00-16
1.0,113.33641390004581,23.17691712630232,2018-09-29-06-00-16
1.0,113.3374119470579,23.17691529697809,2018-09-29-06-00-16
1.0,113.33791097574218,23.17691438662432,2018-09-29-06-00-16
1.0,113.3381604914249,23.17691393256699,2018-09-29-06-00-16
1.0,113.33841000801887,23.176913479272184,2018-09-29-06-00-16
1.0,113.33865952553715,23.176913026751997,2018-09-29-06-00-16
1.0,113.34040617514512,23.176909881813568,2018-09-29-06-00-16
1.0,113.34090522695347,23.176908990917955,2018-09-29-06-00-16
1.0,113.34315101378843,23.17690502756024,2018-09-29-06-00-16
1.0,113.34739332174503,23.176897769505597,2018-09-29-06-00-16
1.0,113.3379109586738,23.177164292392163,2018-09-29-06-00-16
1.0,113.33816047435558,23.177163838334796,2018-09-29-06-00-16
1.0,113.33865950846591,23.177162932519717,2018-09-29-06-00-16
1.0,113.33890902692069,23.177162480786198,2018-09-29-06-00-16
1.0,113.33940806669489,23.177161579727542,2018-09-29-06-00-16
1.0,113.34589597694867,23.17715020027199,2018-09-29-06-00-16
1.0,113.34614552821573,23.17714977654468,2018-09-29-06-00-16
1.0,113.3466446347304,23.17714893252816,2018-09-29-06-00-16
1.0,113.33566533931393,23.177418317028494,2018-09-29-06-00-16
1.0,113.33766142682258,23.177414653007908,2018-09-29-06-00-16
1.0,113.33791094160527,23.177414198200083,2018-09-29-06-00-16
1.0,113.33915852925266,23.17741193565916,2018-09-29-06-00-16
1.0,113.3394080496206,23.17741148553521,2018-09-29-06-00-16
1.0,113.3453968612358,23.177400956913406,2018-09-29-06-00-16
1.0,113.33915851217917,23.177661841506993,2018-09-29-06-00-16
1.0,113.34140423173496,23.177657821023846,2018-09-29-06-00-16
1.0,113.3448977506661,23.17765171802448,2018-09-29-06-00-16
1.0,113.33666334228202,23.177916291237434,2018-09-29-06-00-16
1.0,113.34165374427688,23.17790728462539,2018-09-29-06-00-16
1.0,113.34215280681832,23.177906402857108,2018-09-29-06-00-16
1.0,113.33641381473127,23.17816665554408,2018-09-29-06-00-16
1.0,113.34040608975396,23.178159411051958,2018-09-29-06-00-16
1.0,113.33791087332945,23.17841382183356,2018-09-29-06-00-16
1.0,113.34240230558919,23.178405775294376,2018-09-29-06-00-16
1.0,113.34265183966257,23.178405336802193,2018-09-29-06-00-16
1.0,113.33591476207921,23.178667386298898,2018-09-29-06-00-16
1.0,113.33641378060429,23.178666467522415,2018-09-29-06-00-16
1.0,113.33691280240578,23.178665551455996,2018-09-29-06-00-16
1.0,113.3371623145682,23.178665094469494,2018-09-29-06-00-16
1.0,113.3456463244047,23.178650060572473,2018-09-29-06-00-16
1.0,113.33591474501742,23.178917292348714,2018-09-29-06-00-16
1.0,113.33666327402416,23.17891591519405,2018-09-29-06-00-16
1.0,113.33840987145186,23.178912726539323,2018-09-29-06-00-16
1.0,113.3386593889625,23.178912274018803,2018-09-29-06-00-16
1.0,113.34015651417022,23.178909575838542,2018-09-29-06-00-16
1.0,113.33666325695928,23.179165821284187,2018-09-29-06-00-16
1.0,113.33691276827425,23.179165363595743,2018-09-29-06-00-16
1.0,113.33840985438023,23.17916263262917,2018-09-29-06-00-16
1.0,113.33940793009599,23.179160827315414,2018-09-29-06-00-16
1.0,113.33691275120823,23.179415269726345,2018-09-29-06-00-16
1.0,113.33741177638592,23.179414356467106,2018-09-29-06-00-16
1.0,113.33691273414205,23.1796651758975,2018-09-29-06-00-16
1.0,113.3379107879809,23.17966335228348,2018-09-29-06-00-16
1.0,113.33840982023648,23.179662444930422,2018-09-29-06-00-16
1.0,113.33890885618946,23.17966154067583,2018-09-29-06-00-16
1.0,113.3369127170757,23.179915082109265,2018-09-29-06-00-16
1.0,113.33716222923329,23.179914625122553,2018-09-29-06-00-16
1.0,113.33741174224953,23.179914168849855,2018-09-29-06-00-16
1.0,113.33766125613762,23.17991371330332,2018-09-29-06-00-16
1.0,113.33940787886866,23.179910545827674,2018-09-29-06-00-16
1.0,113.33965740020373,23.179910096526186,2018-09-29-06-00-16
1.0,113.33816026951055,23.180162710689462,2018-09-29-06-00-16
1.0,113.33890882204122,23.180161353139347,2018-09-29-06-00-16
1.0,113.33890880496683,23.180411259432155,2018-09-29-06-00-16
1.0,113.33965736604942,23.180409909070832,2018-09-29-06-00-16
1.0,113.33691266587564,23.180664800988744,2018-09-29-06-00-16
1.0,113.33791071969905,23.180662977374052,2018-09-29-06-00-16
1.0,113.3389087878923,23.18066116576573,2018-09-29-06-00-16
1.0,113.3438993736266,23.18065231478152,2018-09-29-06-00-16
1.0,113.33816021829553,23.180912429690622,2018-09-29-06-00-16
1.0,113.34389935653317,23.180902221155073,2018-09-29-06-00-16
1.0,113.34839199536634,23.170648478729042,2018-09-29-06-00-16
1.0,113.34889112696891,23.170647656413138,2018-09-29-06-00-16
1.0,113.35063813418586,23.170644818849755,2018-09-29-06-00-16
1.0,113.35288439810138,23.170641268063857,2018-09-29-06-00-16
1.0,113.35612924002848,23.170636348030143,2018-09-29-06-00-16
1.0,113.34514775829389,23.170903845907194,2018-09-29-06-00-16
1.0,113.34739373217825,23.170900042997726,2018-09-29-06-00-16
1.0,113.35013896461726,23.170895527796784,2018-09-29-06-00-16
1.0,113.34539728859856,23.171153323645065,2018-09-29-06-00-16
1.0,113.34639549115765,23.171151626501977,2018-09-29-06-00-16
1.0,113.35138684026377,23.171143432332975,2018-09-29-06-00-16
1.0,113.3558795920491,23.1711365268756,2018-09-29-06-00-16
1.0,113.34988935645836,23.17139574155139,2018-09-29-06-00-16
1.0,113.35213557767368,23.171392153496594,2018-09-29-06-00-16
1.0,113.3551307444634,23.171387548882034,2018-09-29-06-00-16
1.0,113.35213556055766,23.171642058394042,2018-09-29-06-00-16
1.0,113.34914059231805,23.172146676423658,2018-09-29-06-00-16
1.0,113.3513867718093,23.17214305200118,2018-09-29-06-00-16
1.0,113.3498892880235,23.17239536137628,2018-09-29-06-00-16
1.0,113.35488105221513,23.17263744924051,2018-09-29-06-00-16
1.0,113.34614581887668,23.172901383921047,2018-09-29-06-00-16
1.0,113.34664492542164,23.17290053990599,2018-09-29-06-00-16
1.0,113.34889097302216,23.17289680084688,2018-09-29-06-00-16
1.0,113.34514760446498,23.173152990697208,2018-09-29-06-00-16
1.0,113.34539715185387,23.173152563613673,2018-09-29-06-00-16
1.0,113.3466449083235,23.173150445038512,2018-09-29-06-00-16
1.0,113.3483918243309,23.173147528295786,2018-09-29-06-00-16
1.0,113.34464849640023,23.173403753311778,2018-09-29-06-00-16
1.0,113.34639533728689,23.173400771640992,2018-09-29-06-00-16
1.0,113.35013877640925,23.173644482960533,2018-09-29-06-00-16
1.0,113.35038835186273,23.17364408020932,2018-09-29-06-00-16
1.0,113.35063792884868,23.17364367879393,2018-09-29-06-00-16
1.0,113.34589619921154,23.173901428413718,2018-09-29-06-00-16
1.0,113.34639530309154,23.17390058210239,2018-09-29-06-00-16
1.0,113.34714396895664,23.173899321317307,2018-09-29-06-00-16
1.0,113.34839177301701,23.17389724392793,2018-09-29-06-00-16
1.0,113.34664483992924,23.174150065961253,2018-09-29-06-00-16
1.0,113.35587938650296,23.17413538774576,2018-09-29-06-00-16
1.0,113.34489797288651,23.174402945129795,2018-09-29-06-00-16
1.0,113.34564661505229,23.1744016638902,2018-09-29-06-00-16
1.0,113.346145716296,23.174400815305944,2018-09-29-06-00-16
1.0,113.34639526889552,23.17440039272128,2018-09-29-06-00-16
1.0,113.34839173880691,23.174397054546127,2018-09-29-06-00-16
1.0,113.34639525179726,23.174650298089915,2018-09-29-06-00-16
1.0,113.3473934756688,23.174648619403925,2018-09-29-06-00-16
1.0,113.34539703219347,23.174901900643754,2018-09-29-06-00-16
1.0,113.34564658086097,23.174901474667266,2018-09-29-06-00-16
1.0,113.34589613082598,23.17490104980976,2018-09-29-06-00-16
1.0,113.34464837675763,23.175153090618736,2018-09-29-06-00-16
1.0,113.34539701509846,23.175151806091684,2018-09-29-06-00-16
1.0,113.34564656376506,23.175151380115157,2018-09-29-06-00-16
1.0,113.34589611372917,23.175150955257603,2018-09-29-06-00-16
1.0,113.34614566500338,23.175150531530637,2018-09-29-06-00-16
1.0,113.34764300086245,23.175148013558708,2018-09-29-06-00-16
1.0,113.34464835966517,23.175402996106435,2018-09-29-06-00-16
1.0,113.34589607953504,23.17565076627227,2018-09-29-06-00-16
1.0,113.34514741643345,23.17590194975755,2018-09-29-06-00-16
1.0,113.34539696381242,23.17590152267354,2018-09-29-06-00-16
1.0,113.34564651247632,23.175901096696883,2018-09-29-06-00-16
1.0,113.34664472023285,23.175899404096015,2018-09-29-06-00-16
1.0,113.34889076773871,23.175895665032236,2018-09-29-06-00-16
1.0,113.3461455966109,23.176150153718797,2018-09-29-06-00-16
1.0,113.34464829129362,23.176402618454734,2018-09-29-06-00-16
1.0,113.34963944184173,23.17639425234771,2018-09-29-06-00-16
1.0,113.34988901425724,23.176393846958007,2018-09-29-06-00-16
1.0,113.34739332174503,23.176897769505597,2018-09-29-06-00-16
1.0,113.34589597694867,23.17715020027199,2018-09-29-06-00-16
1.0,113.34614552821573,23.17714977654468,2018-09-29-06-00-16
1.0,113.3466446347304,23.17714893252816,2018-09-29-06-00-16
1.0,113.3453968612358,23.177400956913406,2018-09-29-06-00-16
1.0,113.3448977506661,23.17765171802448,2018-09-29-06-00-16
1.0,113.34963935628525,23.17764378117717,2018-09-29-06-00-16
1.0,113.349389751148,23.17814399968199,2018-09-29-06-00-16
1.0,113.3456463244047,23.178650060572473,2018-09-29-06-00-16
