count,wgs_lng,wgs_lat,time
1.0,113.32718472158722,23.14394722797085,2018-10-02-06-00-10
1.0,113.33092710092825,23.14394012923361,2018-10-02-06-00-10
1.0,113.33142609280364,23.14393918875439,2018-10-02-06-00-10
1.0,113.32618675100136,23.14419903209564,2018-10-02-06-00-10
1.0,113.3281826633745,23.144195229323355,2018-10-02-06-00-10
1.0,113.3359171150058,23.144180715015278,2018-10-02-06-00-10
21.0,113.33716466816362,23.144178423214782,2018-10-02-06-00-10
1.0,113.3274341767543,23.14444655465895,2018-10-02-06-00-10
1.0,113.33716465112002,23.14442832420675,2018-10-02-06-00-10
1.0,113.33292303105131,23.144686081062872,2018-10-02-06-00-10
1.0,113.33691512178243,23.144678682212348,2018-10-02-06-00-10
1.0,113.32468977753754,23.144951594858032,2018-10-02-06-00-10
1.0,113.3251887507827,23.144950641104295,2018-10-02-06-00-10
1.0,113.32618670000096,23.14494873517559,2018-10-02-06-00-10
1.0,113.33616657287986,23.14492995837511,2018-10-02-06-00-10
1.0,113.3366655932919,23.144929040952785,2018-10-02-06-00-10
1.0,113.32668565918588,23.14519768429077,2018-10-02-06-00-10
1.0,113.32718463656636,23.145196733103457,2018-10-02-06-00-10
1.0,113.32918056018305,23.145192938232437,2018-10-02-06-00-10
1.0,113.33591704684976,23.145180319181218,2018-10-02-06-00-10
1.0,113.33616655583963,23.14517985946592,2018-10-02-06-00-10
1.0,113.33641606563523,23.145179400415955,2018-10-02-06-00-10
1.0,113.33666557624973,23.14517894204351,2018-10-02-06-00-10
1.0,113.33691508769633,23.145178484360766,2018-10-02-06-00-10
1.0,113.33616653879923,23.145429760589735,2018-10-02-06-00-10
1.0,113.33691507065302,23.145428385484458,2018-10-02-06-00-10
1.0,113.32618664899906,23.145698438552078,2018-10-02-06-00-10
1.0,113.32918052615744,23.14569274051546,2018-10-02-06-00-10
1.0,113.33392096828496,23.14568382167169,2018-10-02-06-00-10
1.0,113.32843203491991,23.14594406271507,2018-10-02-06-00-10
1.0,113.32893101732134,23.145943115071454,2018-10-02-06-00-10
1.0,113.33017848089803,23.14594075158222,2018-10-02-06-00-10
1.0,113.3309269647725,23.145939337836428,2018-10-02-06-00-10
1.0,113.33142595663196,23.145938397356545,2018-10-02-06-00-10
1.0,113.33367144892162,23.145934188015598,2018-10-02-06-00-10
1.0,113.3344199579884,23.145932794233005,2018-10-02-06-00-10
1.0,113.32893098329674,23.14644291755344,2018-10-02-06-00-10
1.0,113.32918047511778,23.14644244418853,2018-10-02-06-00-10
1.0,113.3294299673716,23.146441971144753,2018-10-02-06-00-10
1.0,113.33092693073189,23.146439140317753,2018-10-02-06-00-10
1.0,113.32518863180427,23.146699949447857,2018-10-02-06-00-10
1.0,113.33516842236064,23.146681109438088,2018-10-02-06-00-10
1.0,113.3359169446107,23.14667972642143,2018-10-02-06-00-10
1.0,113.33192488260619,23.14693706370077,2018-10-02-06-00-10
1.0,113.33342187914182,23.146934258806255,2018-10-02-06-00-10
1.0,113.33691496838969,23.146927792922884,2018-10-02-06-00-10
1.0,113.32618654699077,23.147197846200793,2018-10-02-06-00-10
1.0,113.32668552316,23.14719689422284,2018-10-02-06-00-10
1.0,113.32718450052433,23.147195943034863,2018-10-02-06-00-10
1.0,113.3289309322586,23.14719262152623,2018-10-02-06-00-10
1.0,113.33192486558133,23.147186965057912,2018-10-02-06-00-10
1.0,113.33292286077054,23.147185093136404,2018-10-02-06-00-10
1.0,113.33741397677203,23.14717678103078,2018-10-02-06-00-10
1.0,113.3319248485563,23.14743686644852,2018-10-02-06-00-10
1.0,113.33317234408753,23.147434527780966,2018-10-02-06-00-10
1.0,113.33367132970028,23.14768349728057,2018-10-02-06-00-10
1.0,113.33566736826032,23.147679792283235,2018-10-02-06-00-10
1.0,113.33591687644798,23.14767933191438,2018-10-02-06-00-10
1.0,113.33067733348065,23.147939019420264,2018-10-02-06-00-10
1.0,113.3359168594069,23.147929233371396,2018-10-02-06-00-10
1.0,113.33042782184872,23.148189392164873,2018-10-02-06-00-10
1.0,113.3294298312505,23.1484411824081,2018-10-02-06-00-10
1.0,113.33441977060448,23.148681709528176,2018-10-02-06-00-10
1.0,113.33566728305804,23.148929299905383,2018-10-02-06-00-10
1.0,113.32668538712345,23.14919610629619,2018-10-02-06-00-10
1.0,113.33042775376883,23.149188998468528,2018-10-02-06-00-10
1.0,113.33117623914355,23.149187585906827,2018-10-02-06-00-10
1.0,113.33117622212016,23.149437487567244,2018-10-02-06-00-10
1.0,113.33317220784168,23.149433740115377,2018-10-02-06-00-10
1.0,113.3329226904731,23.14968410855568,2018-10-02-06-00-10
1.0,113.33441970245988,23.149681316099986,2018-10-02-06-00-10
1.0,113.326685336107,23.149945811381638,2018-10-02-06-00-10
1.0,113.32768329209358,23.149943909892762,2018-10-02-06-00-10
1.0,113.33267317373952,23.149934477536206,2018-10-02-06-00-10
1.0,113.33591672307212,23.149928446242868,2018-10-02-06-00-10
2.0,113.33591670602952,23.150178348004555,2018-10-02-06-00-10
1.0,113.33616621499996,23.150177888288418,2018-10-02-06-00-10
1.0,113.32668530209521,23.15044561494222,2018-10-02-06-00-10
1.0,113.33192464424292,23.15043568576598,2018-10-02-06-00-10
1.0,113.33591668898676,23.15042824980038,2018-10-02-06-00-10
1.0,113.33616619795623,23.1504277900842,2018-10-02-06-00-10
1.0,113.3366652183256,23.150426872660034,2018-10-02-06-00-10
1.0,113.33716424202352,23.15042595799465,2018-10-02-06-00-10
1.0,113.33117613700075,23.150686996379935,2018-10-02-06-00-10
1.0,113.33666520127977,23.150676774489924,2018-10-02-06-00-10
1.0,113.33466912168632,23.150930361628802,2018-10-02-06-00-10
1.0,113.33566714672573,23.15092851386405,2018-10-02-06-00-10
1.0,113.33691469565811,23.150926218670342,2018-10-02-06-00-10
1.0,113.33741372105597,23.150925305420667,2018-10-02-06-00-10
1.0,113.32942964406658,23.15119010142683,2018-10-02-06-00-10
1.0,113.32818217007389,23.1514423716716,2018-10-02-06-00-10
1.0,113.32893064301413,23.151440949771175,2018-10-02-06-00-10
1.0,113.32992861286823,23.151439058284453,2018-10-02-06-00-10
1.0,113.33017810648062,23.151438586277386,2018-10-02-06-00-10
1.0,113.32818215306104,23.151692273640215,2018-10-02-06-00-10
1.0,113.32942961003099,23.151689905329242,2018-10-02-06-00-10
1.0,113.32942959301293,23.151939807332127,2018-10-02-06-00-10
1.0,113.33392054243652,23.151931361513302,2018-10-02-06-00-10
1.0,113.32992852776712,23.15268856847136,2018-10-02-06-00-10
1.0,113.33217398886445,23.152684334782233,2018-10-02-06-00-10
1.0,113.32693456950214,23.15369386573956,2018-10-02-06-00-10
1.0,113.32793250974399,23.153941867442736,2018-10-02-06-00-10
1.0,113.32818199993777,23.153941392915655,2018-10-02-06-00-10
1.0,113.3421551288365,23.14391954866468,2018-10-02-06-00-10
1.0,113.3359171150058,23.144180715015278,2018-10-02-06-00-10
21.0,113.33716466816362,23.144178423214782,2018-10-02-06-00-10
1.0,113.34190557982471,23.144169890030145,2018-10-02-06-00-10
1.0,113.34215511177412,23.144169449623018,2018-10-02-06-00-10
1.0,113.33716465112002,23.14442832420675,2018-10-02-06-00-10
1.0,113.34065791935375,23.14442200695744,2018-10-02-06-00-10
1.0,113.33691512178243,23.144678682212348,2018-10-02-06-00-10
1.0,113.34390183333142,23.144666196175642,2018-10-02-06-00-10
1.0,113.33616657287986,23.14492995837511,2018-10-02-06-00-10
1.0,113.3366655932919,23.144929040952785,2018-10-02-06-00-10
1.0,113.34015883526011,23.144922701677384,2018-10-02-06-00-10
1.0,113.33591704684976,23.145180319181218,2018-10-02-06-00-10
1.0,113.33616655583963,23.14517985946592,2018-10-02-06-00-10
1.0,113.33641606563523,23.145179400415955,2018-10-02-06-00-10
1.0,113.33666557624973,23.14517894204351,2018-10-02-06-00-10
1.0,113.33691508769633,23.145178484360766,2018-10-02-06-00-10
1.0,113.33616653879923,23.145429760589735,2018-10-02-06-00-10
1.0,113.33691507065302,23.145428385484458,2018-10-02-06-00-10
1.0,113.34065785112432,23.14542161125187,2018-10-02-06-00-10
1.0,113.34140643393079,23.145420278945373,2018-10-02-06-00-10
1.0,113.34564859700285,23.145412894798298,2018-10-02-06-00-10
1.0,113.3344199579884,23.145932794233005,2018-10-02-06-00-10
1.0,113.3406578170086,23.145921413597225,2018-10-02-06-00-10
1.0,113.33891112554763,23.146424355133448,2018-10-02-06-00-10
1.0,113.3416558954292,23.14641944148754,2018-10-02-06-00-10
1.0,113.34190542626416,23.146419000137463,2018-10-02-06-00-10
1.0,113.33516842236064,23.146681109438088,2018-10-02-06-00-10
1.0,113.3359169446107,23.14667972642143,2018-10-02-06-00-10
1.0,113.33691496838969,23.146927792922884,2018-10-02-06-00-10
1.0,113.33841205524048,23.146925061988817,2018-10-02-06-00-10
1.0,113.33741397677203,23.14717678103078,2018-10-02-06-00-10
1.0,113.34614757890503,23.147161355007754,2018-10-02-06-00-10
1.0,113.33866153877096,23.147424412219173,2018-10-02-06-00-10
1.0,113.3411567687837,23.147419932323476,2018-10-02-06-00-10
1.0,113.33566736826032,23.147679792283235,2018-10-02-06-00-10
1.0,113.33591687644798,23.14767933191438,2018-10-02-06-00-10
1.0,113.3359168594069,23.147929233371396,2018-10-02-06-00-10
1.0,113.34015863058242,23.14792151694984,2018-10-02-06-00-10
1.0,113.33816245328346,23.148175022394227,2018-10-02-06-00-10
1.0,113.34489974963107,23.14841299208599,2018-10-02-06-00-10
1.0,113.33441977060448,23.148681709528176,2018-10-02-06-00-10
1.0,113.33566728305804,23.148929299905383,2018-10-02-06-00-10
1.0,113.33441970245988,23.149681316099986,2018-10-02-06-00-10
1.0,113.33591672307212,23.149928446242868,2018-10-02-06-00-10
1.0,113.34315285832407,23.149915428857053,2018-10-02-06-00-10
1.0,113.34340239597553,23.14991499333971,2018-10-02-06-00-10
1.0,113.34365193481011,23.14991455883598,2018-10-02-06-00-10
2.0,113.33591670602952,23.150178348004555,2018-10-02-06-00-10
1.0,113.33616621499996,23.150177888288418,2018-10-02-06-00-10
1.0,113.34265376945108,23.150166204645934,2018-10-02-06-00-10
1.0,113.3461473739446,23.15016017389047,2018-10-02-06-00-10
1.0,113.34639692663059,23.150159751309985,2018-10-02-06-00-10
1.0,113.33591668898676,23.15042824980038,2018-10-02-06-00-10
1.0,113.33616619795623,23.1504277900842,2018-10-02-06-00-10
1.0,113.3366652183256,23.150426872660034,2018-10-02-06-00-10
1.0,113.33716424202352,23.15042595799465,2018-10-02-06-00-10
1.0,113.34265375238267,23.15041610644062,2018-10-02-06-00-10
1.0,113.34539870669238,23.150411350232844,2018-10-02-06-00-10
1.0,113.34739513376351,23.150407974434767,2018-10-02-06-00-10
1.0,113.33666520127977,23.150676774489924,2018-10-02-06-00-10
1.0,113.34440050731561,23.15066296690745,2018-10-02-06-00-10
1.0,113.34739511667779,23.150657876262827,2018-10-02-06-00-10
1.0,113.33466912168632,23.150930361628802,2018-10-02-06-00-10
1.0,113.33566714672573,23.15092851386405,2018-10-02-06-00-10
1.0,113.33691469565811,23.150926218670342,2018-10-02-06-00-10
1.0,113.33741372105597,23.150925305420667,2018-10-02-06-00-10
1.0,113.33791274994041,23.15092439507563,2018-10-02-06-00-10
1.0,113.34664642940233,23.150909035367867,2018-10-02-06-00-10
1.0,113.33916032103896,23.151172034455023,2018-10-02-06-00-10
1.0,113.34639685830153,23.151159358691515,2018-10-02-06-00-10
1.0,113.34664641231893,23.151158937264604,2018-10-02-06-00-10
1.0,113.34190508497005,23.15141703231167,2018-10-02-06-00-10
1.0,113.34215459982512,23.151666493869584,2018-10-02-06-00-10
1.0,113.33816218046152,23.15217345085772,2018-10-02-06-00-10
1.0,113.34090691702383,23.15216850925463,2018-10-02-06-00-10
1.0,113.34440037070968,23.152662182773593,2018-10-02-06-00-10
1.0,113.34739494581139,23.153156896436165,2018-10-02-06-00-10
1.0,113.34789469834583,23.143909706561534,2018-10-02-06-00-10
1.0,113.35213745941276,23.143902839650895,2018-10-02-06-00-10
1.0,113.35538223573559,23.143897861159015,2018-10-02-06-00-10
1.0,113.35613107179327,23.14389674871998,2018-10-02-06-00-10
1.0,113.35712954516922,23.143895287721726,2018-10-02-06-00-10
1.0,113.35538221862753,23.14414776211505,2018-10-02-06-00-10
1.0,113.35563182886179,23.144147389733547,2018-10-02-06-00-10
1.0,113.35663027060504,23.14439581695106,2018-10-02-06-00-10
1.0,113.3526365689417,23.144901661602717,2018-10-02-06-00-10
1.0,113.35588138954652,23.14489672198171,2018-10-02-06-00-10
1.0,113.35388452554818,23.145149632823802,2018-10-02-06-00-10
1.0,113.34564859700285,23.145412894798298,2018-10-02-06-00-10
1.0,113.35613086645739,23.146895562366705,2018-10-02-06-00-10
1.0,113.34614757890503,23.147161355007754,2018-10-02-06-00-10
1.0,113.3568796502569,23.147894069812903,2018-10-02-06-00-10
1.0,113.35712927133346,23.147893706978508,2018-10-02-06-00-10
1.0,113.34489974963107,23.14841299208599,2018-10-02-06-00-10
1.0,113.3548827126182,23.148396832845815,2018-10-02-06-00-10
1.0,113.35513231931284,23.14839645736563,2018-10-02-06-00-10
1.0,113.35413388585553,23.14864786999613,2018-10-02-06-00-10
1.0,113.3461473739446,23.15016017389047,2018-10-02-06-00-10
1.0,113.34639692663059,23.150159751309985,2018-10-02-06-00-10
1.0,113.35638025957411,23.150143914925284,2018-10-02-06-00-10
1.0,113.34539870669238,23.150411350232844,2018-10-02-06-00-10
1.0,113.34739513376351,23.150407974434767,2018-10-02-06-00-10
1.0,113.35488257573749,23.150396046233674,2018-10-02-06-00-10
1.0,113.34440050731561,23.15066296690745,2018-10-02-06-00-10
1.0,113.34739511667779,23.150657876262827,2018-10-02-06-00-10
1.0,113.34764467616165,23.15065745956626,2018-10-02-06-00-10
1.0,113.34664642940233,23.150909035367867,2018-10-02-06-00-10
1.0,113.34639685830153,23.151159358691515,2018-10-02-06-00-10
1.0,113.34664641231893,23.151158937264604,2018-10-02-06-00-10
1.0,113.35687942774364,23.151142791787578,2018-10-02-06-00-10
1.0,113.34864287692253,23.151405510696232,2018-10-02-06-00-10
1.0,113.34764459072615,23.15190696922114,2018-10-02-06-00-10
1.0,113.3501402644091,23.151902870753275,2018-10-02-06-00-10
1.0,113.34889239223854,23.152154806168888,2018-10-02-06-00-10
1.0,113.34440037070968,23.152662182773593,2018-10-02-06-00-10
1.0,113.34989063911524,23.152652981030933,2018-10-02-06-00-10
1.0,113.34739494581139,23.153156896436165,2018-10-02-06-00-10
1.0,113.32693456950214,23.15369386573956,2018-10-02-06-00-10
1.0,113.32793250974399,23.153941867442736,2018-10-02-06-00-10
1.0,113.32818199993777,23.153941392915655,2018-10-02-06-00-10
1.0,113.337413499405,23.154174032794593,2018-10-02-06-00-10
1.0,113.33192437178775,23.154434119197695,2018-10-02-06-00-10
1.0,113.33541740073642,23.15442760460233,2018-10-02-06-00-10
1.0,113.32543757470309,23.154696331989975,2018-10-02-06-00-10
1.0,113.33516787707777,23.154677968626753,2018-10-02-06-00-10
1.0,113.33641541794591,23.154675666837633,2018-10-02-06-00-10
1.0,113.33716395218865,23.154674293796788,2018-10-02-06-00-10
1.0,113.33267283311108,23.15493251933007,2018-10-02-06-00-10
1.0,113.33491833713171,23.15517823575807,2018-10-02-06-00-10
1.0,113.33666489442608,23.155175013338155,2018-10-02-06-00-10
1.0,113.3314253096708,23.15543466770416,2018-10-02-06-00-10
1.0,113.32518798577918,23.156196223748243,2018-10-02-06-00-10
1.0,113.33491826896191,23.15617784593182,2018-10-02-06-00-10
1.0,113.32668489390174,23.15644326846453,2018-10-02-06-00-10
1.0,113.33591626286344,23.15667580595314,2018-10-02-06-00-10
1.0,113.3366647921295,23.15667442880965,2018-10-02-06-00-10
1.0,113.33117571134123,23.15693455342541,2018-10-02-06-00-10
1.0,113.3256868917821,23.157194881231586,2018-10-02-06-00-10
1.0,113.32593637915298,23.157194404815225,2018-10-02-06-00-10
1.0,113.32818177873592,23.157190125769777,2018-10-02-06-00-10
1.0,113.32917972636398,23.157438133275207,2018-10-02-06-00-10
1.0,113.33466867863413,23.157427822308517,2018-10-02-06-00-10
1.0,113.33666474097895,23.157424137025068,2018-10-02-06-00-10
1.0,113.32568685776874,23.157694686819298,2018-10-02-06-00-10
1.0,113.3271837861289,23.15769183097394,2018-10-02-06-00-10
1.0,113.33641521336237,23.15767449820951,2018-10-02-06-00-10
1.0,113.33242312965069,23.157931818883057,2018-10-02-06-00-10
1.0,113.33616568656656,23.157924860107364,2018-10-02-06-00-10
1.0,113.32518784974329,23.158195445815064,2018-10-02-06-00-10
1.0,113.3254373366331,23.158194969114817,2018-10-02-06-00-10
1.0,113.32493834606768,23.158445825558086,2018-10-02-06-00-10
1.0,113.32518783273805,23.15844534873447,2018-10-02-06-00-10
1.0,113.32593629411328,23.158443919053006,2018-10-02-06-00-10
1.0,113.32967864313696,23.158436798976858,2018-10-02-06-00-10
1.0,113.3296786261134,23.1586867019315,2018-10-02-06-00-10
1.0,113.33242307854763,23.158681527637736,2018-10-02-06-00-10
1.0,113.32518779872709,23.158945154681273,2018-10-02-06-00-10
1.0,113.33416956832923,23.158928167194304,2018-10-02-06-00-10
1.0,113.33142505422515,23.159183209337346,2018-10-02-06-00-10
1.0,113.33441905495297,23.15917760618733,2018-10-02-06-00-10
1.0,113.33416953424553,23.159427973282465,2018-10-02-06-00-10
1.0,113.3314250201629,23.159683015498764,2018-10-02-06-00-10
1.0,113.33192401412558,23.159682076743273,2018-10-02-06-00-10
1.0,113.33416951720345,23.15967787638081,2018-10-02-06-00-10
1.0,113.33466852524363,23.159676948894454,2018-10-02-06-00-10
1.0,113.32518771369676,23.160194670180754,2018-10-02-06-00-10
1.0,113.33017751065037,23.160185176042692,2018-10-02-06-00-10
1.0,113.33441898678035,23.16017721865317,2018-10-02-06-00-10
1.0,113.33391996311533,23.160428050494296,2018-10-02-06-00-10
1.0,113.32518767968347,23.1606944766347,2018-10-02-06-00-10
1.0,113.32518766267657,23.16094437991636,2018-10-02-06-00-10
1.0,113.33192392895708,23.16093159278178,2018-10-02-06-00-10
1.0,113.3259361070113,23.161192853551714,2018-10-02-06-00-10
1.0,113.32843099699265,23.161188100243717,2018-10-02-06-00-10
1.0,113.3261855776133,23.161442280649695,2018-10-02-06-00-10
1.0,113.32892996224909,23.16143705594919,2018-10-02-06-00-10
1.0,113.32942894620354,23.161436109535533,2018-10-02-06-00-10
1.0,113.32992793194275,23.16143516445584,2018-10-02-06-00-10
1.0,113.3301774255151,23.161434692447113,2018-10-02-06-00-10
1.0,113.33367039267686,23.161428128844406,2018-10-02-06-00-10
1.0,113.3259360729906,23.161692660297643,2018-10-02-06-00-10
1.0,113.32693402512133,23.16169075635688,2018-10-02-06-00-10
1.0,113.3249380909844,23.162194373697915,2018-10-02-06-00-10
1.0,113.33516736571988,23.16217505676099,2018-10-02-06-00-10
1.0,113.32818142135042,23.162438091638624,2018-10-02-06-00-10
1.0,113.32568651759858,23.16269275064755,2018-10-02-06-00-10
1.0,113.32668445158397,23.162940749565525,2018-10-02-06-00-10
1.0,113.32768240736064,23.16293884806805,2018-10-02-06-00-10
1.0,113.34739494581139,23.153156896436165,2018-10-02-06-00-10
1.0,113.33916013341441,23.153920957613103,2018-10-02-06-00-10
1.0,113.337413499405,23.154174032794593,2018-10-02-06-00-10
1.0,113.33541740073642,23.15442760460233,2018-10-02-06-00-10
1.0,113.34689574557277,23.154407244806933,2018-10-02-06-00-10
1.0,113.33516787707777,23.154677968626753,2018-10-02-06-00-10
1.0,113.33641541794591,23.154675666837633,2018-10-02-06-00-10
1.0,113.33716395218865,23.154674293796788,2018-10-02-06-00-10
1.0,113.34689571139933,23.154907049607665,2018-10-02-06-00-10
1.0,113.34714526811089,23.154906630522227,2018-10-02-06-00-10
1.0,113.33491833713171,23.15517823575807,2018-10-02-06-00-10
1.0,113.33666489442608,23.155175013338155,2018-10-02-06-00-10
1.0,113.34614703229032,23.155158216332048,2018-10-02-06-00-10
1.0,113.34639658495848,23.155157793750703,2018-10-02-06-00-10
1.0,113.34689569431235,23.1551569520608,2018-10-02-06-00-10
1.0,113.34639656787313,23.15540769623917,2018-10-02-06-00-10
1.0,113.34664612187542,23.15540727481153,2018-10-02-06-00-10
1.0,113.3463965507876,23.155657598762954,2018-10-02-06-00-10
1.0,113.346646104789,23.155657177335268,2018-10-02-06-00-10
1.0,113.34514878347336,23.15590962553527,2018-10-02-06-00-10
1.0,113.347394757839,23.155905822649043,2018-10-02-06-00-10
1.0,113.33491826896191,23.15617784593182,2018-10-02-06-00-10
1.0,113.33591626286344,23.15667580595314,2018-10-02-06-00-10
1.0,113.3366647921295,23.15667442880965,2018-10-02-06-00-10
1.0,113.33866090775311,23.156670787664304,2018-10-02-06-00-10
1.0,113.34489918605246,23.15665976160249,2018-10-02-06-00-10
1.0,113.33965895351673,23.157168791025178,2018-10-02-06-00-10
1.0,113.33466867863413,23.157427822308517,2018-10-02-06-00-10
1.0,113.33666474097895,23.157424137025068,2018-10-02-06-00-10
1.0,113.33641521336237,23.15767449820951,2018-10-02-06-00-10
1.0,113.33616568656656,23.157924860107364,2018-10-02-06-00-10
1.0,113.3381617882051,23.157921207342255,2018-10-02-06-00-10
1.0,113.34464947032734,23.159159219488057,2018-10-02-06-00-10
1.0,113.33466852524363,23.159676948894454,2018-10-02-06-00-10
1.0,113.34415023051423,23.161409210067017,2018-10-02-06-00-10
1.0,113.3404072165806,23.161665703628685,2018-10-02-06-00-10
1.0,113.3406567420214,23.161665257742,2018-10-02-06-00-10
1.0,113.34614657095081,23.161905596077737,2018-10-02-06-00-10
1.0,113.33516736571988,23.16217505676099,2018-10-02-06-00-10
1.0,113.34015762390041,23.162665764309434,2018-10-02-06-00-10
1.0,113.34165478603933,23.162663097066037,2018-10-02-06-00-10
1.0,113.34440037070968,23.152662182773593,2018-10-02-06-00-10
1.0,113.34989063911524,23.152652981030933,2018-10-02-06-00-10
1.0,113.34739494581139,23.153156896436165,2018-10-02-06-00-10
1.0,113.34689574557277,23.154407244806933,2018-10-02-06-00-10
1.0,113.34864267182242,23.15440433656549,2018-10-02-06-00-10
1.0,113.34889223840341,23.154403926038807,2018-10-02-06-00-10
1.0,113.34989051944049,23.154402296727607,2018-10-02-06-00-10
1.0,113.35488230194385,23.154394479602423,2018-10-02-06-00-10
1.0,113.34689571139933,23.154907049607665,2018-10-02-06-00-10
1.0,113.34714526811089,23.154906630522227,2018-10-02-06-00-10
1.0,113.34614703229032,23.155158216332048,2018-10-02-06-00-10
1.0,113.34639658495848,23.155157793750703,2018-10-02-06-00-10
1.0,113.34689569431235,23.1551569520608,2018-10-02-06-00-10
1.0,113.34639656787313,23.15540769623917,2018-10-02-06-00-10
1.0,113.34664612187542,23.15540727481153,2018-10-02-06-00-10
1.0,113.3463965507876,23.155657598762954,2018-10-02-06-00-10
1.0,113.346646104789,23.155657177335268,2018-10-02-06-00-10
1.0,113.35038958346253,23.15565100217019,2018-10-02-06-00-10
1.0,113.34514878347336,23.15590962553527,2018-10-02-06-00-10
1.0,113.347394757839,23.155905822649043,2018-10-02-06-00-10
1.0,113.34489918605246,23.15665976160249,2018-10-02-06-00-10
1.0,113.35013988825315,23.157400723573474,2018-10-02-06-00-10
1.0,113.35138774703208,23.15789852895207,2018-10-02-06-00-10
1.0,113.35163726189924,23.158897744726044,2018-10-02-06-00-10
1.0,113.34464947032734,23.159159219488057,2018-10-02-06-00-10
1.0,113.35088839704306,23.160648258653055,2018-10-02-06-00-10
1.0,113.35138750755416,23.161397172547723,2018-10-02-06-00-10
1.0,113.34614657095081,23.161905596077737,2018-10-02-06-00-10
1.0,113.35038913881843,23.16214848034571,2018-10-02-06-00-10
1.0,113.3249380909844,23.162194373697915,2018-10-02-06-00-10
1.0,113.33516736571988,23.16217505676099,2018-10-02-06-00-10
1.0,113.32818142135042,23.162438091638624,2018-10-02-06-00-10
1.0,113.32568651759858,23.16269275064755,2018-10-02-06-00-10
1.0,113.32668445158397,23.162940749565525,2018-10-02-06-00-10
1.0,113.32768240736064,23.16293884806805,2018-10-02-06-00-10
1.0,113.33641483823011,23.16317236918614,2018-10-02-06-00-10
1.0,113.32618544151707,23.16344150881019,2018-10-02-06-00-10
1.0,113.3269339060153,23.16344008112526,2018-10-02-06-00-10
1.0,113.32718339478794,23.16343960563351,2018-10-02-06-00-10
1.0,113.32793186311315,23.163438180541082,2018-10-02-06-00-10
1.0,113.33691384309645,23.163421356772393,2018-10-02-06-00-10
1.0,113.32693388899949,23.16368998481148,2018-10-02-06-00-10
1.0,113.32743286686836,23.16368903405013,2018-10-02-06-00-10
1.0,113.32793184609329,23.16368808422714,2018-10-02-06-00-10
1.0,113.32693387198351,23.16393988853484,2018-10-02-06-00-10
1.0,113.33741283428277,23.16392025092461,2018-10-02-06-00-10
1.0,113.32693385496736,23.164189792295385,2018-10-02-06-00-10
1.0,113.32718334373698,23.164189316803515,2018-10-02-06-00-10
1.0,113.3279318120531,23.16418789171071,2018-10-02-06-00-10
1.0,113.32518742456251,23.164443029720207,2018-10-02-06-00-10
1.0,113.32718332671965,23.164439220601267,2018-10-02-06-00-10
1.0,113.33516721228322,23.164424189592577,2018-10-02-06-00-10
1.0,113.33666426350139,23.164421429419633,2018-10-02-06-00-10
1.0,113.33391967338244,23.1646764106357,2018-10-02-06-00-10
1.0,113.32793176099156,23.164937603215552,2018-10-02-06-00-10
1.0,113.33491767236231,23.164924459555266,2018-10-02-06-00-10
1.0,113.33541668475931,23.164923535655983,2018-10-02-06-00-10
1.0,113.3356661921004,23.164923074643305,2018-10-02-06-00-10
1.0,113.32518737353384,23.165192741338476,2018-10-02-06-00-10
1.0,113.33541666770866,23.16517343956443,2018-10-02-06-00-10
1.0,113.32618530541016,23.165440739343833,2018-10-02-06-00-10
1.0,113.32768223716808,23.165437885860715,2018-10-02-06-00-10
1.0,113.33516714408482,23.165423805151825,2018-10-02-06-00-10
1.0,113.32593580080099,23.16569111958616,2018-10-02-06-00-10
1.0,113.3276822201479,23.165687789845432,2018-10-02-06-00-10
1.0,113.3311751152429,23.16568117090615,2018-10-02-06-00-10
1.0,113.337662228818,23.165669122476142,2018-10-02-06-00-10
1.0,113.32668424739936,23.165939595367192,2018-10-02-06-00-10
1.0,113.32693373584969,23.165939119665172,2018-10-02-06-00-10
1.0,113.32718322461221,23.16593864417301,2018-10-02-06-00-10
1.0,113.32843067357727,23.165936270292892,2018-10-02-06-00-10
1.0,113.33516710998461,23.165923613156345,2018-10-02-06-00-10
1.0,113.32543679235064,23.1661918806527,2018-10-02-06-00-10
1.0,113.3259357667743,23.166190927668964,2018-10-02-06-00-10
1.0,113.32518728848271,23.166442261452293,2018-10-02-06-00-10
1.0,113.32593574976069,23.16644083176686,2018-10-02-06-00-10
1.0,113.33516707588373,23.166423421311386,2018-10-02-06-00-10
1.0,113.33591559790271,23.166422038284818,2018-10-02-06-00-10
1.0,113.33766217763782,23.16641883465098,2018-10-02-06-00-10
1.0,113.3346680479423,23.166674250566114,2018-10-02-06-00-10
1.0,113.33491755301785,23.166673787703672,2018-10-02-06-00-10
1.0,113.33516705883305,23.16667332544549,2018-10-02-06-00-10
1.0,113.33691362136204,23.166670107583936,2018-10-02-06-00-10
1.0,113.33416902291016,23.166925082226875,2018-10-02-06-00-10
1.0,113.33441852654522,23.1669246181926,2018-10-02-06-00-10
1.0,113.33466803089341,23.166924154738098,2018-10-02-06-00-10
1.0,113.33416900586306,23.167174986436784,2018-10-02-06-00-10
1.0,113.33491751891793,23.167173596085398,2018-10-02-06-00-10
1.0,113.33541653129734,23.167172672185362,2018-10-02-06-00-10
1.0,113.33466799679512,23.167423963195656,2018-10-02-06-00-10
1.0,113.32543669027872,23.167691305807775,2018-10-02-06-00-10
1.0,113.33566598746972,23.16792192402893,2018-10-02-06-00-10
1.0,113.32568614333452,23.1681906379301,2018-10-02-06-00-10
1.0,113.33042645974439,23.16818162539438,2018-10-02-06-00-10
1.0,113.32593559663081,23.168689970352787,2018-10-02-06-00-10
1.0,113.33491738251158,23.169172831132812,2018-10-02-06-00-10
1.0,113.32593554558453,23.169439683900958,2018-10-02-06-00-10
1.0,113.33466786039527,23.169423198548596,2018-10-02-06-00-10
1.0,113.32593552856876,23.169689588493732,2018-10-02-06-00-10
1.0,113.33691338253956,23.170168769450516,2018-10-02-06-00-10
1.0,113.32493751265704,23.17069111376305,2018-10-02-06-00-10
1.0,113.33791140239714,23.170666755294064,2018-10-02-06-00-10
1.0,113.33117475748585,23.17092916333716,2018-10-02-06-00-10
1.0,113.33267170856394,23.17142615954749,2018-10-02-06-00-10
1.0,113.3349171949354,23.17192178333524,2018-10-02-06-00-10
1.0,113.34614657095081,23.161905596077737,2018-10-02-06-00-10
1.0,113.33516736571988,23.16217505676099,2018-10-02-06-00-10
1.0,113.34015762390041,23.162665764309434,2018-10-02-06-00-10
1.0,113.34165478603933,23.162663097066037,2018-10-02-06-00-10
1.0,113.33641483823011,23.16317236918614,2018-10-02-06-00-10
1.0,113.3401575897654,23.163165571492275,2018-10-02-06-00-10
1.0,113.33691384309645,23.163421356772393,2018-10-02-06-00-10
1.0,113.33741283428277,23.16392025092461,2018-10-02-06-00-10
1.0,113.34215376331814,23.163911733536168,2018-10-02-06-00-10
1.0,113.34714465284266,23.163903141439253,2018-10-02-06-00-10
1.0,113.33516721228322,23.164424189592577,2018-10-02-06-00-10
1.0,113.33666426350139,23.164421429419633,2018-10-02-06-00-10
1.0,113.33841086132027,23.16441824078195,2018-10-02-06-00-10
1.0,113.33491767236231,23.164924459555266,2018-10-02-06-00-10
1.0,113.33541668475931,23.164923535655983,2018-10-02-06-00-10
1.0,113.3356661921004,23.164923074643305,2018-10-02-06-00-10
1.0,113.3399079469033,23.16491534541851,2018-10-02-06-00-10
1.0,113.33541666770866,23.16517343956443,2018-10-02-06-00-10
1.0,113.33516714408482,23.165423805151825,2018-10-02-06-00-10
1.0,113.337662228818,23.165669122476142,2018-10-02-06-00-10
1.0,113.33516710998461,23.165923613156345,2018-10-02-06-00-10
1.0,113.3404069093365,23.166163970956475,2018-10-02-06-00-10
1.0,113.33516707588373,23.166423421311386,2018-10-02-06-00-10
1.0,113.33591559790271,23.166422038284818,2018-10-02-06-00-10
1.0,113.33766217763782,23.16641883465098,2018-10-02-06-00-10
1.0,113.33491755301785,23.166673787703672,2018-10-02-06-00-10
1.0,113.33516705883305,23.16667332544549,2018-10-02-06-00-10
1.0,113.33691362136204,23.166670107583936,2018-10-02-06-00-10
1.0,113.33491751891793,23.167173596085398,2018-10-02-06-00-10
1.0,113.33541653129734,23.167172672185362,2018-10-02-06-00-10
1.0,113.33566598746972,23.16792192402893,2018-10-02-06-00-10
1.0,113.34165439331676,23.168410888688534,2018-10-02-06-00-10
1.0,113.33491738251158,23.169172831132812,2018-10-02-06-00-10
1.0,113.34065622988952,23.169162376717125,2018-10-02-06-00-10
1.0,113.3431514921888,23.16990768213594,2018-10-02-06-00-10
1.0,113.34564692274404,23.169903373951026,2018-10-02-06-00-10
1.0,113.33691338253956,23.170168769450516,2018-10-02-06-00-10
1.0,113.34714422544532,23.170150746667566,2018-10-02-06-00-10
1.0,113.33791140239714,23.170666755294064,2018-10-02-06-00-10
1.0,113.3384104176557,23.170915752727517,2018-10-02-06-00-10
1.0,113.34365050018575,23.17090643100664,2018-10-02-06-00-10
1.0,113.33841040058941,23.17116565754972,2018-10-02-06-00-10
1.0,113.34365048309976,23.171156335827956,2018-10-02-06-00-10
1.0,113.34390002305247,23.171155902345998,2018-10-02-06-00-10
1.0,113.34639549115765,23.171151626501977,2018-10-02-06-00-10
1.0,113.34414954712601,23.17140537476121,2018-10-02-06-00-10
1.0,113.34489817798793,23.171404083767023,2018-10-02-06-00-10
1.0,113.34315137260101,23.171657015615455,2018-10-02-06-00-10
1.0,113.3434009101725,23.171656580094403,2018-10-02-06-00-10
1.0,113.34564680309259,23.171652707427548,2018-10-02-06-00-10
1.0,113.3349171949354,23.17192178333524,2018-10-02-06-00-10
1.0,113.34190368496485,23.171909112949486,2018-10-02-06-00-10
1.0,113.34614657095081,23.161905596077737,2018-10-02-06-00-10
1.0,113.35038913881843,23.16214848034571,2018-10-02-06-00-10
1.0,113.34714465284266,23.163903141439253,2018-10-02-06-00-10
1.0,113.35238557648636,23.16539405572994,2018-10-02-06-00-10
1.0,113.35288475754048,23.165393276511203,2018-10-02-06-00-10
1.0,113.35238547380688,23.166893480177805,2018-10-02-06-00-10
1.0,113.35388295126621,23.16814068137653,2018-10-02-06-00-10
1.0,113.35413255098393,23.16814029982544,2018-10-02-06-00-10
1.0,113.35438215241277,23.168139919775065,2018-10-02-06-00-10
1.0,113.35338373979937,23.16839135333433,2018-10-02-06-00-10
1.0,113.34864168016507,23.16889873455013,2018-10-02-06-00-10
1.0,113.35438210104876,23.168889633079164,2018-10-02-06-00-10
1.0,113.34914079758168,23.169147819272087,2018-10-02-06-00-10
1.0,113.34939036704232,23.16914741129064,2018-10-02-06-00-10
1.0,113.34564692274404,23.169903373951026,2018-10-02-06-00-10
1.0,113.34988945910561,23.169896312977855,2018-10-02-06-00-10
1.0,113.35188609391952,23.169893118091384,2018-10-02-06-00-10
1.0,113.35288444945435,23.16989155395267,2018-10-02-06-00-10
1.0,113.34714422544532,23.170150746667566,2018-10-02-06-00-10
1.0,113.35063816840636,23.17014500940293,2018-10-02-06-00-10
1.0,113.35438199831621,23.170389060722552,2018-10-02-06-00-10
1.0,113.35063813418586,23.170644818849755,2018-10-02-06-00-10
1.0,113.35413237977271,23.170639345515433,2018-10-02-06-00-10
1.0,113.35113727571172,23.170893924853473,2018-10-02-06-00-10
1.0,113.35138685737697,23.170893527512998,2018-10-02-06-00-10
1.0,113.34639549115765,23.171151626501977,2018-10-02-06-00-10
1.0,113.34864152623669,23.171147876544833,2018-10-02-06-00-10
1.0,113.35238518284888,23.171141856885324,2018-10-02-06-00-10
1.0,113.34489817798793,23.171404083767023,2018-10-02-06-00-10
1.0,113.34963978402575,23.17139614694022,2018-10-02-06-00-10
1.0,113.34564680309259,23.171652707427548,2018-10-02-06-00-10
1.0,113.33267170856394,23.17142615954749,2018-10-02-06-00-10
1.0,113.3349171949354,23.17192178333524,2018-10-02-06-00-10
1.0,113.32643433381153,23.172187684201045,2018-10-02-06-00-10
1.0,113.3269333103628,23.17218673259745,2018-10-02-06-00-10
1.0,113.32718279910007,23.172186257104254,2018-10-02-06-00-10
1.0,113.33366965974342,23.17217400842793,2018-10-02-06-00-10
1.0,113.33391916197142,23.17217354327002,2018-10-02-06-00-10
1.0,113.33516668367568,23.172171226054363,2018-10-02-06-00-10
1.0,113.33666373471279,23.172168465873632,2018-10-02-06-00-10
1.0,113.3259353413844,23.172438541563864,2018-10-02-06-00-10
1.0,113.32643431679192,23.17243758921967,2018-10-02-06-00-10
1.0,113.32743227113934,23.17243568685174,2018-10-02-06-00-10
1.0,113.32768176054029,23.17243521181532,2018-10-02-06-00-10
1.0,113.32818074041292,23.17243426249571,2018-10-02-06-00-10
1.0,113.32992718261677,23.17243094908421,2018-10-02-06-00-10
1.0,113.33342014114103,23.172424379146282,2018-10-02-06-00-10
1.0,113.33516666662116,23.17242113107153,2018-10-02-06-00-10
1.0,113.33591518856989,23.17241974804195,2018-10-02-06-00-10
1.0,113.32618481193336,23.172687970363096,2018-10-02-06-00-10
1.0,113.32668378789631,23.172687018376713,2018-10-02-06-00-10
1.0,113.32768174351546,23.172685116872785,2018-10-02-06-00-10
1.0,113.32793123326783,23.17268464208328,2018-10-02-06-00-10
1.0,113.33117463821716,23.17267849791726,2018-10-02-06-00-10
1.0,113.33566566342198,23.172670113471085,2018-10-02-06-00-10
1.0,113.33691321193203,23.172667818259164,2018-10-02-06-00-10
1.0,113.32643428275217,23.172937399374113,2018-10-02-06-00-10
1.0,113.32718274803162,23.17293597227695,2018-10-02-06-00-10
1.0,113.32942816290185,23.172931704321005,2018-10-02-06-00-10
1.0,113.32967765549553,23.172931231606327,2018-10-02-06-00-10
1.0,113.3351666325116,23.17292094122307,2018-10-02-06-00-10
1.0,113.32593529033062,23.17318825685448,2018-10-02-06-00-10
1.0,113.32643426573206,23.173187304510037,2018-10-02-06-00-10
1.0,113.32668375385423,23.173186828609328,2018-10-02-06-00-10
1.0,113.32768170946528,23.17318492710507,2018-10-02-06-00-10
1.0,113.33441810029309,23.173172234935883,2018-10-02-06-00-10
1.0,113.33516661545657,23.173170846357543,2018-10-02-06-00-10
1.0,113.33716268999221,23.17316717150279,2018-10-02-06-00-10
1.0,113.33741220303452,23.17316671523123,2018-10-02-06-00-10
1.0,113.32967762142893,23.173431041916313,2018-10-02-06-00-10
1.0,113.32967760439537,23.173680947130176,2018-10-02-06-00-10
1.0,113.32643421467071,23.173937020153293,2018-10-02-06-00-10
1.0,113.32743216899388,23.173935117784374,2018-10-02-06-00-10
1.0,113.33441803208306,23.17417185586692,2018-10-02-06-00-10
1.0,113.33716262173931,23.174166792431986,2018-10-02-06-00-10
1.0,113.32743213494406,23.17443492840965,2018-10-02-06-00-10
1.0,113.32768162433693,23.174434453372896,2018-10-02-06-00-10
1.0,113.32793111408225,23.174433978583103,2018-10-02-06-00-10
1.0,113.32892907685607,23.17443208214078,2018-10-02-06-00-10
1.0,113.32618467577718,23.174687212236982,2018-10-02-06-00-10
1.0,113.32768160731077,23.174684358744685,2018-10-02-06-00-10
1.0,113.3301765228251,23.174679623999296,2018-10-02-06-00-10
29.0,113.32718259481727,23.175185119915263,2018-10-02-06-00-10
1.0,113.32768157325792,23.17518416960692,2018-10-02-06-00-10
1.0,113.32892900873024,23.175431703864522,2018-10-02-06-00-10
1.0,113.33541596848772,23.175419532695575,2018-10-02-06-00-10
1.0,113.32643409552172,23.175686358034756,2018-10-02-06-00-10
1.0,113.32818051905083,23.175683031307035,2018-10-02-06-00-10
1.0,113.33292091839114,23.17567408092902,2018-10-02-06-00-10
1.0,113.33541595143005,23.175669438224535,2018-10-02-06-00-10
1.0,113.33566545872918,23.175668977210062,2018-10-02-06-00-10
1.0,113.32568561582568,23.17593769236977,2018-10-02-06-00-10
1.0,113.3259351031206,23.175937215950313,2018-10-02-06-00-10
1.0,113.32793101191669,23.175933411407673,2018-10-02-06-00-10
1.0,113.33566544167036,23.17591888277873,2018-10-02-06-00-10
1.0,113.3251866249411,23.176188551250668,2018-10-02-06-00-10
1.0,113.33267138469596,23.176174359363856,2018-10-02-06-00-10
1.0,113.33566542461138,23.176168788387198,2018-10-02-06-00-10
1.0,113.33341986835595,23.176422864772867,2018-10-02-06-00-10
1.0,113.33741198119029,23.176415485562234,2018-10-02-06-00-10
1.0,113.33791099281038,23.17666448089649,2018-10-02-06-00-10
1.0,113.33591488150712,23.17691804507822,2018-10-02-06-00-10
1.0,113.3374119470579,23.17691529697809,2018-10-02-06-00-10
1.0,113.33791097574218,23.17691438662432,2018-10-02-06-00-10
1.0,113.33142381052077,23.177426231453698,2018-10-02-06-00-10
1.0,113.33416830678826,23.177421092303245,2018-10-02-06-00-10
1.0,113.33691288773169,23.177416021812594,2018-10-02-06-00-10
1.0,113.33791094160527,23.177414198200083,2018-10-02-06-00-10
1.0,113.33117429740446,23.177676607338086,2018-10-02-06-00-10
1.0,113.33391878684121,23.177671462755498,2018-10-02-06-00-10
1.0,113.33666334228202,23.177916291237434,2018-10-02-06-00-10
1.0,113.32718237348384,23.178433894405178,2018-10-02-06-00-10
1.0,113.32818033172246,23.17843199477417,2018-10-02-06-00-10
1.0,113.33666330815342,23.17841610313506,2018-10-02-06-00-10
1.0,113.32718235645702,23.178683800416056,2018-10-02-06-00-10
1.0,113.32743184549368,23.17868332514401,2018-10-02-06-00-10
1.0,113.33441772510491,23.17867015791271,2018-10-02-06-00-10
1.0,113.32693285072004,23.17893418196164,2018-10-02-06-00-10
1.0,113.32917826195936,23.17892991155161,2018-10-02-06-00-10
1.0,113.32992673968155,23.17892849341695,2018-10-02-06-00-10
1.0,113.33192270206843,23.178924728390367,2018-10-02-06-00-10
1.0,113.3369127853401,23.178915457505646,2018-10-02-06-00-10
1.0,113.33716229750155,23.178915000519105,2018-10-02-06-00-10
1.0,113.33791083919053,23.17891363389213,2018-10-02-06-00-10
1.0,113.32917824492414,23.179179817642996,2018-10-02-06-00-10
1.0,113.33766130734486,23.179163994790176,2018-10-02-06-00-10
1.0,113.32718230537557,23.179433518691273,2018-10-02-06-00-10
1.0,113.32743179440921,23.179433043419102,2018-10-02-06-00-10
1.0,113.32768128378189,23.17943256838152,2018-10-02-06-00-10
1.0,113.33566520282935,23.17941756494392,2018-10-02-06-00-10
1.0,113.33691275120823,23.179415269726345,2018-10-02-06-00-10
1.0,113.32718228834808,23.17968342486405,2018-10-02-06-00-10
1.0,113.32743177738071,23.17968294959184,2018-10-02-06-00-10
1.0,113.33566518576802,23.179667471115284,2018-10-02-06-00-10
1.0,113.33591469383103,23.179667010741074,2018-10-02-06-00-10
1.0,113.33766127320686,23.179663807091682,2018-10-02-06-00-10
1.0,113.32718227132044,23.179933331077436,2018-10-02-06-00-10
1.0,113.3336691311581,23.179921082367674,2018-10-02-06-00-10
1.0,113.33741174224953,23.179914168849855,2018-10-02-06-00-10
1.0,113.32543583944624,23.18018656976737,2018-10-02-06-00-10
1.0,113.33741172518107,23.1801640751022,2018-10-02-06-00-10
1.0,113.33791075384032,23.180163164747334,2018-10-02-06-00-10
1.0,113.33766122199863,23.18041352584864,2018-10-02-06-00-10
1.0,113.33242157885698,23.180673134944378,2018-10-02-06-00-10
1.0,113.33292057739926,23.180672199935504,2018-10-02-06-00-10
1.0,113.33341957847497,23.18067126695109,2018-10-02-06-00-10
1.0,113.33366907999617,23.180670801248784,2018-10-02-06-00-10
1.0,113.33791071969905,23.180662977374052,2018-10-02-06-00-10
1.0,113.33791070262818,23.180912883748622,2018-10-02-06-00-10
1.0,113.3384104176557,23.170915752727517,2018-10-02-06-00-10
1.0,113.34365050018575,23.17090643100664,2018-10-02-06-00-10
1.0,113.33841040058941,23.17116565754972,2018-10-02-06-00-10
1.0,113.34365048309976,23.171156335827956,2018-10-02-06-00-10
1.0,113.34390002305247,23.171155902345998,2018-10-02-06-00-10
1.0,113.34639549115765,23.171151626501977,2018-10-02-06-00-10
1.0,113.34414954712601,23.17140537476121,2018-10-02-06-00-10
1.0,113.34489817798793,23.171404083767023,2018-10-02-06-00-10
1.0,113.34315137260101,23.171657015615455,2018-10-02-06-00-10
1.0,113.3434009101725,23.171656580094403,2018-10-02-06-00-10
1.0,113.34564680309259,23.171652707427548,2018-10-02-06-00-10
1.0,113.3349171949354,23.17192178333524,2018-10-02-06-00-10
1.0,113.34190368496485,23.171909112949486,2018-10-02-06-00-10
1.0,113.33516668367568,23.172171226054363,2018-10-02-06-00-10
1.0,113.33666373471279,23.172168465873632,2018-10-02-06-00-10
1.0,113.34514767283507,23.172153370400792,2018-10-02-06-00-10
1.0,113.34739364667928,23.172149567489388,2018-10-02-06-00-10
1.0,113.34789276689341,23.17214873530009,2018-10-02-06-00-10
1.0,113.33516666662116,23.17242113107153,2018-10-02-06-00-10
1.0,113.33591518856989,23.17241974804195,2018-10-02-06-00-10
1.0,113.34514765574279,23.17240327541627,2018-10-02-06-00-10
1.0,113.34639540567558,23.172401151188918,2018-10-02-06-00-10
1.0,113.33566566342198,23.172670113471085,2018-10-02-06-00-10
1.0,113.33691321193203,23.172667818259164,2018-10-02-06-00-10
1.0,113.34090551728414,23.172660598952085,2018-10-02-06-00-10
1.0,113.3351666325116,23.17292094122307,2018-10-02-06-00-10
1.0,113.34589626759441,23.172901807647627,2018-10-02-06-00-10
1.0,113.34614581887668,23.172901383921047,2018-10-02-06-00-10
1.0,113.34689448070938,23.172900119640627,2018-10-02-06-00-10
1.0,113.34714403735731,23.17289970055208,2018-10-02-06-00-10
1.0,113.33516661545657,23.173170846357543,2018-10-02-06-00-10
1.0,113.33716268999221,23.17316717150279,2018-10-02-06-00-10
1.0,113.33741220303452,23.17316671523123,2018-10-02-06-00-10
1.0,113.33865978158582,23.173164445008286,2018-10-02-06-00-10
1.0,113.34414942750553,23.173154709871525,2018-10-02-06-00-10
1.0,113.34589625049894,23.173151712780278,2018-10-02-06-00-10
1.0,113.3466449083235,23.173150445038512,2018-10-02-06-00-10
1.0,113.34240264728177,23.173407663527968,2018-10-02-06-00-10
1.0,113.34265218137368,23.173407225036634,2018-10-02-06-00-10
1.0,113.34489804125633,23.173403324048476,2018-10-02-06-00-10
1.0,113.34539713476003,23.173402468785625,2018-10-02-06-00-10
1.0,113.34664489122518,23.173400350210247,2018-10-02-06-00-10
1.0,113.33841022991743,23.173664707913385,2018-10-02-06-00-10
1.0,113.33965782707601,23.173662453302903,2018-10-02-06-00-10
1.0,113.34240263019873,23.173657568739692,2018-10-02-06-00-10
1.0,113.34365031223082,23.173655386182723,2018-10-02-06-00-10
1.0,113.34414939332675,23.17365452025512,2018-10-02-06-00-10
1.0,113.34489802416412,23.173653229259774,2018-10-02-06-00-10
1.0,113.33890924884629,23.173913708912448,2018-10-02-06-00-10
1.0,113.33965781000313,23.17391235855441,2018-10-02-06-00-10
1.0,113.34439891861015,23.173903994109505,2018-10-02-06-00-10
1.0,113.34514755318567,23.17390270633103,2018-10-02-06-00-10
1.0,113.33716262173931,23.174166792431986,2018-10-02-06-00-10
1.0,113.33990731527668,23.174161815379687,2018-10-02-06-00-10
1.0,113.3441493591473,23.174154330795982,2018-10-02-06-00-10
1.0,113.34539708347751,23.174152184537274,2018-10-02-06-00-10
1.0,113.34614573339319,23.174150909976742,2018-10-02-06-00-10
1.0,113.33890921470574,23.17441351953389,2018-10-02-06-00-10
1.0,113.34365026096687,23.174405102053385,2018-10-02-06-00-10
1.0,113.346145716296,23.174400815305944,2018-10-02-06-00-10
1.0,113.34664482283026,23.174399971290367,2018-10-02-06-00-10
1.0,113.34265209595218,23.174656751488765,2018-10-02-06-00-10
1.0,113.34340070513474,23.17465544193044,2018-10-02-06-00-10
1.0,113.33865966210112,23.174913782046392,2018-10-02-06-00-10
1.0,113.34290161409862,23.17490621938416,2018-10-02-06-00-10
1.0,113.3448979387006,23.174902755907116,2018-10-02-06-00-10
1.0,113.3451474848109,23.174902327727587,2018-10-02-06-00-10
1.0,113.34589613082598,23.17490104980976,2018-10-02-06-00-10
1.0,113.33841012750622,23.17516414001536,2018-10-02-06-00-10
1.0,113.33890916349364,23.175163235762287,2018-10-02-06-00-10
1.0,113.339907246979,23.175161436937845,2018-10-02-06-00-10
1.0,113.34290159701274,23.175156124832515,2018-10-02-06-00-10
1.0,113.34315113340082,23.17515568830905,2018-10-02-06-00-10
1.0,113.34414929078638,23.17515395235125,2018-10-02-06-00-10
1.0,113.34564656376506,23.175151380115157,2018-10-02-06-00-10
1.0,113.34639521760025,23.17515010894585,2018-10-02-06-00-10
1.0,113.33541596848772,23.175419532695575,2018-10-02-06-00-10
1.0,113.33915866583457,23.17541269031651,2018-10-02-06-00-10
1.0,113.33965770756231,23.175411790892163,2018-10-02-06-00-10
1.0,113.33990722990417,23.17541134242635,2018-10-02-06-00-10
1.0,113.34265204469726,23.175406467834023,2018-10-02-06-00-10
1.0,113.34340065387154,23.17540515827531,2018-10-02-06-00-10
1.0,113.34389973254973,23.175404290284554,2018-10-02-06-00-10
1.0,113.34464835966517,23.175402996106435,2018-10-02-06-00-10
1.0,113.34564654666897,23.175401285602682,2018-10-02-06-00-10
1.0,113.33541595143005,23.175669438224535,2018-10-02-06-00-10
1.0,113.33566545872918,23.175668977210062,2018-10-02-06-00-10
40.0,113.33940816913703,23.175662145721184,2018-10-02-06-00-10
1.0,113.33990721282916,23.175661247954555,2018-10-02-06-00-10
1.0,113.33566544167036,23.17591888277873,2018-10-02-06-00-10
1.0,113.33566542461138,23.176168788387198,2018-10-02-06-00-10
1.0,113.3461455966109,23.176150153718797,2018-10-02-06-00-10
1.0,113.34714381504534,23.17614847034759,2018-10-02-06-00-10
1.0,113.33741198119029,23.176415485562234,2018-10-02-06-00-10
1.0,113.34714379794325,23.17639837599397,2018-10-02-06-00-10
1.0,113.33791099281038,23.17666448089649,2018-10-02-06-00-10
1.0,113.33816050849407,23.176664026839205,2018-10-02-06-00-10
1.0,113.33841002508899,23.17666357354444,2018-10-02-06-00-10
1.0,113.33890906106494,23.17666266929086,2018-10-02-06-00-10
1.0,113.33591488150712,23.17691804507822,2018-10-02-06-00-10
1.0,113.3374119470579,23.17691529697809,2018-10-02-06-00-10
1.0,113.33791097574218,23.17691438662432,2018-10-02-06-00-10
1.0,113.33841000801887,23.176913479272184,2018-10-02-06-00-10
1.0,113.33965760511548,23.176911224658962,2018-10-02-06-00-10
1.0,113.34739332174503,23.176897769505597,2018-10-02-06-00-10
1.0,113.33816047435558,23.177163838334796,2018-10-02-06-00-10
1.0,113.33691288773169,23.177416021812594,2018-10-02-06-00-10
1.0,113.33791094160527,23.177414198200083,2018-10-02-06-00-10
1.0,113.3394080496206,23.17741148553521,2018-10-02-06-00-10
1.0,113.33965757096519,23.17741103623414,2018-10-02-06-00-10
1.0,113.34564640989431,23.177400530936488,2018-10-02-06-00-10
1.0,113.34639506370534,23.177399259766023,2018-10-02-06-00-10
1.0,113.34664461762941,23.17739883833459,2018-10-02-06-00-10
1.0,113.3381604402164,23.177663649990674,2018-10-02-06-00-10
1.0,113.34539684413912,23.177650862760174,2018-10-02-06-00-10
1.0,113.34564639279672,23.177650436783217,2018-10-02-06-00-10
1.0,113.33666334228202,23.177916291237434,2018-10-02-06-00-10
1.0,113.33865945725117,23.17791265006353,2018-10-02-06-00-10
1.0,113.33890897570308,23.17791219832988,2018-10-02-06-00-10
1.0,113.34040608975396,23.178159411051958,2018-10-02-06-00-10
1.0,113.34614545981788,23.178149400011723,2018-10-02-06-00-10
1.0,113.33666330815342,23.17841610313506,2018-10-02-06-00-10
1.0,113.3369127853401,23.178915457505646,2018-10-02-06-00-10
1.0,113.33716229750155,23.178915000519105,2018-10-02-06-00-10
1.0,113.33791083919053,23.17891363389213,2018-10-02-06-00-10
1.0,113.33840987145186,23.178912726539323,2018-10-02-06-00-10
1.0,113.33766130734486,23.179163994790176,2018-10-02-06-00-10
1.0,113.33840985438023,23.17916263262917,2018-10-02-06-00-10
1.0,113.33890889033705,23.179161728374744,2018-10-02-06-00-10
1.0,113.33940793009599,23.179160827315414,2018-10-02-06-00-10
1.0,113.33566520282935,23.17941756494392,2018-10-02-06-00-10
1.0,113.33691275120823,23.179415269726345,2018-10-02-06-00-10
1.0,113.33816032072406,23.179412992054743,2018-10-02-06-00-10
1.0,113.33566518576802,23.179667471115284,2018-10-02-06-00-10
1.0,113.33591469383103,23.179667010741074,2018-10-02-06-00-10
1.0,113.33766127320686,23.179663807091682,2018-10-02-06-00-10
1.0,113.33840982023648,23.179662444930422,2018-10-02-06-00-10
1.0,113.33741174224953,23.179914168849855,2018-10-02-06-00-10
1.0,113.33840980316434,23.179912351141933,2018-10-02-06-00-10
1.0,113.33965740020373,23.179910096526186,2018-10-02-06-00-10
1.0,113.34265173713618,23.17990477345889,2018-10-02-06-00-10
1.0,113.33741172518107,23.1801640751022,2018-10-02-06-00-10
1.0,113.33791075384032,23.180163164747334,2018-10-02-06-00-10
1.0,113.33766122199863,23.18041352584864,2018-10-02-06-00-10
1.0,113.33840976901958,23.180412163687002,2018-10-02-06-00-10
1.0,113.33791071969905,23.180662977374052,2018-10-02-06-00-10
1.0,113.3438993736266,23.18065231478152,2018-10-02-06-00-10
1.0,113.33791070262818,23.180912883748622,2018-10-02-06-00-10
1.0,113.35063813418586,23.170644818849755,2018-10-02-06-00-10
1.0,113.35413237977271,23.170639345515433,2018-10-02-06-00-10
1.0,113.35113727571172,23.170893924853473,2018-10-02-06-00-10
1.0,113.35138685737697,23.170893527512998,2018-10-02-06-00-10
1.0,113.34639549115765,23.171151626501977,2018-10-02-06-00-10
1.0,113.34864152623669,23.171147876544833,2018-10-02-06-00-10
1.0,113.35238518284888,23.171141856885324,2018-10-02-06-00-10
1.0,113.34489817798793,23.171404083767023,2018-10-02-06-00-10
1.0,113.34963978402575,23.17139614694022,2018-10-02-06-00-10
1.0,113.34564680309259,23.171652707427548,2018-10-02-06-00-10
1.0,113.35013889618033,23.171895147310433,2018-10-02-06-00-10
1.0,113.35063804863164,23.17189434314444,2018-10-02-06-00-10
1.0,113.34514767283507,23.172153370400792,2018-10-02-06-00-10
1.0,113.34739364667928,23.172149567489388,2018-10-02-06-00-10
1.0,113.34789276689341,23.17214873530009,2018-10-02-06-00-10
1.0,113.3548810864662,23.17213763917391,2018-10-02-06-00-10
1.0,113.34514765574279,23.17240327541627,2018-10-02-06-00-10
1.0,113.34639540567558,23.172401151188918,2018-10-02-06-00-10
1.0,113.35013884485087,23.172644862354332,2018-10-02-06-00-10
1.0,113.34589626759441,23.172901807647627,2018-10-02-06-00-10
1.0,113.34614581887668,23.172901383921047,2018-10-02-06-00-10
1.0,113.34689448070938,23.172900119640627,2018-10-02-06-00-10
1.0,113.34714403735731,23.17289970055208,2018-10-02-06-00-10
1.0,113.35038840319675,23.172894364696013,2018-10-02-06-00-10
1.0,113.35088755871836,23.172893563212497,2018-10-02-06-00-10
1.0,113.34589625049894,23.173151712780278,2018-10-02-06-00-10
1.0,113.3466449083235,23.173150445038512,2018-10-02-06-00-10
1.0,113.35063796307323,23.173143868412584,2018-10-02-06-00-10
1.0,113.34489804125633,23.173403324048476,2018-10-02-06-00-10
1.0,113.34539713476003,23.173402468785625,2018-10-02-06-00-10
1.0,113.34664489122518,23.173400350210247,2018-10-02-06-00-10
1.0,113.34814224359282,23.173397846499615,2018-10-02-06-00-10
1.0,113.35288420979423,23.173390222793376,2018-10-02-06-00-10
1.0,113.34489802416412,23.173653229259774,2018-10-02-06-00-10
1.0,113.34864135518922,23.173646926891,2018-10-02-06-00-10
1.0,113.34514755318567,23.17390270633103,2018-10-02-06-00-10
1.0,113.34539708347751,23.174152184537274,2018-10-02-06-00-10
1.0,113.34614573339319,23.174150909976742,2018-10-02-06-00-10
1.0,113.346145716296,23.174400815305944,2018-10-02-06-00-10
1.0,113.34664482283026,23.174399971290367,2018-10-02-06-00-10
1.0,113.34864128676553,23.174646548127324,2018-10-02-06-00-10
1.0,113.3448979387006,23.174902755907116,2018-10-02-06-00-10
1.0,113.3451474848109,23.174902327727587,2018-10-02-06-00-10
1.0,113.34589613082598,23.17490104980976,2018-10-02-06-00-10
1.0,113.34564656376506,23.175151380115157,2018-10-02-06-00-10
1.0,113.34639521760025,23.17515010894585,2018-10-02-06-00-10
1.0,113.34464835966517,23.175402996106435,2018-10-02-06-00-10
1.0,113.34564654666897,23.175401285602682,2018-10-02-06-00-10
1.0,113.35562965467446,23.17588509669143,2018-10-02-06-00-10
1.0,113.3461455966109,23.176150153718797,2018-10-02-06-00-10
1.0,113.34714381504534,23.17614847034759,2018-10-02-06-00-10
1.0,113.34714379794325,23.17639837599397,2018-10-02-06-00-10
1.0,113.35113688208502,23.176641745620135,2018-10-02-06-00-10
1.0,113.34739332174503,23.176897769505597,2018-10-02-06-00-10
1.0,113.34839155063933,23.17714601578059,2018-10-02-06-00-10
1.0,113.34564640989431,23.177400530936488,2018-10-02-06-00-10
1.0,113.34639506370534,23.177399259766023,2018-10-02-06-00-10
1.0,113.34664461762941,23.17739883833459,2018-10-02-06-00-10
1.0,113.34539684413912,23.177650862760174,2018-10-02-06-00-10
1.0,113.34564639279672,23.177650436783217,2018-10-02-06-00-10
1.0,113.34614545981788,23.178149400011723,2018-10-02-06-00-10
