count,wgs_lng,wgs_lat,time
1.0,113.32593728031809,23.143949607388393,2018-09-26-02-33-32
1.0,113.32618676800116,23.143949131134626,2018-09-26-02-33-32
1.0,113.33117659659607,23.143939658784046,2018-09-26-02-33-32
1.0,113.33192508689157,23.143938250004137,2018-09-26-02-33-32
1.0,113.337663712389,23.143927610448454,2018-09-26-02-33-32
1.0,113.32468982851972,23.14420189177734,2018-09-26-02-33-32
1.0,113.32668572719483,23.14419808011868,2018-09-26-02-33-32
1.0,113.32718470458337,23.144197128931694,2018-09-26-02-33-32
1.0,113.33067758876898,23.14419050105102,2018-09-26-02-33-32
1.0,113.33192505284568,23.14443805195704,2018-09-26-02-33-32
1.0,113.33417055646586,23.14443385161744,2018-09-26-02-33-32
1.0,113.33491906978844,23.144432461277447,2018-09-26-02-33-32
1.0,113.33566758976671,23.144431076375767,2018-09-26-02-33-32
1.0,113.33716465112002,23.14442832420675,2018-09-26-02-33-32
1.0,113.33117654553593,23.144689361763003,2018-09-26-02-33-32
1.0,113.33267353132763,23.14468654831441,2018-09-26-02-33-32
1.0,113.33292303105131,23.144686081062872,2018-09-26-02-33-32
1.0,113.33342203241153,23.144685148090453,2018-09-26-02-33-32
1.0,113.33566757272877,23.14468097740082,2018-09-26-02-33-32
1.0,113.32618670000096,23.14494873517559,2018-09-26-02-33-32
1.0,113.32643618795198,23.14494825909442,2018-09-26-02-33-32
1.0,113.3291805771956,23.14494303714046,2018-09-26-02-33-32
1.0,113.32593719532247,23.145199112522036,2018-09-26-02-33-32
1.0,113.32618668300049,23.145198636268063,2018-09-26-02-33-32
1.0,113.3264361709505,23.14519816018685,2018-09-26-02-33-32
1.0,113.33092701583216,23.145189634363113,2018-09-26-02-33-32
1.0,113.33566753865236,23.14518077954966,2018-09-26-02-33-32
1.0,113.32568769090442,23.145449490061974,2018-09-26-02-33-32
1.0,113.3254381867334,23.145699867783097,2018-09-26-02-33-32
1.0,113.33516849050898,23.14568150447815,2018-09-26-02-33-32
1.0,113.3259371443231,23.145948815997837,2018-09-26-02-33-32
1.0,113.32668560817741,23.145947387766203,2018-09-26-02-33-32
1.0,113.32943000140021,23.14594216866293,2018-09-26-02-33-32
1.0,113.32992898726364,23.145941223588377,2018-09-26-02-33-32
1.0,113.33142595663196,23.145938397356545,2018-09-26-02-33-32
1.0,113.33392095125302,23.14593372286206,2018-09-26-02-33-32
1.0,113.3344199579884,23.145932794233005,2018-09-26-02-33-32
1.0,113.33516847347214,23.145931405668318,2018-09-26-02-33-32
1.0,113.3354179801213,23.1459309440301,2018-09-26-02-33-32
1.0,113.33591699573098,23.145930022652035,2018-09-26-02-33-32
1.0,113.32618661499696,23.146198240968577,2018-09-26-02-33-32
1.0,113.32918049213117,23.14619254293096,2018-09-26-02-33-32
1.0,113.32992897024742,23.146191124812592,2018-09-26-02-33-32
1.0,113.32992895323102,23.146441026070033,2018-09-26-02-33-32
1.0,113.33042794098212,23.146440082428107,2018-09-26-02-33-32
1.0,113.33367141485921,23.146433990496007,2018-09-26-02-33-32
1.0,113.32893096628419,23.14669281884434,2018-09-26-02-33-32
1.0,113.33042792396355,23.14668998371876,2018-09-26-02-33-32
1.0,113.32593707632162,23.14694842109696,2018-09-26-02-33-32
1.0,113.32893094927148,23.146942720168585,2018-09-26-02-33-32
1.0,113.3306774015612,23.146939413789877,2018-09-26-02-33-32
1.0,113.33342187914182,23.146934258806255,2018-09-26-02-33-32
1.0,113.33566741937969,23.14693008811324,2018-09-26-02-33-32
1.0,113.33591692757027,23.14692962774451,2018-09-26-02-33-32
1.0,113.33616643655334,23.146929168028915,2018-09-26-02-33-32
1.0,113.32918042407663,23.147192148161192,2018-09-26-02-33-32
1.0,113.33017839581024,23.147190258035963,2018-09-26-02-33-32
1.0,113.33067738454132,23.14718931514723,2018-09-26-02-33-32
1.0,113.33317236111752,23.14718462639057,2018-09-26-02-33-32
1.0,113.33616641951177,23.147179069385352,2018-09-26-02-33-32
1.0,113.33666543990635,23.147178151962276,2018-09-26-02-33-32
1.0,113.32468960758612,23.147450607277275,2018-09-26-02-33-32
26.0,113.32493909409605,23.147450130344506,2018-09-26-02-33-32
1.0,113.32668550615601,23.147446795614318,2018-09-26-02-33-32
1.0,113.32718448351831,23.147445844426258,2018-09-26-02-33-32
1.0,113.33017837879218,23.147440159426857,2018-09-26-02-33-32
1.0,113.33067736752126,23.147439216538043,2018-09-26-02-33-32
1.0,113.33092686264868,23.14743874568032,2018-09-26-02-33-32
1.0,113.33267334402875,23.147435461778837,2018-09-26-02-33-32
1.0,113.32468959059007,23.147700508702595,2018-09-26-02-33-32
1.0,113.33142583747298,23.14768770662414,2018-09-26-02-33-32
1.0,113.32493904310435,23.148199834721108,2018-09-26-02-33-32
1.0,113.33042782184872,23.148189392164873,2018-09-26-02-33-32
1.0,113.3306773164601,23.14818892091179,2018-09-26-02-33-32
1.0,113.33142580342606,23.14818750957331,2018-09-26-02-33-32
1.0,113.3331722929966,23.14818423215347,2018-09-26-02-33-32
1.0,113.33342179398615,23.14818376592588,2018-09-26-02-33-32
1.0,113.33691488316566,23.148177300039585,2018-09-26-02-33-32
1.0,113.33716439544598,23.148176843058202,2018-09-26-02-33-32
1.0,113.32967932394243,23.148440709697482,2018-09-26-02-33-32
1.0,113.33142578640235,23.148437411098392,2018-09-26-02-33-32
1.0,113.33317227596594,23.14843413367826,2018-09-26-02-33-32
1.0,113.33466929206098,23.148431344518443,2018-09-26-02-33-32
1.0,113.3271843984858,23.148695351887056,2018-09-26-02-33-32
1.0,113.3359168082826,23.14867893794445,2018-09-26-02-33-32
1.0,113.33616631725887,23.14867847822856,2018-09-26-02-33-32
1.0,113.32967928990848,23.148940512849503,2018-09-26-02-33-32
1.0,113.32992878305795,23.14894004048465,2018-09-26-02-33-32
1.0,113.33017827668034,23.148939568477996,2018-09-26-02-33-32
1.0,113.32468948861023,23.149199917961464,2018-09-26-02-33-32
1.0,113.32493897511308,23.149199441028408,2018-09-26-02-33-32
1.0,113.32967927289125,23.149190414476262,2018-09-26-02-33-32
1.0,113.32992876603973,23.14918994211137,2018-09-26-02-33-32
1.0,113.33017825966112,23.149189470104677,2018-09-26-02-33-32
1.0,113.33042775376883,23.149188998468528,2018-09-26-02-33-32
1.0,113.33117623914355,23.149187585906827,2018-09-26-02-33-32
1.0,113.33117622212016,23.149437487567244,2018-09-26-02-33-32
1.0,113.3339207127884,23.149432343036366,2018-09-26-02-33-32
1.0,113.33741382334689,23.149425894749193,2018-09-26-02-33-32
1.0,113.32493894111644,23.14969924438528,2018-09-26-02-33-32
1.0,113.328681270732,23.149692110626372,2018-09-26-02-33-32
1.0,113.32893076212062,23.14969163695215,2018-09-26-02-33-32
1.0,113.33092670945172,23.14968785971215,2018-09-26-02-33-32
1.0,113.33516821789958,23.14967992753342,2018-09-26-02-33-32
1.0,113.33017820860245,23.14993917518838,2018-09-26-02-33-32
1.0,113.32568736789922,23.15019761779381,2018-09-26-02-33-32
1.0,113.33167516396757,23.150186253123373,2018-09-26-02-33-32
1.0,113.32618632595226,23.15044656692125,2018-09-26-02-33-32
1.0,113.33042766866522,23.150438507111453,2018-09-26-02-33-32
1.0,113.33117615402497,23.15043709454913,2018-09-26-02-33-32
1.0,113.33616619795623,23.1504277900842,2018-09-26-02-33-32
1.0,113.33641570773145,23.150427331033356,2018-09-26-02-33-32
1.0,113.3369147297519,23.15042641497641,2018-09-26-02-33-32
1.0,113.33491864386276,23.150679996904568,2018-09-26-02-33-32
1.0,113.33616618091233,23.150677691914172,2018-09-26-02-33-32
1.0,113.33641569068658,23.150677232863288,2018-09-26-02-33-32
1.0,113.33142561615608,23.150936428214166,2018-09-26-02-33-32
1.0,113.33417011357744,23.15093128911224,2018-09-26-02-33-32
1.0,113.33466912168632,23.150930361628802,2018-09-26-02-33-32
1.0,113.33491862682357,23.15092989876899,2018-09-26-02-33-32
1.0,113.33666518423375,23.15092667635405,2018-09-26-02-33-32
1.0,113.32942964406658,23.15119010142683,2018-09-26-02-33-32
1.0,113.33491860978421,23.151179800667716,2018-09-26-02-33-32
1.0,113.33666516718758,23.151176578252485,2018-09-26-02-33-32
1.0,113.32918011779823,23.15169037837389,2018-09-26-02-33-32
1.0,113.32893060898222,23.151940753742636,2018-09-26-02-33-32
1.0,113.33616609569032,23.151927201578825,2018-09-26-02-33-32
1.0,113.33242350436053,23.152433964447898,2018-09-26-02-33-32
1.0,113.32743361549545,23.152693306206178,2018-09-26-02-33-32
1.0,113.32818208500791,23.152691881859955,2018-09-26-02-33-32
1.0,113.33516801341449,23.152678750527706,2018-09-26-02-33-32
1.0,113.32493872012212,23.15294796954205,2018-09-26-02-33-32
1.0,113.32818206799422,23.152941784001484,2018-09-26-02-33-32
1.0,113.32918003271132,23.15293988873433,2018-09-26-02-33-32
1.0,113.33591651854995,23.152927269648277,2018-09-26-02-33-32
1.0,113.32693460352029,23.15319406128211,2018-09-26-02-33-32
1.0,113.32868103252493,23.153190737951274,2018-09-26-02-33-32
1.0,113.3311759497234,23.153435918791313,2018-09-26-02-33-32
1.0,113.33317193531796,23.153432171334124,2018-09-26-02-33-32
1.0,113.32718405831415,23.153693390249423,2018-09-26-02-33-32
1.0,113.33192442287634,23.153684412251994,2018-09-26-02-33-32
1.0,113.33017793626423,23.15393760751813,2018-09-26-02-33-32
1.0,113.337663712389,23.143927610448454,2018-09-26-02-33-32
1.0,113.3389112960566,23.143925344062673,2018-09-26-02-33-32
1.0,113.34115700761997,23.143921315900812,2018-09-26-02-33-32
1.0,113.34140653629079,23.143920872701738,2018-09-26-02-33-32
1.0,113.34190559688615,23.143919989071765,2018-09-26-02-33-32
1.0,113.34739557793347,23.143910538741054,2018-09-26-02-33-32
1.0,113.33965984050276,23.144173894678577,2018-09-26-02-33-32
1.0,113.34215511177412,23.144169449623018,2018-09-26-02-33-32
1.0,113.3424046448425,23.144169010170344,2018-09-26-02-33-32
1.0,113.33491906978844,23.144432461277447,2018-09-26-02-33-32
1.0,113.33566758976671,23.144431076375767,2018-09-26-02-33-32
1.0,113.33716465112002,23.14442832420675,2018-09-26-02-33-32
1.0,113.3381627090152,23.144426503545294,2018-09-26-02-33-32
1.0,113.340408393848,23.1444224528412,2018-09-26-02-33-32
1.0,113.33566757272877,23.14468097740082,2018-09-26-02-33-32
1.0,113.34265414491372,23.144668373698895,2018-09-26-02-33-32
1.0,113.34564864823031,23.14466319153064,2018-09-26-02-33-32
1.0,113.34340273736045,23.144916965212538,2018-09-26-02-33-32
1.0,113.33566753865236,23.14518077954966,2018-09-26-02-33-32
1.0,113.33965977228911,23.145173498842,2018-09-26-02-33-32
1.0,113.3399092947456,23.145173050381292,2018-09-26-02-33-32
1.0,113.340408342679,23.1451721560127,2018-09-26-02-33-32
1.0,113.34240457658761,23.1451686143319,2018-09-26-02-33-32
1.0,113.34315316555697,23.145417202941292,2018-09-26-02-33-32
1.0,113.33516849050898,23.14568150447815,2018-09-26-02-33-32
1.0,113.33841214048917,23.1456755557084,2018-09-26-02-33-32
1.0,113.33891117670207,23.14567465146526,2018-09-26-02-33-32
1.0,113.3344199579884,23.145932794233005,2018-09-26-02-33-32
1.0,113.33516847347214,23.145931405668318,2018-09-26-02-33-32
1.0,113.3354179801213,23.1459309440301,2018-09-26-02-33-32
1.0,113.33591699573098,23.145930022652035,2018-09-26-02-33-32
1.0,113.34015876703688,23.145922306236194,2018-09-26-02-33-32
1.0,113.33891114259927,23.146174453877506,2018-09-26-02-33-32
1.0,113.33916064507011,23.146423904203882,2018-09-26-02-33-32
1.0,113.33941016555599,23.14642345408516,2018-09-26-02-33-32
1.0,113.34340261788334,23.146666273534734,2018-09-26-02-33-32
1.0,113.33566741937969,23.14693008811324,2018-09-26-02-33-32
1.0,113.33591692757027,23.14692962774451,2018-09-26-02-33-32
1.0,113.33616643655334,23.146929168028915,2018-09-26-02-33-32
1.0,113.34065774877517,23.146921018686502,2018-09-26-02-33-32
1.0,113.33616641951177,23.147179069385352,2018-09-26-02-33-32
1.0,113.33666543990635,23.147178151962276,2018-09-26-02-33-32
1.0,113.33866153877096,23.147424412219173,2018-09-26-02-33-32
1.0,113.33866152171944,23.147674313642167,2018-09-26-02-33-32
1.0,113.33866150466774,23.147924215098723,2018-09-26-02-33-32
1.0,113.33691488316566,23.148177300039585,2018-09-26-02-33-32
1.0,113.33716439544598,23.148176843058202,2018-09-26-02-33-32
1.0,113.3389110061814,23.148173664860273,2018-09-26-02-33-32
1.0,113.34190530681883,23.148168309860736,2018-09-26-02-33-32
1.0,113.33466929206098,23.148431344518443,2018-09-26-02-33-32
1.0,113.3359168082826,23.14867893794445,2018-09-26-02-33-32
1.0,113.33616631725887,23.14867847822856,2018-09-26-02-33-32
1.0,113.3394099950113,23.1489224684839,2018-09-26-02-33-32
1.0,113.3396595164641,23.14892201918764,2018-09-26-02-33-32
1.0,113.33965949940776,23.14917192081273,2018-09-26-02-33-32
1.0,113.33741382334689,23.149425894749193,2018-09-26-02-33-32
1.0,113.34514922753065,23.14941217034002,2018-09-26-02-33-32
1.0,113.33516821789958,23.14967992753342,2018-09-26-02-33-32
1.0,113.34340241304636,23.14966509161336,2018-09-26-02-33-32
1.0,113.34115659816631,23.149918948066578,2018-09-26-02-33-32
1.0,113.34390147484056,23.149914125357654,2018-09-26-02-33-32
1.0,113.34140610975109,23.15016840662725,2018-09-26-02-33-32
1.0,113.34440054146542,23.150163163284486,2018-09-26-02-33-32
1.0,113.33616619795623,23.1504277900842,2018-09-26-02-33-32
1.0,113.33641570773145,23.150427331033356,2018-09-26-02-33-32
1.0,113.3369147297519,23.15042641497641,2018-09-26-02-33-32
1.0,113.34639690954857,23.150409653104028,2018-09-26-02-33-32
1.0,113.34714557566362,23.1504083923311,2018-09-26-02-33-32
1.0,113.33491864386276,23.150679996904568,2018-09-26-02-33-32
1.0,113.33616618091233,23.150677691914172,2018-09-26-02-33-32
1.0,113.33641569068658,23.150677232863288,2018-09-26-02-33-32
1.0,113.34465005100736,23.1506625365757,2018-09-26-02-33-32
1.0,113.34639689246639,23.15065955493226,2018-09-26-02-33-32
1.0,113.33466912168632,23.150930361628802,2018-09-26-02-33-32
1.0,113.33491862682357,23.15092989876899,2018-09-26-02-33-32
1.0,113.33666518423375,23.15092667635405,2018-09-26-02-33-32
1.0,113.34140605855931,23.150918112114564,2018-09-26-02-33-32
1.0,113.33491860978421,23.151179800667716,2018-09-26-02-33-32
1.0,113.33666516718758,23.151176578252485,2018-09-26-02-33-32
1.0,113.34190508497005,23.15141703231167,2018-09-26-02-33-32
1.0,113.34739506541963,23.1514075819527,2018-09-26-02-33-32
1.0,113.33616609569032,23.151927201578825,2018-09-26-02-33-32
1.0,113.33516801341449,23.152678750527706,2018-09-26-02-33-32
1.0,113.33591651854995,23.152927269648277,2018-09-26-02-33-32
1.0,113.34714603689099,23.1436610557115,2018-09-26-02-33-32
2.0,113.3533854336621,23.14365099434277,2018-09-26-02-33-32
1.0,113.35463343270297,23.143649086663032,2018-09-26-02-33-32
1.0,113.34739557793347,23.143910538741054,2018-09-26-02-33-32
1.0,113.35513262726941,23.143898235094763,2018-09-26-02-33-32
1.0,113.35638068740384,23.143896381065012,2018-09-26-02-33-32
1.0,113.34989122027581,23.14415632861934,2018-09-26-02-33-32
1.0,113.35363499586727,23.14415041170698,2018-09-26-02-33-32
1.0,113.3558814408764,23.14414701891696,2018-09-26-02-33-32
1.0,113.34564864823031,23.14466319153064,2018-09-26-02-33-32
1.0,113.34914245591003,23.14490725173506,2018-09-26-02-33-32
1.0,113.3526365689417,23.144901661602717,2018-09-26-02-33-32
1.0,113.3491424388219,23.145157152823657,2018-09-26-02-33-32
1.0,113.35063987857683,23.145154724548227,2018-09-26-02-33-32
1.0,113.34889285366252,23.145407463202137,2018-09-26-02-33-32
1.0,113.34914242173362,23.14540705394526,2018-09-26-02-33-32
1.0,113.34939199127592,23.14540664596795,2018-09-26-02-33-32
1.0,113.3493919741866,23.145656547122563,2018-09-26-02-33-32
1.0,113.34914238755653,23.145906856287702,2018-09-26-02-33-32
1.0,113.34939195709711,23.145906448310303,2018-09-26-02-33-32
1.0,113.35363487614518,23.145899719322415,2018-09-26-02-33-32
1.0,113.34964151103067,23.146155942844644,2018-09-26-02-33-32
1.0,113.35613090068172,23.146395759760875,2018-09-26-02-33-32
1.0,113.35113890062117,23.1471531356785,2018-09-26-02-33-32
1.0,113.3496414255756,23.147405449448602,2018-09-26-02-33-32
1.0,113.35288595513649,23.147900087960778,2018-09-26-02-33-32
1.0,113.35712923710096,23.148393509986146,2018-09-26-02-33-32
1.0,113.35638036226281,23.14864450488639,2018-09-26-02-33-32
1.0,113.34514922753065,23.14941217034002,2018-09-26-02-33-32
1.0,113.35288583541386,23.14964939908424,2018-09-26-02-33-32
1.0,113.34440054146542,23.150163163284486,2018-09-26-02-33-32
1.0,113.34639690954857,23.150409653104028,2018-09-26-02-33-32
1.0,113.34714557566362,23.1504083923311,2018-09-26-02-33-32
1.0,113.35588101308126,23.150394553615897,2018-09-26-02-33-32
1.0,113.34465005100736,23.1506625365757,2018-09-26-02-33-32
1.0,113.34639689246639,23.15065955493226,2018-09-26-02-33-32
1.0,113.35488254151564,23.150895849921405,2018-09-26-02-33-32
1.0,113.34739506541963,23.1514075819527,2018-09-26-02-33-32
1.0,113.3571290145734,23.151642232845504,2018-09-26-02-33-32
1.0,113.34889239223854,23.152154806168888,2018-09-26-02-33-32
1.0,113.32493872012212,23.15294796954205,2018-09-26-02-33-32
1.0,113.32818206799422,23.152941784001484,2018-09-26-02-33-32
1.0,113.32918003271132,23.15293988873433,2018-09-26-02-33-32
1.0,113.33591651854995,23.152927269648277,2018-09-26-02-33-32
1.0,113.32693460352029,23.15319406128211,2018-09-26-02-33-32
1.0,113.32868103252493,23.153190737951274,2018-09-26-02-33-32
1.0,113.3311759497234,23.153435918791313,2018-09-26-02-33-32
1.0,113.33317193531796,23.153432171334124,2018-09-26-02-33-32
1.0,113.32718405831415,23.153693390249423,2018-09-26-02-33-32
1.0,113.33192442287634,23.153684412251994,2018-09-26-02-33-32
1.0,113.33017793626423,23.15393760751813,2018-09-26-02-33-32
1.0,113.32568709584827,23.15419605068834,2018-09-26-02-33-32
1.0,113.32917994762025,23.154189399963514,2018-09-26-02-33-32
1.0,113.33641545204084,23.154175862103564,2018-09-26-02-33-32
1.0,113.33666496262046,23.15417540372961,2018-09-26-02-33-32
1.0,113.32818196590856,23.15444119758236,2018-09-26-02-33-32
1.0,113.33541740073642,23.15442760460233,2018-09-26-02-33-32
1.0,113.33691445698292,23.15442484839477,2018-09-26-02-33-32
1.0,113.33716396923909,23.154424391412334,2018-09-26-02-33-32
1.0,113.3344193616968,23.154679357195825,2018-09-26-02-33-32
1.0,113.33641541794591,23.154675666837633,2018-09-26-02-33-32
1.0,113.33691443993344,23.15467475077926,2018-09-26-02-33-32
1.0,113.33741346530235,23.15467383752833,2018-09-26-02-33-32
1.0,113.33267283311108,23.15493251933007,2018-09-26-02-33-32
1.0,113.33566687402904,23.154926948395957,2018-09-26-02-33-32
1.0,113.3364154008982,23.154925569257355,2018-09-26-02-33-32
1.0,113.33741344825077,23.154923739947883,2018-09-26-02-33-32
1.0,113.32543754069509,23.15519613686827,2018-09-26-02-33-32
1.0,113.32618600284542,23.15519470763254,2018-09-26-02-33-32
1.0,113.33491833713171,23.15517823575807,2018-09-26-02-33-32
1.0,113.32568701082361,23.15544556279615,2018-09-26-02-33-32
1.0,113.32593649820157,23.155445086380077,2018-09-26-02-33-32
1.0,113.33067682279155,23.15543607904625,2018-09-26-02-33-32
1.0,113.3314253096708,23.15543466770416,2018-09-26-02-33-32
1.0,113.32543748968183,23.155945844450237,2018-09-26-02-33-32
1.0,113.32568697681258,23.155945367886044,2018-09-26-02-33-32
1.0,113.32793237363116,23.155941086953714,2018-09-26-02-33-32
1.0,113.33242326591815,23.155932597111207,2018-09-26-02-33-32
1.0,113.33267276497739,23.15593212936398,2018-09-26-02-33-32
1.0,113.33491828600462,23.15592794333531,2018-09-26-02-33-32
1.0,113.33117576242587,23.156184845420928,2018-09-26-02-33-32
1.0,113.33491826896191,23.15617784593182,2018-09-26-02-33-32
1.0,113.3351677748182,23.15617738367539,2018-09-26-02-33-32
1.0,113.33591629695714,23.156176000653964,2018-09-26-02-33-32
2.0,113.32543745567217,23.15644564968189,2018-09-26-02-33-32
1.0,113.33117574539783,23.15643474805354,2018-09-26-02-33-32
1.0,113.33466874680335,23.156428211424537,2018-09-26-02-33-32
2.0,113.32518795177121,23.156696029050988,2018-09-26-02-33-32
2.0,113.3256869257948,23.156695075786665,2018-09-26-02-33-32
1.0,113.333171713861,23.15668090326017,2018-09-26-02-33-32
1.0,113.32543742166183,23.156945455055663,2018-09-26-02-33-32
1.0,113.33566673766468,23.156926169026477,2018-09-26-02-33-32
1.0,113.33591624581634,23.156925708656072,2018-09-26-02-33-32
1.0,113.32868076024832,23.157189177541966,2018-09-26-02-33-32
1.0,113.33491820078946,23.157177456673175,2018-09-26-02-33-32
1.0,113.33566672061838,23.1571760717651,2018-09-26-02-33-32
1.0,113.33766280875483,23.15717240777167,2018-09-26-02-33-32
1.0,113.32593636214537,23.157444307591167,2018-09-26-02-33-32
1.0,113.32618584977384,23.157443831335165,2018-09-26-02-33-32
1.0,113.33616572066387,23.15742505445158,2018-09-26-02-33-32
1.0,113.33691425237815,23.15742367934027,2018-09-26-02-33-32
1.0,113.32618583276505,23.157693734146815,2018-09-26-02-33-32
1.0,113.3261858157561,23.157943636994275,2018-09-26-02-33-32
1.0,113.32843121824222,23.157939359947736,2018-09-26-02-33-32
1.0,113.33591617762625,23.1579253198248,2018-09-26-02-33-32
1.0,113.32518784974329,23.158195445815064,2018-09-26-02-33-32
1.0,113.3254373366331,23.158194969114817,2018-09-26-02-33-32
1.0,113.32618579874698,23.158193539877598,2018-09-26-02-33-32
1.0,113.32793222049149,23.15819021161457,2018-09-26-02-33-32
1.0,113.3286806921725,23.15818878885864,2018-09-26-02-33-32
1.0,113.32743322420787,23.158441064354776,2018-09-26-02-33-32
1.0,113.32868067515312,23.15843869177747,2018-09-26-02-33-32
1.0,113.32967864313696,23.158436798976858,2018-09-26-02-33-32
1.0,113.32518781573266,23.158695251689856,2018-09-26-02-33-32
1.0,113.32868065813359,23.158688594732276,2018-09-26-02-33-32
1.0,113.32543728561386,23.1589446779809,2018-09-26-02-33-32
1.0,113.33242306151296,23.15893143062795,2018-09-26-02-33-32
1.0,113.33641512811214,23.15892401279749,2018-09-26-02-33-32
1.0,113.32493829505401,23.159195534532515,2018-09-26-02-33-32
1.0,113.32518778172135,23.159195057708775,2018-09-26-02-33-32
1.0,113.3301775787556,23.159185563574024,2018-09-26-02-33-32
1.0,113.32518776471545,23.15944496077242,2018-09-26-02-33-32
1.0,113.33067653333448,23.159684426842972,2018-09-26-02-33-32
1.0,113.33092602841302,23.159683955983215,2018-09-26-02-33-32
1.0,113.32743312211835,23.15994048262642,2018-09-26-02-33-32
1.0,113.33267249241594,23.159930575202324,2018-09-26-02-33-32
1.0,113.33292199207928,23.15993010794825,2018-09-26-02-33-32
1.0,113.33342099331905,23.15992917497075,2018-09-26-02-33-32
1.0,113.32568668769198,23.160193716915277,2018-09-26-02-33-32
1.0,113.33292197504178,23.16018001111937,2018-09-26-02-33-32
1.0,113.33391998015695,23.16017814728698,2018-09-26-02-33-32
1.0,113.3259361580411,23.16044314370706,2018-09-26-02-33-32
1.0,113.33342095923994,23.16042898134918,2018-09-26-02-33-32
1.0,113.3349179792105,23.160426195545586,2018-09-26-02-33-32
1.0,113.33666453636174,23.16042297311952,2018-09-26-02-33-32
1.0,113.32568663666571,23.160943426650633,2018-09-26-02-33-32
1.0,113.32643509952203,23.160941997893257,2018-09-26-02-33-32
1.0,113.327183564947,23.160940570802047,2018-09-26-02-33-32
1.0,113.3251876456695,23.161194283234543,2018-09-26-02-33-32
1.0,113.3264350825099,23.16119190121124,2018-09-26-02-33-32
1.0,113.3261855776133,23.161442280649695,2018-09-26-02-33-32
1.0,113.3264350654976,23.1614418045658,2018-09-26-02-33-32
1.0,113.32967843884335,23.161435636822763,2018-09-26-02-33-32
1.0,113.32992793194275,23.16143516445584,2018-09-26-02-33-32
1.0,113.33391989494723,23.161427663688286,2018-09-26-02-33-32
1.0,113.32618556060186,23.16169218404094,2018-09-26-02-33-32
1.0,113.32693402512133,23.16169075635688,2018-09-26-02-33-32
1.0,113.32967842181779,23.161685540213426,2018-09-26-02-33-32
1.0,113.32643501445973,23.162191514849546,2018-09-26-02-33-32
1.0,113.32868041984258,23.162187239907993,2018-09-26-02-33-32
1.0,113.32693394004643,23.162940273864002,2018-09-26-02-33-32
1.0,113.32718342882109,23.16293979837234,2018-09-26-02-33-32
1.0,113.32768240736064,23.16293884806805,2018-09-26-02-33-32
1.0,113.33491780874596,23.162925229629177,2018-09-26-02-33-32
1.0,113.33591651854995,23.152927269648277,2018-09-26-02-33-32
1.0,113.33641545204084,23.154175862103564,2018-09-26-02-33-32
1.0,113.33666496262046,23.15417540372961,2018-09-26-02-33-32
1.0,113.33791252826445,23.154173122448462,2018-09-26-02-33-32
1.0,113.33541740073642,23.15442760460233,2018-09-26-02-33-32
1.0,113.33691445698292,23.15442484839477,2018-09-26-02-33-32
1.0,113.33716396923909,23.154424391412334,2018-09-26-02-33-32
1.0,113.33641541794591,23.154675666837633,2018-09-26-02-33-32
1.0,113.33691443993344,23.15467475077926,2018-09-26-02-33-32
1.0,113.33741346530235,23.15467383752833,2018-09-26-02-33-32
1.0,113.34664617313368,23.154657567451945,2018-09-26-02-33-32
1.0,113.33566687402904,23.154926948395957,2018-09-26-02-33-32
1.0,113.3364154008982,23.154925569257355,2018-09-26-02-33-32
1.0,113.33741344825077,23.154923739947883,2018-09-26-02-33-32
1.0,113.34714526811089,23.154906630522227,2018-09-26-02-33-32
1.0,113.33491833713171,23.15517823575807,2018-09-26-02-33-32
1.0,113.34614703229032,23.155158216332048,2018-09-26-02-33-32
1.0,113.34664613896167,23.155157372323103,2018-09-26-02-33-32
1.0,113.34714525102304,23.15515653297532,2018-09-26-02-33-32
1.0,113.33491828600462,23.15592794333531,2018-09-26-02-33-32
1.0,113.33791240888877,23.155922439631897,2018-09-26-02-33-32
1.0,113.34689564305044,23.155906659631935,2018-09-26-02-33-32
1.0,113.347394757839,23.155905822649043,2018-09-26-02-33-32
1.0,113.33491826896191,23.15617784593182,2018-09-26-02-33-32
1.0,113.3351677748182,23.15617738367539,2018-09-26-02-33-32
1.0,113.33591629695714,23.156176000653964,2018-09-26-02-33-32
1.0,113.34440013162353,23.1561608158994,2018-09-26-02-33-32
1.0,113.34664607061566,23.156156982488888,2018-09-26-02-33-32
1.0,113.33466874680335,23.156428211424537,2018-09-26-02-33-32
1.0,113.33791237477993,23.15642224485939,2018-09-26-02-33-32
1.0,113.34115615448287,23.156416405086514,2018-09-26-02-33-32
44.0,113.34739472366002,23.156405627873298,2018-09-26-02-33-32
1.0,113.33566673766468,23.156926169026477,2018-09-26-02-33-32
1.0,113.33591624581634,23.156925708656072,2018-09-26-02-33-32
1.0,113.34390099673803,23.156911387733008,2018-09-26-02-33-32
1.0,113.34415053795156,23.15691095529065,2018-09-26-02-33-32
1.0,113.33491820078946,23.157177456673175,2018-09-26-02-33-32
1.0,113.33566672061838,23.1571760717651,2018-09-26-02-33-32
1.0,113.33766280875483,23.15717240777167,2018-09-26-02-33-32
1.0,113.34365143965657,23.1571617239498,2018-09-26-02-33-32
1.0,113.3439009796605,23.157161290470235,2018-09-26-02-33-32
1.0,113.3463964482709,23.157157014650224,2018-09-26-02-33-32
1.0,113.33616572066387,23.15742505445158,2018-09-26-02-33-32
1.0,113.33691425237815,23.15742367934027,2018-09-26-02-33-32
1.0,113.34365142257981,23.15741162672277,2018-09-26-02-33-32
1.0,113.34415050379454,23.15741076080072,2018-09-26-02-33-32
1.0,113.33591617762625,23.1579253198248,2018-09-26-02-33-32
1.0,113.34489906648204,23.158409081262818,2018-09-26-02-33-32
1.0,113.33641512811214,23.15892401279749,2018-09-26-02-33-32
1.0,113.34464948740893,23.158909316463824,2018-09-26-02-33-32
1.0,113.3431522266196,23.159161817161973,2018-09-26-02-33-32
1.0,113.3394092614787,23.159668269675283,2018-09-26-02-33-32
1.0,113.34614670765671,23.159906369705443,2018-09-26-02-33-32
1.0,113.3349179792105,23.160426195545586,2018-09-26-02-33-32
1.0,113.33666453636174,23.16042297311952,2018-09-26-02-33-32
1.0,113.33915967279572,23.160668332549356,2018-09-26-02-33-32
1.0,113.34365114932874,23.161410075990435,2018-09-26-02-33-32
1.0,113.3451483734739,23.161907297713558,2018-09-26-02-33-32
1.0,113.34090623436444,23.162164619625933,2018-09-26-02-33-32
1.0,113.341405290502,23.162163732314784,2018-09-26-02-33-32
1.0,113.34090621729453,23.16241452312497,2018-09-26-02-33-32
1.0,113.34315198753656,23.16266046332493,2018-09-26-02-33-32
1.0,113.34340152514116,23.16266002780541,2018-09-26-02-33-32
1.0,113.35113843895871,23.15390048506445,2018-09-26-02-33-32
1.0,113.35588077347018,23.15389318232456,2018-09-26-02-33-32
1.0,113.34914182353779,23.154153614433042,2018-09-26-02-33-32
1.0,113.34814354298834,23.154405161378172,2018-09-26-02-33-32
1.0,113.34864267182242,23.15440433656549,2018-09-26-02-33-32
1.0,113.34664617313368,23.154657567451945,2018-09-26-02-33-32
1.0,113.34764440275332,23.154655893510007,2018-09-26-02-33-32
1.0,113.34814352589731,23.15465506376075,2018-09-26-02-33-32
1.0,113.34714526811089,23.154906630522227,2018-09-26-02-33-32
1.0,113.3483930725042,23.154904553149283,2018-09-26-02-33-32
1.0,113.34614703229032,23.155158216332048,2018-09-26-02-33-32
1.0,113.34664613896167,23.155157372323103,2018-09-26-02-33-32
1.0,113.34714525102304,23.15515653297532,2018-09-26-02-33-32
1.0,113.35613028454112,23.155392227474632,2018-09-26-02-33-32
1.0,113.34914172096933,23.15565302904436,2018-09-26-02-33-32
1.0,113.34689564305044,23.155906659631935,2018-09-26-02-33-32
1.0,113.347394757839,23.155905822649043,2018-09-26-02-33-32
1.0,113.34440013162353,23.1561608158994,2018-09-26-02-33-32
1.0,113.34664607061566,23.156156982488888,2018-09-26-02-33-32
44.0,113.34739472366002,23.156405627873298,2018-09-26-02-33-32
1.0,113.34789384398469,23.15640479568945,2018-09-26-02-33-32
1.0,113.3463964482709,23.157157014650224,2018-09-26-02-33-32
1.0,113.34914161839484,23.157152444928776,2018-09-26-02-33-32
1.0,113.34839290157433,23.157403579271065,2018-09-26-02-33-32
1.0,113.34864246669818,23.15740316748697,2018-09-26-02-33-32
1.0,113.35188693230945,23.1576478355848,2018-09-26-02-33-32
1.0,113.34489906648204,23.158409081262818,2018-09-26-02-33-32
1.0,113.34964065629144,23.15865104742994,2018-09-26-02-33-32
1.0,113.34464948740893,23.158909316463824,2018-09-26-02-33-32
1.0,113.34614670765671,23.159906369705443,2018-09-26-02-33-32
1.0,113.3451483734739,23.161907297713558,2018-09-26-02-33-32
1.0,113.35088831151818,23.161897775405446,2018-09-26-02-33-32
1.0,113.32643501445973,23.162191514849546,2018-09-26-02-33-32
1.0,113.32868041984258,23.162187239907993,2018-09-26-02-33-32
1.0,113.32693394004643,23.162940273864002,2018-09-26-02-33-32
1.0,113.32718342882109,23.16293979837234,2018-09-26-02-33-32
1.0,113.32768240736064,23.16293884806805,2018-09-26-02-33-32
1.0,113.33491780874596,23.162925229629177,2018-09-26-02-33-32
1.0,113.32593597092449,23.163192081417876,2018-09-26-02-33-32
1.0,113.32618545852968,23.163191605160925,2018-09-26-02-33-32
1.0,113.33516729752748,23.163174670982368,2018-09-26-02-33-32
6.0,113.32543697946696,23.16344293805001,2018-09-26-02-33-32
1.0,113.32718339478794,23.16343960563351,2018-09-26-02-33-32
1.0,113.3249379889406,23.163693795262123,2018-09-26-02-33-32
1.0,113.32668440054007,23.163690460513127,2018-09-26-02-33-32
1.0,113.32693388899949,23.16368998481148,2018-09-26-02-33-32
1.0,113.3271833777711,23.163689509319692,2018-09-26-02-33-32
1.0,113.33367023929772,23.163677260680046,2018-09-26-02-33-32
1.0,113.32493797193273,23.16394369898581,2018-09-26-02-33-32
1.0,113.32543694544731,23.163942745460087,2018-09-26-02-33-32
1.0,113.32718336075412,23.16393941304301,2018-09-26-02-33-32
1.0,113.33391972451528,23.16392669924575,2018-09-26-02-33-32
1.0,113.33416922746233,23.16392623464446,2018-09-26-02-33-32
1.0,113.33441873110918,23.163925770610685,2018-09-26-02-33-32
1.0,113.33516724638143,23.163924382036978,2018-09-26-02-33-32
1.0,113.33766234823254,23.16391979538076,2018-09-26-02-33-32
1.0,113.32493795492468,23.16419360274669,2018-09-26-02-33-32
1.0,113.32618539047823,23.16419121998069,2018-09-26-02-33-32
1.0,113.32693385496736,23.164189792295385,2018-09-26-02-33-32
1.0,113.32718334373698,23.164189316803515,2018-09-26-02-33-32
31.0,113.32768232226644,23.164188366498813,2018-09-26-02-33-32
1.0,113.3279318120531,23.16418789171071,2018-09-26-02-33-32
1.0,113.32743281581386,23.16443874533158,2018-09-26-02-33-32
1.0,113.33441869701686,23.164425578166536,2018-09-26-02-33-32
1.0,113.33791182894765,23.16441914812988,2018-09-26-02-33-32
1.0,113.32768228822759,23.164688174131452,2018-09-26-02-33-32
1.0,113.33342066954054,23.164677341492,2018-09-26-02-33-32
1.0,113.33491768941084,23.164674555684147,2018-09-26-02-33-32
1.0,113.3354167018098,23.16467363178495,2018-09-26-02-33-32
1.0,113.32518737353384,23.165192741338476,2018-09-26-02-33-32
1.0,113.32543686039527,23.16519226463707,2018-09-26-02-33-32
1.0,113.32793174397071,23.165187507125246,2018-09-26-02-33-32
1.0,113.33541666770866,23.16517343956443,2018-09-26-02-33-32
1.0,113.3271832586487,23.16543883616583,2018-09-26-02-33-32
1.0,113.3279317269497,23.165437411072407,2018-09-26-02-33-32
1.0,113.33541665065782,23.165423343510344,2018-09-26-02-33-32
1.0,113.32793170992852,23.165687315057085,2018-09-26-02-33-32
1.0,113.33367010294936,23.165676491502357,2018-09-26-02-33-32
1.0,113.33541663360683,23.165673247493775,2018-09-26-02-33-32
1.0,113.33441859473588,23.165925001731058,2018-09-26-02-33-32
1.0,113.33516710998461,23.165923613156345,2018-09-26-02-33-32
1.0,113.33541661655566,23.165923151514782,2018-09-26-02-33-32
1.0,113.33591563200945,23.16592223013003,2018-09-26-02-33-32
1.0,113.3259357667743,23.166190927668964,2018-09-26-02-33-32
1.0,113.3346680820396,23.166174442335482,2018-09-26-02-33-32
1.0,113.32518728848271,23.166442261452293,2018-09-26-02-33-32
1.0,113.32593574976069,23.16644083176686,2018-09-26-02-33-32
2.0,113.33491757006756,23.166423883569525,2018-09-26-02-33-32
1.0,113.33591559790271,23.166422038284818,2018-09-26-02-33-32
1.0,113.32718317355626,23.166688356466143,2018-09-26-02-33-32
1.0,113.32793164184213,23.1666869313721,2018-09-26-02-33-32
1.0,113.33441854359313,23.166674714020576,2018-09-26-02-33-32
1.0,113.3346680479423,23.166674250566114,2018-09-26-02-33-32
1.0,113.33516705883305,23.16667332544549,2018-09-26-02-33-32
1.0,113.33566607273544,23.166672402790834,2018-09-26-02-33-32
1.0,113.32493776782518,23.166942546586636,2018-09-26-02-33-32
1.0,113.32568622840161,23.166941116493906,2018-09-26-02-33-32
1.0,113.326185203323,23.166940163818364,2018-09-26-02-33-32
1.0,113.32868009639543,23.16693541278493,2018-09-26-02-33-32
1.0,113.33416902291016,23.166925082226875,2018-09-26-02-33-32
1.0,113.33441852654522,23.1669246181926,2018-09-26-02-33-32
1.0,113.33466803089341,23.166924154738098,2018-09-26-02-33-32
1.0,113.3351670417822,23.16692322961739,2018-09-26-02-33-32
1.0,113.33566605568262,23.166922306962647,2018-09-26-02-33-32
1.0,113.32967803018413,23.16743332843791,2018-09-26-02-33-32
1.0,113.33616503859061,23.167421195328686,2018-09-26-02-33-32
1.0,113.32543669027872,23.167691305807775,2018-09-26-02-33-32
1.0,113.32568617736186,23.16769082924164,2018-09-26-02-33-32
1.0,113.33466797974572,23.167673867481348,2018-09-26-02-33-32
1.0,113.32618513526157,23.16793978089096,2018-09-26-02-33-32
2.0,113.32768206695886,23.16793692740536,2018-09-26-02-33-32
1.0,113.33566598746972,23.16792192402893,2018-09-26-02-33-32
1.0,113.33591549557853,23.167921463656686,2018-09-26-02-33-32
1.0,113.33441844130314,23.168174139621534,2018-09-26-02-33-32
1.0,113.33591547852392,23.16817136801825,2018-09-26-02-33-32
1.0,113.32593561364591,23.168440065913266,2018-09-26-02-33-32
1.0,113.328929485555,23.1684343649422,2018-09-26-02-33-32
1.0,113.32568610930652,23.16869044677105,2018-09-26-02-33-32
1.0,113.33441840720513,23.168673948459578,2018-09-26-02-33-32
1.0,113.33466791154646,23.16867348500478,2018-09-26-02-33-32
1.0,113.33491741661418,23.168673022142006,2018-09-26-02-33-32
1.0,113.33541642898184,23.16867209824147,2018-09-26-02-33-32
1.0,113.33616495331268,23.168670717136557,2018-09-26-02-33-32
1.0,113.33491739956295,23.168922926618265,2018-09-26-02-33-32
1.0,113.33691346783706,23.168919246495516,2018-09-26-02-33-32
1.0,113.3249376147288,23.16919168585877,2018-09-26-02-33-32
1.0,113.3266840261723,23.16918835110341,2018-09-26-02-33-32
1.0,113.33466787744584,23.169173293995673,2018-09-26-02-33-32
1.0,113.33566590219985,23.16917144621872,2018-09-26-02-33-32
1.0,113.32493759771725,23.16944159041331,2018-09-26-02-33-32
1.0,113.33516687126448,23.169422273427056,2018-09-26-02-33-32
1.0,113.33192329858063,23.170178040306023,2018-09-26-02-33-32
1.0,113.33292129340511,23.17017616836921,2018-09-26-02-33-32
1.0,113.32818087662174,23.170435023437793,2018-09-26-02-33-32
1.0,113.32693341248914,23.170687303303147,2018-09-26-02-33-32
1.0,113.33292125931627,23.17067597782207,2018-09-26-02-33-32
1.0,113.32793135244525,23.170935307499406,2018-09-26-02-33-32
1.0,113.33092526192571,23.170929633791207,2018-09-26-02-33-32
1.0,113.33167375023915,23.17092822370112,2018-09-26-02-33-32
1.0,113.32643438486939,23.171437969378914,2018-09-26-02-33-32
1.0,113.33292119113658,23.17167559719223,2018-09-26-02-33-32
1.0,113.33541622433282,23.17167095449442,2018-09-26-02-33-32
1.0,113.32743230518649,23.171935876853816,2018-09-26-02-33-32
1.0,113.33317067434037,23.171925035381893,2018-09-26-02-33-32
1.0,113.3451483734739,23.161907297713558,2018-09-26-02-33-32
1.0,113.34090623436444,23.162164619625933,2018-09-26-02-33-32
1.0,113.341405290502,23.162163732314784,2018-09-26-02-33-32
1.0,113.34090621729453,23.16241452312497,2018-09-26-02-33-32
1.0,113.34315198753656,23.16266046332493,2018-09-26-02-33-32
1.0,113.34340152514116,23.16266002780541,2018-09-26-02-33-32
1.0,113.33491780874596,23.162925229629177,2018-09-26-02-33-32
1.0,113.33965856105188,23.162916563962842,2018-09-26-02-33-32
1.0,113.34015760683299,23.16291566788237,2018-09-26-02-33-32
1.0,113.33516729752748,23.163174670982368,2018-09-26-02-33-32
1.0,113.33841092956634,23.16341862582169,2018-09-26-02-33-32
1.0,113.34040709710321,23.163415028381294,2018-09-26-02-33-32
1.0,113.34315193630022,23.16341017415317,2018-09-26-02-33-32
1.0,113.34065660546761,23.163664486178245,2018-09-26-02-33-32
1.0,113.34265284751778,23.16366095186969,2018-09-26-02-33-32
1.0,113.3431519192211,23.163660077836674,2018-09-26-02-33-32
1.0,113.33516724638143,23.163924382036978,2018-09-26-02-33-32
1.0,113.33766234823254,23.16391979538076,2018-09-26-02-33-32
3.0,113.34215376331814,23.163911733536168,2018-09-26-02-33-32
6.0,113.34240329631325,23.163911294080133,2018-09-26-02-33-32
1.0,113.34290236571225,23.163910418078864,2018-09-26-02-33-32
1.0,113.3381613617392,23.164168790278733,2018-09-26-02-33-32
1.0,113.33841087838204,23.164168336986073,2018-09-26-02-33-32
1.0,113.33866039594913,23.164167884468032,2018-09-26-02-33-32
1.0,113.33890991445358,23.164167432736697,2018-09-26-02-33-32
1.0,113.33791182894765,23.16441914812988,2018-09-26-02-33-32
1.0,113.33841086132027,23.16441824078195,2018-09-26-02-33-32
1.0,113.3389098973899,23.164417336532495,2018-09-26-02-33-32
1.0,113.33491768941084,23.164674555684147,2018-09-26-02-33-32
1.0,113.3354167018098,23.16467363178495,2018-09-26-02-33-32
1.0,113.33890986326205,23.164917144236036,2018-09-26-02-33-32
1.0,113.33541666770866,23.16517343956443,2018-09-26-02-33-32
1.0,113.33541665065782,23.165423343510344,2018-09-26-02-33-32
1.0,113.33541663360683,23.165673247493775,2018-09-26-02-33-32
1.0,113.33841077600894,23.165667760321945,2018-09-26-02-33-32
1.0,113.33516710998461,23.165923613156345,2018-09-26-02-33-32
1.0,113.33541661655566,23.165923151514782,2018-09-26-02-33-32
1.0,113.33591563200945,23.16592223013003,2018-09-26-02-33-32
2.0,113.33491757006756,23.166423883569525,2018-09-26-02-33-32
1.0,113.33591559790271,23.166422038284818,2018-09-26-02-33-32
1.0,113.33516705883305,23.16667332544549,2018-09-26-02-33-32
1.0,113.33566607273544,23.166672402790834,2018-09-26-02-33-32
1.0,113.3351670417822,23.16692322961739,2018-09-26-02-33-32
1.0,113.33566605568262,23.166922306962647,2018-09-26-02-33-32
1.0,113.34165449577466,23.16691146286698,2018-09-26-02-33-32
1.0,113.33616503859061,23.167421195328686,2018-09-26-02-33-32
1.0,113.34115538630213,23.16766206109415,2018-09-26-02-33-32
1.0,113.33566598746972,23.16792192402893,2018-09-26-02-33-32
1.0,113.33591549557853,23.167921463656686,2018-09-26-02-33-32
1.0,113.34015726544945,23.167913747177952,2018-09-26-02-33-32
1.0,113.34215349008602,23.167910198164332,2018-09-26-02-33-32
1.0,113.33591547852392,23.16817136801825,2018-09-26-02-33-32
1.0,113.34165439331676,23.168410888688534,2018-09-26-02-33-32
1.0,113.33491741661418,23.168673022142006,2018-09-26-02-33-32
1.0,113.33541642898184,23.16867209824147,2018-09-26-02-33-32
1.0,113.33616495331268,23.168670717136557,2018-09-26-02-33-32
1.0,113.33491739956295,23.168922926618265,2018-09-26-02-33-32
1.0,113.33691346783706,23.168919246495516,2018-09-26-02-33-32
1.0,113.34040672154953,23.168912918091454,2018-09-26-02-33-32
1.0,113.34115530092781,23.16891158308842,2018-09-26-02-33-32
1.0,113.3421534217713,23.168909815835317,2018-09-26-02-33-32
1.0,113.33566590219985,23.16917144621872,2018-09-26-02-33-32
1.0,113.34040670447698,23.169162822605077,2018-09-26-02-33-32
1.0,113.34065622988952,23.169162376717125,2018-09-26-02-33-32
1.0,113.33516687126448,23.169422273427056,2018-09-26-02-33-32
1.0,113.34714427673853,23.169401032784556,2018-09-26-02-33-32
1.0,113.34065619574204,23.169662185859355,2018-09-26-02-33-32
1.0,113.34265243761307,23.169658651542658,2018-09-26-02-33-32
1.0,113.34040665325834,23.1699125363762,2018-09-26-02-33-32
1.0,113.34764334289093,23.170149912067885,2018-09-26-02-33-32
1.0,113.34090567096904,23.17041145485596,2018-09-26-02-33-32
1.0,113.34664509639387,23.17040149072533,2018-09-26-02-33-32
1.0,113.34689465169048,23.170401070460397,2018-09-26-02-33-32
1.0,113.34764332579111,23.170399816772516,2018-09-26-02-33-32
1.0,113.33841043472181,23.170665847944033,2018-09-26-02-33-32
1.0,113.33865995226402,23.1706653954249,2018-09-26-02-33-32
1.0,113.33915899017371,23.17066449275882,2018-09-26-02-33-32
1.0,113.33940851056737,23.17066404263601,2018-09-26-02-33-32
1.0,113.34639552534932,23.170651816899014,2018-09-26-02-33-32
1.0,113.34365050018575,23.17090643100664,2018-09-26-02-33-32
1.0,113.34489821216914,23.17090427408604,2018-09-26-02-33-32
1.0,113.3471441741506,23.170900460897602,2018-09-26-02-33-32
1.0,113.34739373217825,23.170900042997726,2018-09-26-02-33-32
1.0,113.34240280102159,23.171158518382793,2018-09-26-02-33-32
1.0,113.34365048309976,23.171156335827956,2018-09-26-02-33-32
1.0,113.34414956421398,23.171155469901205,2018-09-26-02-33-32
1.0,113.34464865021435,23.17115460817006,2018-09-26-02-33-32
1.0,113.34489819507861,23.17115417890714,2018-09-26-02-33-32
1.0,113.34639549115765,23.171151626501977,2018-09-26-02-33-32
1.0,113.34489817798793,23.171404083767023,2018-09-26-02-33-32
1.0,113.33541622433282,23.17167095449442,2018-09-26-02-33-32
1.0,113.34315137260101,23.171657015615455,2018-09-26-02-33-32
1.0,113.3434009101725,23.171656580094403,2018-09-26-02-33-32
1.0,113.34739368087936,23.171649757576123,2018-09-26-02-33-32
1.0,113.34514768992716,23.171903465424304,2018-09-26-02-33-32
1.0,113.3451483734739,23.161907297713558,2018-09-26-02-33-32
1.0,113.35088831151818,23.161897775405446,2018-09-26-02-33-32
1.0,113.35088824309526,23.162897389468526,2018-09-26-02-33-32
1.0,113.3518865730488,23.16289580289517,2018-09-26-02-33-32
1.0,113.3508881575628,23.16414690787962,2018-09-26-02-33-32
2.0,113.35338399655093,23.164642791362024,2018-09-26-02-33-32
1.0,113.35413279065145,23.16464164225168,2018-09-26-02-33-32
1.0,113.35063852768123,23.164897019439643,2018-09-26-02-33-32
1.0,113.35213600551985,23.16514454353853,2018-09-26-02-33-32
1.0,113.35413275641524,23.165141450024727,2018-09-26-02-33-32
1.0,113.35138723382487,23.16539563117355,2018-09-26-02-33-32
1.0,113.35413273929689,23.165391353967422,2018-09-26-02-33-32
1.0,113.35213597129602,23.165644351462145,2018-09-26-02-33-32
1.0,113.35238555937353,23.16564395971046,2018-09-26-02-33-32
1.0,113.35563028837865,23.166638616830923,2018-09-26-02-33-32
1.0,113.35038881381452,23.16689665315272,2018-09-26-02-33-32
1.0,113.35238547380688,23.166893480177805,2018-09-26-02-33-32
1.0,113.35513101845233,23.167389075775226,2018-09-26-02-33-32
1.0,113.35438211817026,23.16863972860625,2018-09-26-02-33-32
1.0,113.35712785012068,23.168635650158265,2018-09-26-02-33-32
1.0,113.35413248250146,23.16913991764092,2018-09-26-02-33-32
1.0,113.34714427673853,23.169401032784556,2018-09-26-02-33-32
1.0,113.34939031572608,23.169897125057137,2018-09-26-02-33-32
1.0,113.35263485812185,23.169891942845087,2018-09-26-02-33-32
1.0,113.35488124058766,23.169888495798066,2018-09-26-02-33-32
1.0,113.3571277644685,23.16988517290378,2018-09-26-02-33-32
1.0,113.34764334289093,23.170149912067885,2018-09-26-02-33-32
1.0,113.34939029862035,23.1701470297229,2018-09-26-02-33-32
1.0,113.35513083008955,23.1701380249788,2018-09-26-02-33-32
1.0,113.34664509639387,23.17040149072533,2018-09-26-02-33-32
1.0,113.34689465169048,23.170401070460397,2018-09-26-02-33-32
1.0,113.34764332579111,23.170399816772516,2018-09-26-02-33-32
1.0,113.34789288660306,23.170399401283806,2018-09-26-02-33-32
1.0,113.35038857429923,23.17039531552186,2018-09-26-02-33-32
1.0,113.35138689160286,23.170393717989157,2018-09-26-02-33-32
1.0,113.35488120633963,23.17038830516622,2018-09-26-02-33-32
1.0,113.34639552534932,23.170651816899014,2018-09-26-02-33-32
1.0,113.34489821216914,23.17090427408604,2018-09-26-02-33-32
1.0,113.3471441741506,23.170900460897602,2018-09-26-02-33-32
1.0,113.34739373217825,23.170900042997726,2018-09-26-02-33-32
1.0,113.34939024730211,23.170896743951765,2018-09-26-02-33-32
1.0,113.35113727571172,23.170893924853473,2018-09-26-02-33-32
1.0,113.34464865021435,23.17115460817006,2018-09-26-02-33-32
1.0,113.34489819507861,23.17115417890714,2018-09-26-02-33-32
1.0,113.34639549115765,23.171151626501977,2018-09-26-02-33-32
1.0,113.34864152623669,23.171147876544833,2018-09-26-02-33-32
1.0,113.35038852297025,23.171145029866203,2018-09-26-02-33-32
1.0,113.35238518284888,23.171141856885324,2018-09-26-02-33-32
1.0,113.34489817798793,23.171404083767023,2018-09-26-02-33-32
1.0,113.34988935645836,23.17139574155139,2018-09-26-02-33-32
1.0,113.35013893039913,23.17139533747595,2018-09-26-02-33-32
1.0,113.34739368087936,23.171649757576123,2018-09-26-02-33-32
1.0,113.35138680603687,23.171643242089306,2018-09-26-02-33-32
1.0,113.32643438486939,23.171437969378914,2018-09-26-02-33-32
1.0,113.33292119113658,23.17167559719223,2018-09-26-02-33-32
1.0,113.33541622433282,23.17167095449442,2018-09-26-02-33-32
1.0,113.32743230518649,23.171935876853816,2018-09-26-02-33-32
1.0,113.33317067434037,23.171925035381893,2018-09-26-02-33-32
1.0,113.32718279910007,23.172186257104254,2018-09-26-02-33-32
1.0,113.32743228816301,23.172185781833285,2018-09-26-02-33-32
1.0,113.33017669317981,23.17218057205566,2018-09-26-02-33-32
1.0,113.32718278207743,23.17243616212275,2018-09-26-02-33-32
1.0,113.32917870481631,23.172432367215638,2018-09-26-02-33-32
1.0,113.33317064024722,23.172424845377908,2018-09-26-02-33-32
1.0,113.33516666662116,23.17242113107153,2018-09-26-02-33-32
1.0,113.3354161731668,23.17242066942888,2018-09-26-02-33-32
1.0,113.33566568047863,23.17242020841495,2018-09-26-02-33-32
1.0,113.32593532436664,23.172688446621617,2018-09-26-02-33-32
1.0,113.32668378789631,23.172687018376713,2018-09-26-02-33-32
1.0,113.32693327631935,23.172686542673578,2018-09-26-02-33-32
1.0,113.3271827650546,23.1726860671803,2018-09-26-02-33-32
1.0,113.32768174351546,23.172685116872785,2018-09-26-02-33-32
1.0,113.32818072338607,23.172684167553093,2018-09-26-02-33-32
1.0,113.32843021388354,23.172683693294594,2018-09-26-02-33-32
1.0,113.3294281799339,23.172681799224726,2018-09-26-02-33-32
1.0,113.33416863078463,23.172672888741076,2018-09-26-02-33-32
1.0,113.3344181343971,23.17267242470584,2018-09-26-02-33-32
1.0,113.33541615611114,23.17267057448506,2018-09-26-02-33-32
1.0,113.336414190084,23.17266873432357,2018-09-26-02-33-32
1.0,113.33691321193203,23.172667818259164,2018-09-26-02-33-32
1.0,113.32668377087535,23.172936923473443,2018-09-26-02-33-32
1.0,113.32818070635905,23.17293407264958,2018-09-26-02-33-32
1.0,113.32942816290185,23.172931704321005,2018-09-26-02-33-32
1.0,113.3341686137337,23.172922793836563,2018-09-26-02-33-32
1.0,113.32518682913471,23.17318968654326,2018-09-26-02-33-32
1.0,113.32643426573206,23.173187304510037,2018-09-26-02-33-32
1.0,113.32693324227523,23.17318635290611,2018-09-26-02-33-32
1.0,113.32942814586964,23.17318160945643,2018-09-26-02-33-32
1.0,113.32967763846231,23.173181136741714,2018-09-26-02-33-32
1.0,113.33441810029309,23.173172234935883,2018-09-26-02-33-32
1.0,113.3251868121195,23.173439591718605,2018-09-26-02-33-32
3.0,113.32793118218929,23.17343435749037,2018-09-26-02-33-32
1.0,113.32843016279895,23.173433408701438,2018-09-26-02-33-32
1.0,113.32892914497921,23.17343246104871,2018-09-26-02-33-32
1.0,113.32942812883726,23.173431514631073,2018-09-26-02-33-32
1.0,113.32967762142893,23.173431041916313,2018-09-26-02-33-32
1.0,113.3316735798329,23.173427273685867,2018-09-26-02-33-32
2.0,113.32942811180472,23.17368141984498,2018-09-26-02-33-32
1.0,113.3346675705101,23.173671581867136,2018-09-26-02-33-32
1.0,113.33666363234806,23.17366789656194,2018-09-26-02-33-32
1.0,113.326184726837,23.173937496239255,2018-09-26-02-33-32
1.0,113.32643421467071,23.173937020153293,2018-09-26-02-33-32
1.0,113.32818063824931,23.1739336934276,2018-09-26-02-33-32
1.0,113.32843012874174,23.173933219168894,2018-09-26-02-33-32
1.0,113.32867961962684,23.17393274519424,2018-09-26-02-33-32
1.0,113.329428094772,23.1739313250982,2018-09-26-02-33-32
1.0,113.3379111805496,23.17391552051623,2018-09-26-02-33-32
1.0,113.32693317418502,23.174185973842125,2018-09-26-02-33-32
1.0,113.32718266291421,23.1741854983486,2018-09-26-02-33-32
1.0,113.32917858559668,23.174181703439167,2018-09-26-02-33-32
1.0,113.33566556107859,23.17416954463091,2018-09-26-02-33-32
1.0,113.33741213477776,23.174166336160255,2018-09-26-02-33-32
1.0,113.32593520523766,23.174437783123757,2018-09-26-02-33-32
1.0,113.32643418062898,23.1744368307789,2018-09-26-02-33-32
1.0,113.32668366874609,23.174436354877983,2018-09-26-02-33-32
1.0,113.32743213494406,23.17443492840965,2018-09-26-02-33-32
1.0,113.32793111408225,23.174433978583103,2018-09-26-02-33-32
1.0,113.32867958556695,23.174432555819102,2018-09-26-02-33-32
1.0,113.33716260467567,23.174416697762716,2018-09-26-02-33-32
1.0,113.33741211771316,23.174416241490942,2018-09-26-02-33-32
1.0,113.32593518821857,23.174687688495833,2018-09-26-02-33-32
1.0,113.3269331401389,23.17468578454647,2018-09-26-02-33-32
1.0,113.32793109705507,23.174683883954845,2018-09-26-02-33-32
1.0,113.32843007765466,23.174682935165503,2018-09-26-02-33-32
1.0,113.32942804367285,23.17468104109431,2018-09-26-02-33-32
1.0,113.32743210089357,23.174934739192842,2018-09-26-02-33-32
1.0,113.32892904279349,23.174931892923475,2018-09-26-02-33-32
1.0,113.3266836176792,23.175186071112503,2018-09-26-02-33-32
1.0,113.32743208386808,23.175184644643796,2018-09-26-02-33-32
1.0,113.32768157325792,23.17518416960692,2018-09-26-02-33-32
1.0,113.32843004359577,23.175182746027488,2018-09-26-02-33-32
1.0,113.32668360065657,23.175435976603215,2018-09-26-02-33-32
1.0,113.32743206684242,23.175434550134387,2018-09-26-02-33-32
1.0,113.32768155623125,23.17543407509747,2018-09-26-02-33-32
1.0,113.33267143583701,23.1754246426563,2018-09-26-02-33-32
1.0,113.33317043567426,23.175423708649106,2018-09-26-02-33-32
2.0,113.32693307204467,23.17568540643,2018-09-26-02-33-32
1.0,113.3274320498166,23.175684455664676,2018-09-26-02-33-32
1.0,113.32793102894469,23.175683505837714,2018-09-26-02-33-32
1.0,113.33541593437221,23.175919343793247,2018-09-26-02-33-32
1.0,113.33716250229031,23.175916130578045,2018-09-26-02-33-32
1.0,113.33766152922553,23.175915218760156,2018-09-26-02-33-32
1.0,113.33791104401399,23.175914763952584,2018-09-26-02-33-32
1.0,113.33591493268801,23.17616832801357,2018-09-26-02-33-32
1.0,113.33666346172683,23.17616695086029,2018-09-26-02-33-32
1.0,113.32618455663179,23.17643655095121,2018-09-26-02-33-32
1.0,113.3359148985676,23.17666813935006,2018-09-26-02-33-32
1.0,113.33641391710822,23.176667220574245,2018-09-26-02-33-32
1.0,113.33666342760057,23.176666762196525,2018-09-26-02-33-32
1.0,113.3266834985173,23.176935410383017,2018-09-26-02-33-32
1.0,113.32818043390408,23.17693255955518,2018-09-26-02-33-32
1.0,113.33142384460672,23.17692641987576,2018-09-26-02-33-32
1.0,113.3374119470579,23.17691529697809,2018-09-26-02-33-32
1.0,113.33641388298324,23.17716703207042,2018-09-26-02-33-32
1.0,113.3379109586738,23.177164292392163,2018-09-26-02-33-32
1.0,113.32718244158943,23.177434270764547,2018-09-26-02-33-32
1.0,113.33591484738571,23.177417856654657,2018-09-26-02-33-32
1.0,113.33691288773169,23.177416021812594,2018-09-26-02-33-32
1.0,113.32643394231818,23.17793550960404,2018-09-26-02-33-32
1.0,113.33666334228202,23.177916291237434,2018-09-26-02-33-32
1.0,113.33766139268693,23.177914464744262,2018-09-26-02-33-32
1.0,113.33791090746769,23.177914009936355,2018-09-26-02-33-32
1.0,113.32568546264798,23.178186844300342,2018-09-26-02-33-32
1.0,113.32593494993378,23.17818636788051,2018-09-26-02-33-32
1.0,113.32793085865708,23.178182563334893,2018-09-26-02-33-32
1.0,113.33142375939063,23.17817594912168,2018-09-26-02-33-32
1.0,113.33616430506383,23.17816711459957,2018-09-26-02-33-32
1.0,113.33791089039865,23.178163915864815,2018-09-26-02-33-32
1.0,113.32818033172246,23.17843199477417,2018-09-26-02-33-32
1.0,113.3311742462768,23.178426325126896,2018-09-26-02-33-32
1.0,113.3369128194713,23.17841564544674,2018-09-26-02-33-32
1.0,113.33791087332945,23.17841382183356,2018-09-26-02-33-32
1.0,113.32718235645702,23.178683800416056,2018-09-26-02-33-32
1.0,113.32743184549368,23.17868332514401,2018-09-26-02-33-32
1.0,113.33566525401233,23.178667846672944,2018-09-26-02-33-32
1.0,113.33666329108888,23.178666009144358,2018-09-26-02-33-32
1.0,113.33741182758928,23.17866463819701,2018-09-26-02-33-32
1.0,113.32668336232229,23.17893465766581,2018-09-26-02-33-32
1.0,113.32693285072004,23.17893418196164,2018-09-26-02-33-32
1.0,113.32718233943004,23.17893370646733,2018-09-26-02-33-32
1.0,113.33192270206843,23.178924728390367,2018-09-26-02-33-32
1.0,113.33292069675402,23.178922856447727,2018-09-26-02-33-32
1.0,113.33666327402416,23.17891591519405,2018-09-26-02-33-32
1.0,113.33741181052166,23.178914544246577,2018-09-26-02-33-32
1.0,113.33766132441362,23.178914088700207,2018-09-26-02-33-32
1.0,113.32743181143753,23.17918313728692,2018-09-26-02-33-32
1.0,113.33217218278925,23.179174165779482,2018-09-26-02-33-32
1.0,113.33666325695928,23.179165821284187,2018-09-26-02-33-32
1.0,113.33766130734486,23.179163994790176,2018-09-26-02-33-32
1.0,113.32743179440921,23.179433043419102,2018-09-26-02-33-32
1.0,113.32768128378189,23.17943256838152,2018-09-26-02-33-32
1.0,113.33142367417037,23.179425479374785,2018-09-26-02-33-32
1.0,113.33167317078978,23.179425009771478,2018-09-26-02-33-32
1.0,113.33267116306737,23.17942313592708,2018-09-26-02-33-32
1.0,113.33641372941256,23.179416185793013,2018-09-26-02-33-32
1.0,113.33691275120823,23.179415269726345,2018-09-26-02-33-32
1.0,113.32743177738071,23.17968294959184,2018-09-26-02-33-32
1.0,113.33317014582144,23.17967210809034,2018-09-26-02-33-32
1.0,113.33416815329525,23.17967024639229,2018-09-26-02-33-32
1.0,113.33466716117833,23.179669318899258,2018-09-26-02-33-32
1.0,113.33691273414205,23.1796651758975,2018-09-26-02-33-32
1.0,113.3371622463006,23.179664718910832,2018-09-26-02-33-32
2.0,113.3374117593178,23.179664262638177,2018-09-26-02-33-32
1.0,113.32568534350045,23.179936186944865,2018-09-26-02-33-32
2.0,113.32593483077916,23.179935710524745,2018-09-26-02-33-32
1.0,113.32842972000311,23.179930957185732,2018-09-26-02-33-32
1.0,113.3336691311581,23.179921082367674,2018-09-26-02-33-32
1.0,113.3344176398236,23.17991968856807,2018-09-26-02-33-32
1.0,113.33616418562326,23.179916457231887,2018-09-26-02-33-32
1.0,113.33741174224953,23.179914168849855,2018-09-26-02-33-32
1.0,113.32518635264566,23.180187046471254,2018-09-26-02-33-32
1.0,113.33117412697308,23.180175668048562,2018-09-26-02-33-32
1.0,113.33142362303622,23.180175198012886,2018-09-26-02-33-32
1.0,113.3371622121658,23.18016453137494,2018-09-26-02-33-32
1.0,113.33766123906821,23.18016361955562,2018-09-26-02-33-32
1.0,113.33791075384032,23.180163164747334,2018-09-26-02-33-32
1.0,113.33142360599116,23.18042510430695,2018-09-26-02-33-32
1.0,113.3316731026066,23.18042463470347,2018-09-26-02-33-32
1.0,113.33242159590617,23.18042322860972,2018-09-26-02-33-32
1.0,113.3344176057099,23.18041950111448,2018-09-26-02-33-32
1.0,113.33741170811246,23.18041398139526,2018-09-26-02-33-32
1.0,113.33791073676977,23.180413071040313,2018-09-26-02-33-32
1.0,113.33791071969905,23.180662977374052,2018-09-26-02-33-32
1.0,113.32518630158552,23.1809367654789,2018-09-26-02-33-32
1.0,113.33591460851702,23.18091654220789,2018-09-26-02-33-32
1.0,113.34365050018575,23.17090643100664,2018-09-26-02-33-32
1.0,113.34489821216914,23.17090427408604,2018-09-26-02-33-32
1.0,113.3471441741506,23.170900460897602,2018-09-26-02-33-32
1.0,113.34739373217825,23.170900042997726,2018-09-26-02-33-32
1.0,113.34240280102159,23.171158518382793,2018-09-26-02-33-32
1.0,113.34365048309976,23.171156335827956,2018-09-26-02-33-32
1.0,113.34414956421398,23.171155469901205,2018-09-26-02-33-32
1.0,113.34464865021435,23.17115460817006,2018-09-26-02-33-32
1.0,113.34489819507861,23.17115417890714,2018-09-26-02-33-32
1.0,113.34639549115765,23.171151626501977,2018-09-26-02-33-32
1.0,113.34489817798793,23.171404083767023,2018-09-26-02-33-32
1.0,113.33541622433282,23.17167095449442,2018-09-26-02-33-32
1.0,113.34315137260101,23.171657015615455,2018-09-26-02-33-32
1.0,113.3434009101725,23.171656580094403,2018-09-26-02-33-32
1.0,113.34739368087936,23.171649757576123,2018-09-26-02-33-32
1.0,113.34514768992716,23.171903465424304,2018-09-26-02-33-32
1.0,113.3386598498591,23.172164824707455,2018-09-26-02-33-32
1.0,113.34789276689341,23.17214873530009,2018-09-26-02-33-32
1.0,113.33516666662116,23.17242113107153,2018-09-26-02-33-32
1.0,113.3354161731668,23.17242066942888,2018-09-26-02-33-32
1.0,113.33566568047863,23.17242020841495,2018-09-26-02-33-32
2.0,113.34539720313438,23.172402848332865,2018-09-26-02-33-32
1.0,113.34639540567558,23.172401151188918,2018-09-26-02-33-32
1.0,113.33541615611114,23.17267057448506,2018-09-26-02-33-32
1.0,113.336414190084,23.17266873432357,2018-09-26-02-33-32
1.0,113.33691321193203,23.172667818259164,2018-09-26-02-33-32
1.0,113.34564673471664,23.17265232741125,2018-09-26-02-33-32
1.0,113.34664494251962,23.17265063481262,2018-09-26-02-33-32
1.0,113.34714405445706,23.172649795458796,2018-09-26-02-33-32
1.0,113.34789273268913,23.17264854536915,2018-09-26-02-33-32
1.0,113.33915883654691,23.172913637207564,2018-09-26-02-33-32
1.0,113.34065597376714,23.172910949052113,2018-09-26-02-33-32
1.0,113.34215314848564,23.172908292679818,2018-09-26-02-33-32
1.0,113.34539716894754,23.172902658480936,2018-09-26-02-33-32
1.0,113.34564671762224,23.172902232504793,2018-09-26-02-33-32
1.0,113.34664492542164,23.17290053990599,2018-09-26-02-33-32
1.0,113.34689448070938,23.172900119640627,2018-09-26-02-33-32
1.0,113.34165406882703,23.173159079579783,2018-09-26-02-33-32
2.0,113.34240266436464,23.173157758355504,2018-09-26-02-33-32
1.0,113.34514760446498,23.173152990697208,2018-09-26-02-33-32
1.0,113.34539715185387,23.173152563613673,2018-09-26-02-33-32
1.0,113.34589625049894,23.173151712780278,2018-09-26-02-33-32
1.0,113.34639535438431,23.173150866469214,2018-09-26-02-33-32
1.0,113.3466449083235,23.173150445038512,2018-09-26-02-33-32
1.0,113.3478926984842,23.173148355594613,2018-09-26-02-33-32
2.0,113.34265218137368,23.173407225036634,2018-09-26-02-33-32
1.0,113.34489804125633,23.173403324048476,2018-09-26-02-33-32
1.0,113.34539713476003,23.173402468785625,2018-09-26-02-33-32
1.0,113.34664489122518,23.173400350210247,2018-09-26-02-33-32
1.0,113.34739356117613,23.17339909295586,2018-09-26-02-33-32
1.0,113.33666363234806,23.17366789656194,2018-09-26-02-33-32
1.0,113.33915878533496,23.173663352726656,2018-09-26-02-33-32
1.0,113.34439893570071,23.173654088858804,2018-09-26-02-33-32
1.0,113.34589621630751,23.173651523163272,2018-09-26-02-33-32
1.0,113.34614576758709,23.173651099436565,2018-09-26-02-33-32
1.0,113.34664487412671,23.173650255421247,2018-09-26-02-33-32
1.0,113.347393544075,23.173648998166733,2018-09-26-02-33-32
1.0,113.3379111805496,23.17391552051623,2018-09-26-02-33-32
1.0,113.33816069624385,23.173915066459404,2018-09-26-02-33-32
1.0,113.34389983508564,23.17390485795113,2018-09-26-02-33-32
1.0,113.34539710057184,23.17390227924737,2018-09-26-02-33-32
1.0,113.34589619921154,23.173901428413718,2018-09-26-02-33-32
1.0,113.34614575049022,23.173901004686968,2018-09-26-02-33-32
1.0,113.34639530309154,23.17390058210239,2018-09-26-02-33-32
1.0,113.34689441231225,23.173899740406025,2018-09-26-02-33-32
1.0,113.3473935269737,23.173898903416916,2018-09-26-02-33-32
1.0,113.33566556107859,23.17416954463091,2018-09-26-02-33-32
1.0,113.33741213477776,23.174166336160255,2018-09-26-02-33-32
1.0,113.33816067917653,23.17416497175054,2018-09-26-02-33-32
1.0,113.33841019578104,23.174164518456195,2018-09-26-02-33-32
1.0,113.3389092317761,23.174163614203454,2018-09-26-02-33-32
1.0,113.33990731527668,23.174161815379687,2018-09-26-02-33-32
1.0,113.3429016653553,23.174156503276397,2018-09-26-02-33-32
1.0,113.34439890151944,23.17415389939958,2018-09-26-02-33-32
1.0,113.34539708347751,23.174152184537274,2018-09-26-02-33-32
1.0,113.3456466321477,23.174151758560914,2018-09-26-02-33-32
1.0,113.3458961821154,23.174151333703534,2018-09-26-02-33-32
1.0,113.34614573339319,23.174150909976742,2018-09-26-02-33-32
1.0,113.34689439521256,23.17414964569567,2018-09-26-02-33-32
1.0,113.34739350987223,23.174148808706477,2018-09-26-02-33-32
1.0,113.33716260467567,23.174416697762716,2018-09-26-02-33-32
1.0,113.33741211771316,23.174416241490942,2018-09-26-02-33-32
1.0,113.34340072222214,23.17440553656129,2018-09-26-02-33-32
1.0,113.3441493420573,23.174404236125525,2018-09-26-02-33-32
1.0,113.34439888442854,23.17440380472908,2018-09-26-02-33-32
1.0,113.34564661505229,23.1744016638902,2018-09-26-02-33-32
1.0,113.346145716296,23.174400815305944,2018-09-26-02-33-32
1.0,113.34639526889552,23.17440039272128,2018-09-26-02-33-32
1.0,113.34664482283026,23.174399971290367,2018-09-26-02-33-32
1.0,113.3468943781127,23.174399551024745,2018-09-26-02-33-32
1.0,113.33816064504137,23.17466478245114,2018-09-26-02-33-32
1.0,113.33940823742844,23.17466252384599,2018-09-26-02-33-32
1.0,113.33990728112818,23.174661626079697,2018-09-26-02-33-32
1.0,113.34315116757429,23.174655877452004,2018-09-26-02-33-32
1.0,113.34340070513474,23.17465544193044,2018-09-26-02-33-32
1.0,113.34365024387854,23.17465500742249,2018-09-26-02-33-32
1.0,113.34414932496716,23.174654141494546,2018-09-26-02-33-32
1.0,113.34464841094207,23.174653279762204,2018-09-26-02-33-32
1.0,113.34489795579364,23.17465285049869,2018-09-26-02-33-32
1.0,113.34514750190483,23.1746524223192,2018-09-26-02-33-32
1.0,113.34614569919862,23.17465072067462,2018-09-26-02-33-32
1.0,113.34639525179726,23.174650298089915,2018-09-26-02-33-32
1.0,113.33816062797354,23.17491468786071,2018-09-26-02-33-32
1.0,113.34265207886737,23.17490665689758,2018-09-26-02-33-32
1.0,113.34340068804718,23.174905347339127,2018-09-26-02-33-32
1.0,113.34365022679006,23.174904912831135,2018-09-26-02-33-32
1.0,113.34439885024626,23.174903615506576,2018-09-26-02-33-32
1.0,113.34464839384994,23.174903185170677,2018-09-26-02-33-32
1.0,113.3451474848109,23.174902327727587,2018-09-26-02-33-32
1.0,113.34539703219347,23.174901900643754,2018-09-26-02-33-32
1.0,113.34564658086097,23.174901474667266,2018-09-26-02-33-32
1.0,113.34614568210108,23.174900626082835,2018-09-26-02-33-32
7.0,113.34664478863179,23.174899782067087,2018-09-26-02-33-32
1.0,113.34689434391245,23.17489936180138,2018-09-26-02-33-32
1.0,113.34315113340082,23.17515568830905,2018-09-26-02-33-32
1.0,113.34365020970141,23.175154818279367,2018-09-26-02-33-32
1.0,113.34464837675763,23.175153090618736,2018-09-26-02-33-32
1.0,113.34514746771679,23.17515223317556,2018-09-26-02-33-32
1.0,113.34539701509846,23.175151806091684,2018-09-26-02-33-32
1.0,113.34564656376506,23.175151380115157,2018-09-26-02-33-32
1.0,113.34614566500338,23.175150531530637,2018-09-26-02-33-32
1.0,113.34639521760025,23.17515010894585,2018-09-26-02-33-32
1.0,113.34689432681208,23.17514926724905,2018-09-26-02-33-32
1.0,113.33965770756231,23.175411790892163,2018-09-26-02-33-32
1.0,113.34015675324873,23.17541089480747,2018-09-26-02-33-32
1.0,113.34265204469726,23.175406467834023,2018-09-26-02-33-32
1.0,113.34464835966517,23.175402996106435,2018-09-26-02-33-32
1.0,113.34539699800328,23.175401711579255,2018-09-26-02-33-32
1.0,113.34764298375926,23.175397919045892,2018-09-26-02-33-32
1.0,113.33841009336781,23.17566395103258,2018-09-26-02-33-32
1.0,113.33965769048825,23.175661696420413,2018-09-26-02-33-32
1.0,113.33990721282916,23.175661247954555,2018-09-26-02-33-32
1.0,113.3404062605321,23.17566035357565,2018-09-26-02-33-32
1.0,113.34115483983422,23.17565901856919,2018-09-26-02-33-32
6.0,113.34439879897158,23.17565333196986,2018-09-26-02-33-32
1.0,113.33541593437221,23.175919343793247,2018-09-26-02-33-32
1.0,113.33716250229031,23.175916130578045,2018-09-26-02-33-32
1.0,113.33766152922553,23.175915218760156,2018-09-26-02-33-32
1.0,113.33791104401399,23.175914763952584,2018-09-26-02-33-32
1.0,113.33816055970055,23.175914309895425,2018-09-26-02-33-32
1.0,113.33940815206375,23.175912051289224,2018-09-26-02-33-32
1.0,113.34040624345504,23.17591025914352,2018-09-26-02-33-32
1.0,113.34489787032678,23.17590237793725,2018-09-26-02-33-32
1.0,113.34714383214727,23.175898564741072,2018-09-26-02-33-32
1.0,113.3476429495524,23.175897730139404,2018-09-26-02-33-32
1.0,113.33591493268801,23.17616832801357,2018-09-26-02-33-32
1.0,113.33666346172683,23.17616695086029,2018-09-26-02-33-32
1.0,113.3389090952085,23.17616285795538,2018-09-26-02-33-32
1.0,113.34040622637781,23.17616016475119,2018-09-26-02-33-32
1.0,113.34065575176396,23.176159718862056,2018-09-26-02-33-32
1.0,113.34165386385502,23.176157944254147,2018-09-26-02-33-32
1.0,113.3448978532329,23.176152283544152,2018-09-26-02-33-32
1.0,113.3466447031327,23.17614930970262,2018-09-26-02-33-32
1.0,113.34689425840891,23.176148889436696,2018-09-26-02-33-32
1.0,113.33816052556307,23.176414121151385,2018-09-26-02-33-32
1.0,113.33890907813681,23.176412763603164,2018-09-26-02-33-32
1.0,113.33915859754495,23.176412312668546,2018-09-26-02-33-32
1.0,113.3394081179167,23.17641186254476,2018-09-26-02-33-32
1.0,113.34015668494393,23.176410517158832,2018-09-26-02-33-32
1.0,113.34215290932555,23.17640696813369,2018-09-26-02-33-32
1.0,113.34564647828299,23.176400907950296,2018-09-26-02-33-32
2.0,113.3458960282426,23.17640048309253,2018-09-26-02-33-32
1.0,113.3359148985676,23.17666813935006,2018-09-26-02-33-32
1.0,113.33641391710822,23.176667220574245,2018-09-26-02-33-32
1.0,113.33666342760057,23.176666762196525,2018-09-26-02-33-32
1.0,113.33816050849407,23.176664026839205,2018-09-26-02-33-32
1.0,113.33865954260824,23.176663121024298,2018-09-26-02-33-32
1.0,113.33890906106494,23.17666266929086,2018-09-26-02-33-32
1.0,113.33915858047213,23.1766622183562,2018-09-26-02-33-32
1.0,113.33990714452747,23.176660870465405,2018-09-26-02-33-32
1.0,113.34090524403308,23.176659085190636,2018-09-26-02-33-32
10.0,113.34115477151369,23.176658641079197,2018-09-26-02-33-32
1.0,113.34265195926908,23.176655995870746,2018-09-26-02-33-32
1.0,113.34489781904463,23.176652094877596,2018-09-26-02-33-32
1.0,113.347143780841,23.176648281680258,2018-09-26-02-33-32
1.0,113.3374119470579,23.17691529697809,2018-09-26-02-33-32
1.0,113.3381604914249,23.17691393256699,2018-09-26-02-33-32
1.0,113.33865952553715,23.176913026751997,2018-09-26-02-33-32
1.0,113.3389090439929,23.176912575018516,2018-09-26-02-33-32
1.0,113.33915856339914,23.176912124083813,2018-09-26-02-33-32
1.0,113.33940808376899,23.176911673959946,2018-09-26-02-33-32
1.0,113.33990712745164,23.176910776192894,2018-09-26-02-33-32
1.0,113.34015665079052,23.17691032857376,2018-09-26-02-33-32
1.0,113.34315101378843,23.17690502756024,2018-09-26-02-33-32
1.0,113.34739332174503,23.176897769505597,2018-09-26-02-33-32
1.0,113.33641388298324,23.17716703207042,2018-09-26-02-33-32
1.0,113.3379109586738,23.177164292392163,2018-09-26-02-33-32
1.0,113.33816047435558,23.177163838334796,2018-09-26-02-33-32
1.0,113.33840999094858,23.177163385039947,2018-09-26-02-33-32
1.0,113.33865950846591,23.177162932519717,2018-09-26-02-33-32
1.0,113.33965758804041,23.177161130426516,2018-09-26-02-33-32
1.0,113.34015663371358,23.17716023434123,2018-09-26-02-33-32
1.0,113.34090520987368,23.1771588966853,2018-09-26-02-33-32
1.0,113.34290146031955,23.177155369851008,2018-09-26-02-33-32
1.0,113.34564642699173,23.177150625129887,2018-09-26-02-33-32
1.0,113.34614552821573,23.17714977654468,2018-09-26-02-33-32
1.0,113.34739330464156,23.17714767527183,2018-09-26-02-33-32
1.0,113.33591484738571,23.177417856654657,2018-09-26-02-33-32
1.0,113.33691288773169,23.177416021812594,2018-09-26-02-33-32
1.0,113.33840997387811,23.177413290847785,2018-09-26-02-33-32
1.0,113.3386594913945,23.177412838327513,2018-09-26-02-33-32
1.0,113.33890900984832,23.177412386593947,2018-09-26-02-33-32
1.0,113.344897767761,23.177401812177628,2018-09-26-02-33-32
1.0,113.34564640989431,23.177400530936488,2018-09-26-02-33-32
1.0,113.3471437295332,23.177397998979128,2018-09-26-02-33-32
1.0,113.33890899277579,23.177662292441823,2018-09-26-02-33-32
1.0,113.3396575538898,23.17766094208189,2018-09-26-02-33-32
1.0,113.33990707622311,23.177660493615694,2018-09-26-02-33-32
1.0,113.34589594275187,23.177650011925234,2018-09-26-02-33-32
1.0,113.34639504660507,23.17764916561262,2018-09-26-02-33-32
1.0,113.33666334228202,23.177916291237434,2018-09-26-02-33-32
1.0,113.33766139268693,23.177914464744262,2018-09-26-02-33-32
1.0,113.33791090746769,23.177914009936355,2018-09-26-02-33-32
1.0,113.33865945725117,23.17791265006353,2018-09-26-02-33-32
1.0,113.33890897570308,23.17791219832988,2018-09-26-02-33-32
1.0,113.33990705914661,23.177910399503585,2018-09-26-02-33-32
1.0,113.34215280681832,23.177906402857108,2018-09-26-02-33-32
1.0,113.34389956164316,23.177903347355,2018-09-26-02-33-32
1.0,113.33616430506383,23.17816711459957,2018-09-26-02-33-32
1.0,113.33791089039865,23.178163915864815,2018-09-26-02-33-32
1.0,113.33816040607657,23.178163461807276,2018-09-26-02-33-32
1.0,113.33890895863021,23.178162104258174,2018-09-26-02-33-32
1.0,113.33965751973851,23.178160753897988,2018-09-26-02-33-32
1.0,113.34040608975396,23.178159411051958,2018-09-26-02-33-32
1.0,113.3421527897332,23.17815630878485,2018-09-26-02-33-32
1.0,113.34240232267541,23.178155869326392,2018-09-26-02-33-32
1.0,113.3369128194713,23.17841564544674,2018-09-26-02-33-32
1.0,113.33791087332945,23.17841382183356,2018-09-26-02-33-32
1.0,113.33840990559462,23.17841291448092,2018-09-26-02-33-32
1.0,113.34190324082587,23.178406655165823,2018-09-26-02-33-32
1.0,113.34240230558919,23.178405775294376,2018-09-26-02-33-32
1.0,113.34265183966257,23.178405336802193,2018-09-26-02-33-32
1.0,113.33566525401233,23.178667846672944,2018-09-26-02-33-32
1.0,113.33666329108888,23.178666009144358,2018-09-26-02-33-32
1.0,113.33741182758928,23.17866463819701,2018-09-26-02-33-32
1.0,113.3386594060349,23.178662367969444,2018-09-26-02-33-32
1.0,113.33915844388353,23.17866146530067,2018-09-26-02-33-32
1.0,113.33940796424672,23.17866101517651,2018-09-26-02-33-32
1.0,113.33965748558654,23.17866056587523,2018-09-26-02-33-32
1.0,113.34664453212193,23.178648367969714,2018-09-26-02-33-32
1.0,113.34689408738927,23.178647947703357,2018-09-26-02-33-32
1.0,113.33666327402416,23.17891591519405,2018-09-26-02-33-32
1.0,113.33741181052166,23.178914544246577,2018-09-26-02-33-32
1.0,113.33766132441362,23.178914088700207,2018-09-26-02-33-32
1.0,113.3386593889625,23.178912274018803,2018-09-26-02-33-32
1.0,113.33940794717144,23.17891092122574,2018-09-26-02-33-32
1.0,113.33965746851032,23.178910471924418,2018-09-26-02-33-32
1.0,113.33666325695928,23.179165821284187,2018-09-26-02-33-32
1.0,113.33766130734486,23.179163994790176,2018-09-26-02-33-32
1.0,113.33840985438023,23.17916263262917,2018-09-26-02-33-32
1.0,113.3386593718899,23.179162180108605,2018-09-26-02-33-32
1.0,113.33915840973471,23.17916127743966,2018-09-26-02-33-32
1.0,113.33940793009599,23.179160827315414,2018-09-26-02-33-32
1.0,113.34240225432953,23.179155493440597,2018-09-26-02-33-32
1.0,113.33641372941256,23.179416185793013,2018-09-26-02-33-32
1.0,113.33691275120823,23.179415269726345,2018-09-26-02-33-32
1.0,113.33890887326334,23.17941163450501,2018-09-26-02-33-32
1.0,113.33940791302038,23.179410733445597,2018-09-26-02-33-32
1.0,113.33691273414205,23.1796651758975,2018-09-26-02-33-32
1.0,113.3371622463006,23.179664718910832,2018-09-26-02-33-32
2.0,113.3374117593178,23.179664262638177,2018-09-26-02-33-32
1.0,113.33816030365305,23.17966289822569,2018-09-26-02-33-32
1.0,113.33840982023648,23.179662444930422,2018-09-26-02-33-32
1.0,113.33865933774423,23.179661992409773,2018-09-26-02-33-32
1.0,113.33890885618946,23.17966154067583,2018-09-26-02-33-32
1.0,113.33915837558521,23.179661089740662,2018-09-26-02-33-32
1.0,113.33965741728062,23.179660190314884,2018-09-26-02-33-32
1.0,113.33616418562326,23.179916457231887,2018-09-26-02-33-32
1.0,113.33741174224953,23.179914168849855,2018-09-26-02-33-32
1.0,113.33816028658188,23.179912804437244,2018-09-26-02-33-32
1.0,113.33840980316434,23.179912351141933,2018-09-26-02-33-32
1.0,113.33865932067116,23.179911898621242,2018-09-26-02-33-32
1.0,113.33940787886866,23.179910545827674,2018-09-26-02-33-32
1.0,113.34015644585605,23.17990920043997,2018-09-26-02-33-32
1.0,113.34315080871951,23.179903899420342,2018-09-26-02-33-32
1.0,113.3371622121658,23.18016453137494,2018-09-26-02-33-32
1.0,113.33766123906821,23.18016361955562,2018-09-26-02-33-32
1.0,113.33791075384032,23.180163164747334,2018-09-26-02-33-32
1.0,113.33890882204122,23.180161353139347,2018-09-26-02-33-32
1.0,113.3399069054505,23.180159554311533,2018-09-26-02-33-32
1.0,113.33741170811246,23.18041398139526,2018-09-26-02-33-32
1.0,113.33791073676977,23.180413071040313,2018-09-26-02-33-32
1.0,113.33816025243904,23.180412616982395,2018-09-26-02-33-32
1.0,113.33865928652448,23.180411711166226,2018-09-26-02-33-32
1.0,113.33890880496683,23.180411259432155,2018-09-26-02-33-32
1.0,113.33791071969905,23.180662977374052,2018-09-26-02-33-32
1.0,113.33840975194695,23.18066207002066,2018-09-26-02-33-32
1.0,113.33591460851702,23.18091654220789,2018-09-26-02-33-32
1.0,113.33865925237713,23.180911523874283,2018-09-26-02-33-32
1.0,113.34389935653317,23.180902221155073,2018-09-26-02-33-32
1.0,113.34639552534932,23.170651816899014,2018-09-26-02-33-32
1.0,113.34489821216914,23.17090427408604,2018-09-26-02-33-32
1.0,113.3471441741506,23.170900460897602,2018-09-26-02-33-32
1.0,113.34739373217825,23.170900042997726,2018-09-26-02-33-32
1.0,113.34939024730211,23.170896743951765,2018-09-26-02-33-32
1.0,113.35113727571172,23.170893924853473,2018-09-26-02-33-32
1.0,113.34464865021435,23.17115460817006,2018-09-26-02-33-32
1.0,113.34489819507861,23.17115417890714,2018-09-26-02-33-32
1.0,113.34639549115765,23.171151626501977,2018-09-26-02-33-32
1.0,113.34864152623669,23.171147876544833,2018-09-26-02-33-32
1.0,113.35038852297025,23.171145029866203,2018-09-26-02-33-32
1.0,113.35238518284888,23.171141856885324,2018-09-26-02-33-32
1.0,113.34489817798793,23.171404083767023,2018-09-26-02-33-32
1.0,113.34988935645836,23.17139574155139,2018-09-26-02-33-32
1.0,113.35013893039913,23.17139533747595,2018-09-26-02-33-32
1.0,113.34739368087936,23.171649757576123,2018-09-26-02-33-32
1.0,113.35138680603687,23.171643242089306,2018-09-26-02-33-32
1.0,113.34514768992716,23.171903465424304,2018-09-26-02-33-32
1.0,113.34939017887544,23.171896363465937,2018-09-26-02-33-32
1.0,113.34963974981036,23.17189595677488,2018-09-26-02-33-32
1.0,113.34988932224127,23.17189555138596,2018-09-26-02-33-32
1.0,113.34789276689341,23.17214873530009,2018-09-26-02-33-32
2.0,113.34539720313438,23.172402848332865,2018-09-26-02-33-32
1.0,113.34639540567558,23.172401151188918,2018-09-26-02-33-32
1.0,113.34564673471664,23.17265232741125,2018-09-26-02-33-32
1.0,113.34664494251962,23.17265063481262,2018-09-26-02-33-32
1.0,113.34714405445706,23.172649795458796,2018-09-26-02-33-32
1.0,113.34789273268913,23.17264854536915,2018-09-26-02-33-32
1.0,113.34889099012803,23.172646895753896,2018-09-26-02-33-32
1.0,113.34539716894754,23.172902658480936,2018-09-26-02-33-32
1.0,113.34564671762224,23.172902232504793,2018-09-26-02-33-32
1.0,113.34664492542164,23.17290053990599,2018-09-26-02-33-32
1.0,113.34689448070938,23.172900119640627,2018-09-26-02-33-32
1.0,113.35038840319675,23.172894364696013,2018-09-26-02-33-32
1.0,113.34514760446498,23.173152990697208,2018-09-26-02-33-32
1.0,113.34539715185387,23.173152563613673,2018-09-26-02-33-32
1.0,113.34589625049894,23.173151712780278,2018-09-26-02-33-32
1.0,113.34639535438431,23.173150866469214,2018-09-26-02-33-32
1.0,113.3466449083235,23.173150445038512,2018-09-26-02-33-32
1.0,113.3478926984842,23.173148355594613,2018-09-26-02-33-32
1.0,113.34914052389148,23.17314629671731,2018-09-26-02-33-32
1.0,113.35188587142191,23.173141881763733,2018-09-26-02-33-32
1.0,113.34489804125633,23.173403324048476,2018-09-26-02-33-32
1.0,113.34539713476003,23.173402468785625,2018-09-26-02-33-32
1.0,113.34664489122518,23.173400350210247,2018-09-26-02-33-32
1.0,113.34739356117613,23.17339909295586,2018-09-26-02-33-32
1.0,113.34839180722645,23.17339743346722,2018-09-26-02-33-32
1.0,113.35138668623745,23.17339257746417,2018-09-26-02-33-32
1.0,113.34589621630751,23.173651523163272,2018-09-26-02-33-32
1.0,113.34614576758709,23.173651099436565,2018-09-26-02-33-32
1.0,113.34664487412671,23.173650255421247,2018-09-26-02-33-32
1.0,113.347393544075,23.173648998166733,2018-09-26-02-33-32
1.0,113.34539710057184,23.17390227924737,2018-09-26-02-33-32
1.0,113.34589619921154,23.173901428413718,2018-09-26-02-33-32
1.0,113.34614575049022,23.173901004686968,2018-09-26-02-33-32
1.0,113.34639530309154,23.17390058210239,2018-09-26-02-33-32
1.0,113.34689441231225,23.173899740406025,2018-09-26-02-33-32
1.0,113.3473935269737,23.173898903416916,2018-09-26-02-33-32
1.0,113.34839177301701,23.17389724392793,2018-09-26-02-33-32
1.0,113.35138665200753,23.173892387923832,2018-09-26-02-33-32
1.0,113.34539708347751,23.174152184537274,2018-09-26-02-33-32
1.0,113.3456466321477,23.174151758560914,2018-09-26-02-33-32
1.0,113.3458961821154,23.174151333703534,2018-09-26-02-33-32
1.0,113.34614573339319,23.174150909976742,2018-09-26-02-33-32
1.0,113.34689439521256,23.17414964569567,2018-09-26-02-33-32
1.0,113.34739350987223,23.174148808706477,2018-09-26-02-33-32
1.0,113.34564661505229,23.1744016638902,2018-09-26-02-33-32
1.0,113.346145716296,23.174400815305944,2018-09-26-02-33-32
1.0,113.34639526889552,23.17440039272128,2018-09-26-02-33-32
1.0,113.34664482283026,23.174399971290367,2018-09-26-02-33-32
1.0,113.3468943781127,23.174399551024745,2018-09-26-02-33-32
1.0,113.34464841094207,23.174653279762204,2018-09-26-02-33-32
1.0,113.34489795579364,23.17465285049869,2018-09-26-02-33-32
1.0,113.34514750190483,23.1746524223192,2018-09-26-02-33-32
1.0,113.34614569919862,23.17465072067462,2018-09-26-02-33-32
1.0,113.34639525179726,23.174650298089915,2018-09-26-02-33-32
1.0,113.34464839384994,23.174903185170677,2018-09-26-02-33-32
1.0,113.3451474848109,23.174902327727587,2018-09-26-02-33-32
1.0,113.34539703219347,23.174901900643754,2018-09-26-02-33-32
1.0,113.34564658086097,23.174901474667266,2018-09-26-02-33-32
1.0,113.34614568210108,23.174900626082835,2018-09-26-02-33-32
7.0,113.34664478863179,23.174899782067087,2018-09-26-02-33-32
1.0,113.34689434391245,23.17489936180138,2018-09-26-02-33-32
1.0,113.34464837675763,23.175153090618736,2018-09-26-02-33-32
1.0,113.34514746771679,23.17515223317556,2018-09-26-02-33-32
1.0,113.34539701509846,23.175151806091684,2018-09-26-02-33-32
1.0,113.34564656376506,23.175151380115157,2018-09-26-02-33-32
1.0,113.34614566500338,23.175150531530637,2018-09-26-02-33-32
1.0,113.34639521760025,23.17515010894585,2018-09-26-02-33-32
1.0,113.34689432681208,23.17514926724905,2018-09-26-02-33-32
1.0,113.34464835966517,23.175402996106435,2018-09-26-02-33-32
1.0,113.34539699800328,23.175401711579255,2018-09-26-02-33-32
1.0,113.34764298375926,23.175397919045892,2018-09-26-02-33-32
1.0,113.3576266350928,23.17538236372679,2018-09-26-02-33-32
1.0,113.34489787032678,23.17590237793725,2018-09-26-02-33-32
1.0,113.34714383214727,23.175898564741072,2018-09-26-02-33-32
1.0,113.3476429495524,23.175897730139404,2018-09-26-02-33-32
1.0,113.3448978532329,23.176152283544152,2018-09-26-02-33-32
1.0,113.3466447031327,23.17614930970262,2018-09-26-02-33-32
1.0,113.34689425840891,23.176148889436696,2018-09-26-02-33-32
1.0,113.35088733623809,23.176142332999532,2018-09-26-02-33-32
1.0,113.35612886316568,23.176134262227347,2018-09-26-02-33-32
1.0,113.34564647828299,23.176400907950296,2018-09-26-02-33-32
2.0,113.3458960282426,23.17640048309253,2018-09-26-02-33-32
1.0,113.34489781904463,23.176652094877596,2018-09-26-02-33-32
1.0,113.347143780841,23.176648281680258,2018-09-26-02-33-32
1.0,113.34739332174503,23.176897769505597,2018-09-26-02-33-32
1.0,113.34564642699173,23.177150625129887,2018-09-26-02-33-32
1.0,113.34614552821573,23.17714977654468,2018-09-26-02-33-32
1.0,113.34739330464156,23.17714767527183,2018-09-26-02-33-32
1.0,113.34814198701879,23.177146428813636,2018-09-26-02-33-32
1.0,113.344897767761,23.177401812177628,2018-09-26-02-33-32
1.0,113.34564640989431,23.177400530936488,2018-09-26-02-33-32
1.0,113.3471437295332,23.177397998979128,2018-09-26-02-33-32
1.0,113.34589594275187,23.177650011925234,2018-09-26-02-33-32
1.0,113.34639504660507,23.17764916561262,2018-09-26-02-33-32
1.0,113.34988892869647,23.177643375787248,2018-09-26-02-33-32
1.0,113.349389751148,23.17814399968199,2018-09-26-02-33-32
1.0,113.34664453212193,23.178648367969714,2018-09-26-02-33-32
1.0,113.34689408738927,23.178647947703357,2018-09-26-02-33-32
