count,wgs_lng,wgs_lat,time
1.0,113.32543830571424,23.143950560364775,2018-10-09-06-00-18
1.0,113.33017861702983,23.143941542978407,2018-10-09-06-00-18
1.0,113.33067760578687,23.14394060009075,2018-10-09-06-00-18
1.0,113.33092710092825,23.14394012923361,2018-10-09-06-00-18
1.0,113.33192508689157,23.143938250004137,2018-10-09-06-00-18
1.0,113.33442009425494,23.143933585634848,2018-10-09-06-00-18
1.0,113.33616664103911,23.143930354340792,2018-10-09-06-00-18
1.0,113.33641615083957,23.143929895291038,2018-10-09-06-00-18
1.0,113.32593726331929,23.14419950834945,2018-10-09-06-00-18
1.0,113.32618675100136,23.14419903209564,2018-10-09-06-00-18
1.0,113.3281826633745,23.144195229323355,2018-10-09-06-00-18
1.0,113.33017860001394,23.144191443938755,2018-10-09-06-00-18
1.0,113.32743415974912,23.144696455685374,2018-10-09-06-00-18
1.0,113.32868161097122,23.14469408311945,2018-10-09-06-00-18
1.0,113.33117654553593,23.144689361763003,2018-10-09-06-00-18
1.0,113.3349190527534,23.144682362302625,2018-10-09-06-00-18
1.0,113.33691512178243,23.144678682212348,2018-10-09-06-00-18
1.0,113.32643618795198,23.14494825909442,2018-10-09-06-00-18
1.0,113.33067753771431,23.144940204128734,2018-10-09-06-00-18
1.0,113.334420026123,23.144933189670333,2018-10-09-06-00-18
1.0,113.33591706388901,23.144930418090365,2018-10-09-06-00-18
1.0,113.32668565918588,23.14519768429077,2018-10-09-06-00-18
1.0,113.33142600769759,23.14518869388348,2018-10-09-06-00-18
1.0,113.32893105134528,23.145443312722165,2018-10-09-06-00-18
1.0,113.3296795281321,23.145441893603692,2018-10-09-06-00-18
1.0,113.32992902129558,23.14544142123942,2018-10-09-06-00-18
1.0,113.33491900164734,23.14543206557574,2018-10-09-06-00-18
1.0,113.33541801419676,23.145431141682973,2018-10-09-06-00-18
1.0,113.33591702981033,23.145430220305077,2018-10-09-06-00-18
1.0,113.32593716132305,23.145698914806136,2018-10-09-06-00-18
1.0,113.32618664899906,23.145698438552078,2018-10-09-06-00-18
1.0,113.3296795111172,23.14569179476165,2018-10-09-06-00-18
1.0,113.32668560817741,23.145947387766203,2018-10-09-06-00-18
1.0,113.32843203491991,23.14594406271507,2018-10-09-06-00-18
1.0,113.32868152591766,23.145943588745055,2018-10-09-06-00-18
1.0,113.32893101732134,23.145943115071454,2018-10-09-06-00-18
1.0,113.33017848089803,23.14594075158222,2018-10-09-06-00-18
1.0,113.33292294591301,23.14593558668495,2018-10-09-06-00-18
1.0,113.3344199579884,23.145932794233005,2018-10-09-06-00-18
1.0,113.33516847347214,23.145931405668318,2018-10-09-06-00-18
1.0,113.3284320179097,23.146193963939535,2018-10-09-06-00-18
1.0,113.32918049213117,23.14619254293096,2018-10-09-06-00-18
1.0,113.32942998438598,23.146192069887228,2018-10-09-06-00-18
1.0,113.33117644341112,23.14618876861054,2018-10-09-06-00-18
1.0,113.32493916208267,23.14645052497797,2018-10-09-06-00-18
1.0,113.32818251029619,23.146444339451378,2018-10-09-06-00-18
1.0,113.32868149189507,23.146443391227127,2018-10-09-06-00-18
1.0,113.32992895323102,23.146441026070033,2018-10-09-06-00-18
1.0,113.32843198388879,23.14669376648821,2018-10-09-06-00-18
1.0,113.32893096628419,23.14669281884434,2018-10-09-06-00-18
1.0,113.33167540231462,23.146687631530323,2018-10-09-06-00-18
1.0,113.33367139782776,23.146683891786118,2018-10-09-06-00-18
1.0,113.33466941131331,23.14668203455203,2018-10-09-06-00-18
1.0,113.32668554016381,23.146946992864827,2018-10-09-06-00-18
1.0,113.3269350286909,23.14694651716595,2018-10-09-06-00-18
1.0,113.32718451753016,23.14694604167693,2018-10-09-06-00-18
1.0,113.32843196687809,23.146943667812536,2018-10-09-06-00-18
1.0,113.32868145787181,23.146943193842354,2018-10-09-06-00-18
1.0,113.32893094927148,23.146942720168585,2018-10-09-06-00-18
1.0,113.32942993334233,23.146941773759735,2018-10-09-06-00-18
1.0,113.32967942604026,23.146941301049367,2018-10-09-06-00-18
1.0,113.33092689669063,23.146938942932238,2018-10-09-06-00-18
1.0,113.33192488260619,23.14693706370077,2018-10-09-06-00-18
1.0,113.3324238789897,23.146936126777067,2018-10-09-06-00-18
1.0,113.32543808474331,23.147199275432552,2018-10-09-06-00-18
1.0,113.32918042407663,23.147192148161192,2018-10-09-06-00-18
1.0,113.32942991632743,23.147191675117295,2018-10-09-06-00-18
1.0,113.32967940902437,23.147191202406887,2018-10-09-06-00-18
1.0,113.33067738454132,23.14718931514723,2018-10-09-06-00-18
1.0,113.32518858081102,23.14744965352271,2018-10-09-06-00-18
1.0,113.32718448351831,23.147445844426258,2018-10-09-06-00-18
1.0,113.32942989931237,23.147441576508314,2018-10-09-06-00-18
1.0,113.3299288851638,23.147440631433263,2018-10-09-06-00-18
1.0,113.33017837879218,23.147440159426857,2018-10-09-06-00-18
1.0,113.33292284374154,23.147434994526844,2018-10-09-06-00-18
1.0,113.32693497767592,23.147696221340308,2018-10-09-06-00-18
1.0,113.3296793749921,23.14769100522236,2018-10-09-06-00-18
1.0,113.33142583747298,23.14768770662414,2018-10-09-06-00-18
1.0,113.33217432942327,23.147686299176062,2018-10-09-06-00-18
1.0,113.33042783886827,23.14793949067331,2018-10-09-06-00-18
1.0,113.33292280968305,23.147934797408315,2018-10-09-06-00-18
1.0,113.33317231002707,23.14793433066236,2018-10-09-06-00-18
1.0,113.33342181101762,23.147933864434812,2018-10-09-06-00-18
1.0,113.32918035601942,23.14819175392675,2018-10-09-06-00-18
1.0,113.32942984826622,23.148191280882685,2018-10-09-06-00-18
1.0,113.3294298312505,23.1484411824081,2018-10-09-06-00-18
1.0,113.3329227756239,23.148434600424302,2018-10-09-06-00-18
1.0,113.32618644497649,23.148697255053975,2018-10-09-06-00-18
1.0,113.33566728305804,23.148929299905383,2018-10-09-06-00-18
1.0,113.32468948861023,23.149199917961464,2018-10-09-06-00-18
1.0,113.3279328159589,23.149443631683155,2018-10-09-06-00-18
1.0,113.32768330910326,23.149694008163777,2018-10-09-06-00-18
1.0,113.33042771972788,23.14968880182358,2018-10-09-06-00-18
1.0,113.33367119343733,23.149682709884456,2018-10-09-06-00-18
1.0,113.32618635996002,23.149946763360497,2018-10-09-06-00-18
1.0,113.32768329209358,23.149943909892762,2018-10-09-06-00-18
1.0,113.33167518099344,23.149936351360974,2018-10-09-06-00-18
1.0,113.33242367465652,23.149934945282435,2018-10-09-06-00-18
1.0,113.32568736789922,23.15019761779381,2018-10-09-06-00-18
1.0,113.32768327508373,23.15019381165582,2018-10-09-06-00-18
1.0,113.33067718028967,23.1501881340613,2018-10-09-06-00-18
1.0,113.33292265641161,23.150183912045982,2018-10-09-06-00-18
1.0,113.33616621499996,23.150177888288418,2018-10-09-06-00-18
1.0,113.32493889012025,23.150448949675884,2018-10-09-06-00-18
1.0,113.33167514694154,23.150436154919905,2018-10-09-06-00-18
1.0,113.33441965134966,23.150431021385863,2018-10-09-06-00-18
1.0,113.32818222111148,23.150692665971995,2018-10-09-06-00-18
1.0,113.32843171169753,23.15069219171714,2018-10-09-06-00-18
1.0,113.3344196343126,23.15068092321613,2018-10-09-06-00-18
1.0,113.33566716376785,23.15067861199975,2018-10-09-06-00-18
1.0,113.33417011357744,23.15093128911224,2018-10-09-06-00-18
1.0,113.33491862682357,23.15092989876899,2018-10-09-06-00-18
1.0,113.32967913674749,23.15118962871576,2018-10-09-06-00-18
1.0,113.3331720886178,23.15118305269014,2018-10-09-06-00-18
1.0,113.33441960023796,23.151180726979444,2018-10-09-06-00-18
1.0,113.33466910464794,23.15118026352757,2018-10-09-06-00-18
1.0,113.33491860978421,23.151179800667716,2018-10-09-06-00-18
1.0,113.33441958320039,23.151430628912614,2018-10-09-06-00-18
1.0,113.33516809861953,23.15142924034517,2018-10-09-06-00-18
1.0,113.33641563955096,23.151426938558767,2018-10-09-06-00-18
1.0,113.32843164364306,23.151691799385194,2018-10-09-06-00-18
1.0,113.32868111760263,23.151941227417232,2018-10-09-06-00-18
1.0,113.33342153849412,23.151932292365352,2018-10-09-06-00-18
1.0,113.3356670615126,23.152178023701193,2018-10-09-06-00-18
1.0,113.33242350436053,23.152433964447898,2018-10-09-06-00-18
1.0,113.33566704446947,23.15242792577214,2018-10-09-06-00-18
1.0,113.32942954195778,23.152689513548154,2018-10-09-06-00-18
1.0,113.33217398886445,23.152684334782233,2018-10-09-06-00-18
1.0,113.33491850754453,23.152679212783546,2018-10-09-06-00-18
1.0,113.3264356438222,23.15294511070286,2018-10-09-06-00-18
1.0,113.32818206799422,23.152941784001484,2018-10-09-06-00-18
1.0,113.32942952493906,23.152939415689477,2018-10-09-06-00-18
1.0,113.33167495964412,23.153185076950585,2018-10-09-06-00-18
1.0,113.33217395480492,23.153184139098713,2018-10-09-06-00-18
1.0,113.32718407532431,23.15344348800331,2018-10-09-06-00-18
1.0,113.33516796228947,23.153428457053106,2018-10-09-06-00-18
1.0,113.32718405831415,23.153693390249423,2018-10-09-06-00-18
1.0,113.33067694196575,23.15368676234671,2018-10-09-06-00-18
1.0,113.33741353350699,23.153674228200973,2018-10-09-06-00-18
1.0,113.32992844266185,23.153938079525613,2018-10-09-06-00-18
1.0,113.33442009425494,23.143933585634848,2018-10-09-06-00-18
1.0,113.33616664103911,23.143930354340792,2018-10-09-06-00-18
1.0,113.33641615083957,23.143929895291038,2018-10-09-06-00-18
1.0,113.33791322730052,23.14392715564626,2018-10-09-06-00-18
1.0,113.34115700761997,23.143921315900812,2018-10-09-06-00-18
1.0,113.34739557793347,23.143910538741054,2018-10-09-06-00-18
1.0,113.34040841090399,23.144172551849785,2018-10-09-06-00-18
1.0,113.34115699056133,23.14417121685932,2018-10-09-06-00-18
1.0,113.34140651923121,23.144170773660207,2018-10-09-06-00-18
1.0,113.34190557982471,23.144169890030145,2018-10-09-06-00-18
1.0,113.34215511177412,23.144169449623018,2018-10-09-06-00-18
1.0,113.34714600273018,23.14416085759375,2018-10-09-06-00-18
1.0,113.34240462777903,23.144418911161424,2018-10-09-06-00-18
1.0,113.34390185040057,23.14441629515198,2018-10-09-06-00-18
1.0,113.3349190527534,23.144682362302625,2018-10-09-06-00-18
1.0,113.33691512178243,23.144678682212348,2018-10-09-06-00-18
1.0,113.334420026123,23.144933189670333,2018-10-09-06-00-18
1.0,113.33591706388901,23.144930418090365,2018-10-09-06-00-18
1.0,113.33491900164734,23.14543206557574,2018-10-09-06-00-18
1.0,113.33541801419676,23.145431141682973,2018-10-09-06-00-18
1.0,113.33591702981033,23.145430220305077,2018-10-09-06-00-18
1.0,113.34065785112432,23.14542161125187,2018-10-09-06-00-18
1.0,113.33866165812701,23.145675103193476,2018-10-09-06-00-18
1.0,113.33891117670207,23.14567465146526,2018-10-09-06-00-18
1.0,113.34015878409295,23.14567240504687,2018-10-09-06-00-18
1.0,113.3344199579884,23.145932794233005,2018-10-09-06-00-18
1.0,113.33516847347214,23.145931405668318,2018-10-09-06-00-18
1.0,113.33990924358075,23.14592275385009,2018-10-09-06-00-18
1.0,113.3406578170086,23.145921413597225,2018-10-09-06-00-18
1.0,113.33816257262961,23.146425712666517,2018-10-09-06-00-18
1.0,113.33891112554763,23.146424355133448,2018-10-09-06-00-18
1.0,113.34465034127486,23.146414210102165,2018-10-09-06-00-18
1.0,113.34489988622876,23.14641378084349,2018-10-09-06-00-18
1.0,113.33466941131331,23.14668203455203,2018-10-09-06-00-18
1.0,113.3414063486262,23.146669785057092,2018-10-09-06-00-18
1.0,113.34664670271404,23.14691060964691,2018-10-09-06-00-18
1.0,113.34689625809396,23.146910189386027,2018-10-09-06-00-18
1.0,113.34714581483378,23.14690977030197,2018-10-09-06-00-18
1.0,113.34739537294601,23.14690935240624,2018-10-09-06-00-18
1.0,113.33866155582233,23.147174510829696,2018-10-09-06-00-18
1.0,113.33990915830269,23.14717226029568,2018-10-09-06-00-18
1.0,113.34340249839804,23.14841558349082,2018-10-09-06-00-18
1.0,113.33566728305804,23.148929299905383,2018-10-09-06-00-18
1.0,113.34489968132822,23.14941259851518,2018-10-09-06-00-18
1.0,113.34015849411725,23.14992072981559,2018-10-09-06-00-18
1.0,113.33616621499996,23.150177888288418,2018-10-09-06-00-18
1.0,113.34664648065154,23.150159329883248,2018-10-09-06-00-18
1.0,113.33441965134966,23.150431021385863,2018-10-09-06-00-18
1.0,113.34564825544794,23.150410924260566,2018-10-09-06-00-18
1.0,113.3344196343126,23.15068092321613,2018-10-09-06-00-18
1.0,113.33566716376785,23.15067861199975,2018-10-09-06-00-18
1.0,113.33491862682357,23.15092989876899,2018-10-09-06-00-18
1.0,113.33791274994041,23.15092439507563,2018-10-09-06-00-18
1.0,113.34440049024046,23.150912868770266,2018-10-09-06-00-18
1.0,113.33441960023796,23.151180726979444,2018-10-09-06-00-18
1.0,113.33466910464794,23.15118026352757,2018-10-09-06-00-18
1.0,113.33491860978421,23.151179800667716,2018-10-09-06-00-18
1.0,113.33891080153455,23.151172485385388,2018-10-09-06-00-18
1.0,113.34489956179178,23.151161911076066,2018-10-09-06-00-18
1.0,113.33441958320039,23.151430628912614,2018-10-09-06-00-18
1.0,113.33516809861953,23.15142924034517,2018-10-09-06-00-18
1.0,113.33641563955096,23.151426938558767,2018-10-09-06-00-18
1.0,113.346396824136,23.1516591625882,2018-10-09-06-00-18
1.0,113.3356670615126,23.152178023701193,2018-10-09-06-00-18
1.0,113.33566704446947,23.15242792577214,2018-10-09-06-00-18
1.0,113.33491850754453,23.152679212783546,2018-10-09-06-00-18
1.0,113.33516796228947,23.153428457053106,2018-10-09-06-00-18
1.0,113.33741353350699,23.153674228200973,2018-10-09-06-00-18
1.0,113.33791256237028,23.153673317855013,2018-10-09-06-00-18
1.0,113.35388462816942,23.143650226790335,2018-10-09-06-00-18
1.0,113.34739557793347,23.143910538741054,2018-10-09-06-00-18
1.0,113.35488302056055,23.143898610574148,2018-10-09-06-00-18
1.0,113.35613107179327,23.14389674871998,2018-10-09-06-00-18
1.0,113.34714600273018,23.14416085759375,2018-10-09-06-00-18
1.0,113.34839380731171,23.144158780230107,2018-10-09-06-00-18
1.0,113.35638067029267,23.14414628202087,2018-10-09-06-00-18
1.0,113.35188783868612,23.144403034758373,2018-10-09-06-00-18
1.0,113.35413415954919,23.144649449134302,2018-10-09-06-00-18
1.0,113.3551325759471,23.144647938061407,2018-10-09-06-00-18
1.0,113.3566302363803,23.144895619026812,2018-10-09-06-00-18
1.0,113.35663021926769,23.145145520114085,2018-10-09-06-00-18
1.0,113.35712942537137,23.14564459510214,2018-10-09-06-00-18
1.0,113.34789456167618,23.145908915141366,2018-10-09-06-00-18
1.0,113.35588132110433,23.14589632652959,2018-10-09-06-00-18
1.0,113.35613093490537,23.1458959572882,2018-10-09-06-00-18
1.0,113.35638055050974,23.145895589632875,2018-10-09-06-00-18
1.0,113.35663016792883,23.145895223574158,2018-10-09-06-00-18
1.0,113.35687978717405,23.145894859122546,2018-10-09-06-00-18
1.0,113.34964151103067,23.146155942844644,2018-10-09-06-00-18
1.0,113.355382081757,23.146146970948166,2018-10-09-06-00-18
1.0,113.355631691985,23.146146598566308,2018-10-09-06-00-18
1.0,113.35588130399337,23.14614622774936,2018-10-09-06-00-18
1.0,113.34465034127486,23.146414210102165,2018-10-09-06-00-18
1.0,113.34489988622876,23.14641378084349,2018-10-09-06-00-18
1.0,113.35488284948818,23.146397621617275,2018-10-09-06-00-18
1.0,113.35513245618914,23.146397246137447,2018-10-09-06-00-18
1.0,113.35538206464743,23.14639687220125,2018-10-09-06-00-18
1.0,113.35313563370835,23.146650193583497,2018-10-09-06-00-18
1.0,113.35338522843296,23.146649807598966,2018-10-09-06-00-18
1.0,113.35363482483321,23.14664942308267,2018-10-09-06-00-18
1.0,113.3538844229209,23.146649040045467,2018-10-09-06-00-18
1.0,113.35413402270773,23.14664865849819,2018-10-09-06-00-18
1.0,113.35438362420541,23.146648278451632,2018-10-09-06-00-18
1.0,113.35463322742564,23.14664789991657,2018-10-09-06-00-18
1.0,113.34664670271404,23.14691060964691,2018-10-09-06-00-18
1.0,113.34689625809396,23.146910189386027,2018-10-09-06-00-18
1.0,113.34714581483378,23.14690977030197,2018-10-09-06-00-18
1.0,113.34739537294601,23.14690935240624,2018-10-09-06-00-18
1.0,113.34764493244305,23.146908935710325,2018-10-09-06-00-18
1.0,113.34789449333734,23.14690852022568,2018-10-09-06-00-18
1.0,113.35113891771742,23.14690323432463,2018-10-09-06-00-18
1.0,113.35138849946304,23.14690283698836,2018-10-09-06-00-18
1.0,113.35163808278914,23.146902441032477,2018-10-09-06-00-18
1.0,113.3518876677077,23.146902046468053,2018-10-09-06-00-18
1.0,113.35213725423073,23.14690165330614,2018-10-09-06-00-18
1.0,113.35238684237012,23.14690126155776,2018-10-09-06-00-18
1.0,113.35263643213783,23.146900871233903,2018-10-09-06-00-18
1.0,113.35288602354572,23.146900482345544,2018-10-09-06-00-18
1.0,113.35313561660564,23.146900094903618,2018-10-09-06-00-18
1.0,113.35563164065343,23.146896302425358,2018-10-09-06-00-18
1.0,113.35638048205865,23.146895194711206,2018-10-09-06-00-18
1.0,113.34789447625221,23.14715842158012,2018-10-09-06-00-18
1.0,113.34814403855525,23.147158007318144,2018-10-09-06-00-18
1.0,113.3483936022803,23.1471575942903,2018-10-09-06-00-18
1.0,113.34864316743972,23.14715718250798,2018-10-09-06-00-18
1.0,113.3488927340458,23.147156771982555,2018-10-09-06-00-18
1.0,113.34914230211086,23.14715636272537,2018-10-09-06-00-18
1.0,113.34939187164716,23.147155954747753,2018-10-09-06-00-18
1.0,113.34964144266695,23.147155548061004,2018-10-09-06-00-18
1.0,113.34989101518242,23.1471551426764,2018-10-09-06-00-18
1.0,113.3501405892058,23.14715473860519,2018-10-09-06-00-18
1.0,113.35039016474924,23.14715433585861,2018-10-09-06-00-18
1.0,113.35063974182488,23.14715393444785,2018-10-09-06-00-18
1.0,113.35088932044484,23.147153534384096,2018-10-09-06-00-18
1.0,113.35113890062117,23.1471531356785,2018-10-09-06-00-18
1.0,113.3568796502569,23.147894069812903,2018-10-09-06-00-18
1.0,113.35513231931284,23.14839645736563,2018-10-09-06-00-18
1.0,113.3513883455831,23.14915195038204,2018-10-09-06-00-18
1.0,113.34489968132822,23.14941259851518,2018-10-09-06-00-18
1.0,113.35662992832752,23.14939384369365,2018-10-09-06-00-18
1.0,113.34989082715897,23.149904059792025,2018-10-09-06-00-18
1.0,113.34664648065154,23.150159329883248,2018-10-09-06-00-18
1.0,113.34989081006492,23.15015396155132,2018-10-09-06-00-18
16.0,113.35014038407809,23.15015355747959,2018-10-09-06-00-18
1.0,113.35038995961135,23.150153154732482,2018-10-09-06-00-18
1.0,113.34564825544794,23.150410924260566,2018-10-09-06-00-18
1.0,113.34839338013572,23.15040631496205,2018-10-09-06-00-18
1.0,113.34989079297071,23.15040386334476,2018-10-09-06-00-18
1.0,113.35388416632628,23.150397563378064,2018-10-09-06-00-18
1.0,113.3568794619783,23.150642988032015,2018-10-09-06-00-18
1.0,113.34440049024046,23.150912868770266,2018-10-09-06-00-18
1.0,113.34489956179178,23.151161911076066,2018-10-09-06-00-18
1.0,113.34789420286737,23.151156847839705,2018-10-09-06-00-18
1.0,113.34839331177785,23.15140592247929,2018-10-09-06-00-18
1.0,113.34864287692253,23.151405510696232,2018-10-09-06-00-18
1.0,113.35113860995905,23.151401463859344,2018-10-09-06-00-18
1.0,113.35687941062606,23.151392693716872,2018-10-09-06-00-18
1.0,113.35712903169193,23.151392330881848,2018-10-09-06-00-18
1.0,113.346396824136,23.1516591625882,2018-10-09-06-00-18
1.0,113.35063943409376,23.15165216459499,2018-10-09-06-00-18
2.0,113.34839324341729,23.15240553054715,2018-10-09-06-00-18
1.0,113.347894100337,23.152656259942294,2018-10-09-06-00-18
1.0,113.34889234096167,23.152904512478944,2018-10-09-06-00-18
1.0,113.3264356438222,23.15294511070286,2018-10-09-06-00-18
1.0,113.32818206799422,23.152941784001484,2018-10-09-06-00-18
1.0,113.32942952493906,23.152939415689477,2018-10-09-06-00-18
1.0,113.33167495964412,23.153185076950585,2018-10-09-06-00-18
1.0,113.33217395480492,23.153184139098713,2018-10-09-06-00-18
1.0,113.32718407532431,23.15344348800331,2018-10-09-06-00-18
1.0,113.33516796228947,23.153428457053106,2018-10-09-06-00-18
1.0,113.32718405831415,23.153693390249423,2018-10-09-06-00-18
1.0,113.33067694196575,23.15368676234671,2018-10-09-06-00-18
1.0,113.33741353350699,23.153674228200973,2018-10-09-06-00-18
1.0,113.32992844266185,23.153938079525613,2018-10-09-06-00-18
1.0,113.3326728842096,23.154182812174398,2018-10-09-06-00-18
1.0,113.33117588161754,23.15443552798284,2018-10-09-06-00-18
1.0,113.33691445698292,23.15442484839477,2018-10-09-06-00-18
1.0,113.33741348235377,23.15442393514392,2018-10-09-06-00-18
1.0,113.32843142244761,23.154940528133846,2018-10-09-06-00-18
1.0,113.33167484044436,23.154934393158168,2018-10-09-06-00-18
1.0,113.33192433772786,23.154933924003494,2018-10-09-06-00-18
1.0,113.3321738015287,23.155433260252213,2018-10-09-06-00-18
1.0,113.3371639010363,23.155424001161215,2018-10-09-06-00-18
1.0,113.33741341414712,23.15542354489263,2018-10-09-06-00-18
1.0,113.33217378449717,23.155683162778402,2018-10-09-06-00-18
1.0,113.33766291107659,23.155672991875477,2018-10-09-06-00-18
1.0,113.33541728142734,23.15617692203546,2018-10-09-06-00-18
1.0,113.33591629695714,23.156176000653964,2018-10-09-06-00-18
1.0,113.33666482622903,23.15617462351073,2018-10-09-06-00-18
1.0,113.32518795177121,23.156696029050988,2018-10-09-06-00-18
1.0,113.3256869257948,23.156695075786665,2018-10-09-06-00-18
1.0,113.3259364131677,23.156694599370386,2018-10-09-06-00-18
1.0,113.32618588379091,23.156944025819065,2018-10-09-06-00-18
1.0,113.3256868917821,23.157194881231586,2018-10-09-06-00-18
1.0,113.32818177873592,23.157190125769777,2018-10-09-06-00-18
1.0,113.33067670360917,23.15718539747589,2018-10-09-06-00-18
1.0,113.32793227153954,23.157440503073005,2018-10-09-06-00-18
1.0,113.32643532066452,23.15769325806354,2018-10-09-06-00-18
1.0,113.33691423532666,23.157673582150128,2018-10-09-06-00-18
1.0,113.32518786674837,23.157945542931575,2018-10-09-06-00-18
1.0,113.3271837691159,23.157941733821232,2018-10-09-06-00-18
1.0,113.33017766388336,23.157936048800963,2018-10-09-06-00-18
1.0,113.33591617762625,23.1579253198248,2018-10-09-06-00-18
3.0,113.33616568656656,23.157924860107364,2018-10-09-06-00-18
1.0,113.33641519631267,23.157924401055265,2018-10-09-06-00-18
1.0,113.32518784974329,23.158195445815064,2018-10-09-06-00-18
1.0,113.3254373366331,23.158194969114817,2018-10-09-06-00-18
1.0,113.32618579874698,23.158193539877598,2018-10-09-06-00-18
1.0,113.32543731962684,23.15844487203418,2018-10-09-06-00-18
1.0,113.3289301665066,23.158438218101796,2018-10-09-06-00-18
1.0,113.32967864313696,23.158436798976858,2018-10-09-06-00-18
1.0,113.32493832906329,23.158695728513514,2018-10-09-06-00-18
1.0,113.32868065813359,23.158688594732276,2018-10-09-06-00-18
1.0,113.33142508828674,23.158683403320502,2018-10-09-06-00-18
1.0,113.32543728561386,23.1589446779809,2018-10-09-06-00-18
1.0,113.33242306151296,23.15893143062795,2018-10-09-06-00-18
1.0,113.33342106147528,23.158929562649142,2018-10-09-06-00-18
1.0,113.33566660128963,23.158925391938098,2018-10-09-06-00-18
1.0,113.3254372686071,23.15919458100836,2018-10-09-06-00-18
1.0,113.33392004832173,23.159178534820807,2018-10-09-06-00-18
1.0,113.32518776471545,23.15944496077242,2018-10-09-06-00-18
1.0,113.33392001423967,23.159678340981394,2018-10-09-06-00-18
1.0,113.33242299337255,23.15993104295022,2018-10-09-06-00-18
1.0,113.33342099331905,23.15992917497075,2018-10-09-06-00-18
1.0,113.33367049492212,23.159928709271902,2018-10-09-06-00-18
1.0,113.3349180133014,23.159926389167655,2018-10-09-06-00-18
1.0,113.33342097627958,23.160179078141784,2018-10-09-06-00-18
1.0,113.33391998015695,23.16017814728698,2018-10-09-06-00-18
1.0,113.33466849115503,23.160176755199796,2018-10-09-06-00-18
1.0,113.33367046084103,23.16042851565025,2018-10-09-06-00-18
1.0,113.32693409317825,23.160691143012013,2018-10-09-06-00-18
1.0,113.33391994607356,23.160677953738027,2018-10-09-06-00-18
1.0,113.32693407616428,23.16094104629338,2018-10-09-06-00-18
1.0,113.327183564947,23.160940570802047,2018-10-09-06-00-18
1.0,113.3276825435027,23.16093962049842,2018-10-09-06-00-18
1.0,113.32868050495027,23.160937722953566,2018-10-09-06-00-18
1.0,113.32868048792906,23.161187626271172,2018-10-09-06-00-18
1.0,113.33017744254249,23.16118478909317,2018-10-09-06-00-18
1.0,113.33042690254528,23.161684124199475,2018-10-09-06-00-18
1.0,113.33267237315688,23.161679898165996,2018-10-09-06-00-18
1.0,113.32543708152191,23.161943516707957,2018-10-09-06-00-18
1.0,113.32668446859827,23.162690845990337,2018-10-09-06-00-18
1.0,113.32693395706174,23.162690370288857,2018-10-09-06-00-18
1.0,113.33516796228947,23.153428457053106,2018-10-09-06-00-18
1.0,113.33741353350699,23.153674228200973,2018-10-09-06-00-18
1.0,113.33791256237028,23.153673317855013,2018-10-09-06-00-18
1.0,113.34040774559627,23.153918715362277,2018-10-09-06-00-18
1.0,113.34639667038279,23.15390828183601,2018-10-09-06-00-18
1.0,113.33691445698292,23.15442484839477,2018-10-09-06-00-18
1.0,113.33741348235377,23.15442393514392,2018-10-09-06-00-18
1.0,113.34614706645876,23.15465841146072,2018-10-09-06-00-18
1.0,113.3371639010363,23.155424001161215,2018-10-09-06-00-18
1.0,113.33741341414712,23.15542354489263,2018-10-09-06-00-18
1.0,113.34015811878291,23.155418576528135,2018-10-09-06-00-18
1.0,113.33766291107659,23.155672991875477,2018-10-09-06-00-18
1.0,113.3446496923749,23.15591048297185,2018-10-09-06-00-18
1.0,113.347394757839,23.155905822649043,2018-10-09-06-00-18
1.0,113.33541728142734,23.15617692203546,2018-10-09-06-00-18
1.0,113.33591629695714,23.156176000653964,2018-10-09-06-00-18
1.0,113.33666482622903,23.15617462351073,2018-10-09-06-00-18
1.0,113.34514874931043,23.156409430760302,2018-10-09-06-00-18
1.0,113.3471451484924,23.15665594843611,2018-10-09-06-00-18
1.0,113.33691423532666,23.157673582150128,2018-10-09-06-00-18
1.0,113.34489911772751,23.15765937262222,2018-10-09-06-00-18
1.0,113.33591617762625,23.1579253198248,2018-10-09-06-00-18
3.0,113.33616568656656,23.157924860107364,2018-10-09-06-00-18
1.0,113.33641519631267,23.157924401055265,2018-10-09-06-00-18
1.0,113.33965890233068,23.157918499453434,2018-10-09-06-00-18
1.0,113.33965885114313,23.15866820820447,2018-10-09-06-00-18
1.0,113.33566660128963,23.158925391938098,2018-10-09-06-00-18
1.0,113.34639631157259,23.1591562378344,2018-10-09-06-00-18
1.0,113.3349180133014,23.159926389167655,2018-10-09-06-00-18
1.0,113.33466849115503,23.160176755199796,2018-10-09-06-00-18
1.0,113.34240353536921,23.160412645348703,2018-10-09-06-00-18
1.0,113.34390068931712,23.161409642510144,2018-10-09-06-00-18
1.0,113.34340152514116,23.16266002780541,2018-10-09-06-00-18
1.0,113.347894100337,23.152656259942294,2018-10-09-06-00-18
1.0,113.34889234096167,23.152904512478944,2018-10-09-06-00-18
1.0,113.34639667038279,23.15390828183601,2018-10-09-06-00-18
1.0,113.34939141014503,23.15390330414196,2018-10-09-06-00-18
1.0,113.3481435600792,23.154155259030677,2018-10-09-06-00-18
1.0,113.34889225549686,23.15415402369144,2018-10-09-06-00-18
1.0,113.35463271412664,23.154144954270272,2018-10-09-06-00-18
1.0,113.34989051944049,23.154402296727607,2018-10-09-06-00-18
1.0,113.34614706645876,23.15465841146072,2018-10-09-06-00-18
1.0,113.34764440275332,23.154655893510007,2018-10-09-06-00-18
1.0,113.34964092985356,23.15465260449579,2018-10-09-06-00-18
1.0,113.3446496923749,23.15591048297185,2018-10-09-06-00-18
1.0,113.347394757839,23.155905822649043,2018-10-09-06-00-18
1.0,113.34514874931043,23.156409430760302,2018-10-09-06-00-18
1.0,113.35113826794161,23.15639950976689,2018-10-09-06-00-18
1.0,113.3471451484924,23.15665594843611,2018-10-09-06-00-18
1.0,113.34489911772751,23.15765937262222,2018-10-09-06-00-18
1.0,113.34639631157259,23.1591562378344,2018-10-09-06-00-18
1.0,113.34939094852076,23.16065067903085,2018-10-09-06-00-18
1.0,113.35163714215386,23.160647066648117,2018-10-09-06-00-18
1.0,113.34939089722164,23.16140038897321,2018-10-09-06-00-18
1.0,113.3526354399888,23.161395206780515,2018-10-09-06-00-18
1.0,113.35113785743215,23.162397183655,2018-10-09-06-00-18
1.0,113.34814297889602,23.16265195886118,2018-10-09-06-00-18
1.0,113.32543708152191,23.161943516707957,2018-10-09-06-00-18
1.0,113.32668446859827,23.162690845990337,2018-10-09-06-00-18
1.0,113.32693395706174,23.162690370288857,2018-10-09-06-00-18
1.0,113.32568648357791,23.16319255783523,2018-10-09-06-00-18
1.0,113.32668440054007,23.163690460513127,2018-10-09-06-00-18
1.0,113.32693388899949,23.16368998481148,2018-10-09-06-00-18
1.0,113.32693387198351,23.16393988853484,2018-10-09-06-00-18
1.0,113.33641477001557,23.164171983999086,2018-10-09-06-00-18
1.0,113.33516721228322,23.164424189592577,2018-10-09-06-00-18
1.0,113.33591573432561,23.16442280656701,2018-10-09-06-00-18
1.0,113.32693382093458,23.164689599928273,2018-10-09-06-00-18
1.0,113.32743279879537,23.164688649166592,2018-10-09-06-00-18
1.0,113.33566620915188,23.164673170772314,2018-10-09-06-00-18
1.0,113.32518739054356,23.164942837428327,2018-10-09-06-00-18
1.0,113.32543684338437,23.165442168584644,2018-10-09-06-00-18
1.0,113.33516714408482,23.165423805151825,2018-10-09-06-00-18
1.0,113.3371632188615,23.165420130307457,2018-10-09-06-00-18
1.0,113.33791176070659,23.16541876368728,2018-10-09-06-00-18
1.0,113.33541663360683,23.165673247493775,2018-10-09-06-00-18
1.0,113.32643475924787,23.165940071266704,2018-10-09-06-00-18
1.0,113.32668424739936,23.165939595367192,2018-10-09-06-00-18
1.0,113.33516710998461,23.165923613156345,2018-10-09-06-00-18
1.0,113.33716318474575,23.16591993831131,2018-10-09-06-00-18
1.0,113.3259357667743,23.166190927668964,2018-10-09-06-00-18
1.0,113.32693371883221,23.16618902372522,2018-10-09-06-00-18
1.0,113.32743269668089,23.166188072963042,2018-10-09-06-00-18
1.0,113.32593574976069,23.16644083176686,2018-10-09-06-00-18
1.0,113.32693370181457,23.166438927822952,2018-10-09-06-00-18
1.0,113.33491757006756,23.166423883569525,2018-10-09-06-00-18
1.0,113.33591559790271,23.166422038284818,2018-10-09-06-00-18
1.0,113.33716315062932,23.166419746465678,2018-10-09-06-00-18
1.0,113.32568624541453,23.16669121232043,2018-10-09-06-00-18
1.0,113.33591556379533,23.16692184659057,2018-10-09-06-00-18
1.0,113.32568619437527,23.167440924954455,2018-10-09-06-00-18
1.0,113.32668414529806,23.167439020294097,2018-10-09-06-00-18
1.0,113.32568616034827,23.167940733566834,2018-10-09-06-00-18
1.0,113.3306759372418,23.168431058538534,2018-10-09-06-00-18
1.0,113.32518713538019,23.168691400039336,2018-10-09-06-00-18
1.0,113.33416890357695,23.168674412494145,2018-10-09-06-00-18
1.0,113.33441840720513,23.168673948459578,2018-10-09-06-00-18
1.0,113.33366988136049,23.168925246730023,2018-10-09-06-00-18
1.0,113.32643453803396,23.16918882700346,2018-10-09-06-00-18
1.0,113.32793147161449,23.169185974812873,2018-10-09-06-00-18
1.0,113.33142437285336,23.16917936062055,2018-10-09-06-00-18
1.0,113.33142432173973,23.16992907439619,2018-10-09-06-00-18
1.0,113.33716291179566,23.169918407797585,2018-10-09-06-00-18
1.0,113.33292129340511,23.17017616836921,2018-10-09-06-00-18
1.0,113.33716289473486,23.17016831246544,2018-10-09-06-00-18
1.0,113.32493751265704,23.17069111376305,2018-10-09-06-00-18
1.0,113.33017679538463,23.17068114276459,2018-10-09-06-00-18
1.0,113.33366974498409,23.17092448392463,2018-10-09-06-00-18
1.0,113.32593542647069,23.171189016859714,2018-10-09-06-00-18
1.0,113.32818082554468,23.171184737793425,2018-10-09-06-00-18
1.0,113.33267170856394,23.17142615954749,2018-10-09-06-00-18
1.0,113.32942824806042,23.171682179230093,2018-10-09-06-00-18
1.0,113.34340152514116,23.16266002780541,2018-10-09-06-00-18
1.0,113.34689516453322,23.162903945868855,2018-10-09-06-00-18
1.0,113.34315195337916,23.163160270506754,2018-10-09-06-00-18
1.0,113.34065662253742,23.163414582494315,2018-10-09-06-00-18
1.0,113.33841091250507,23.163668529505998,2018-10-09-06-00-18
1.0,113.34240331338977,23.163661390359366,2018-10-09-06-00-18
1.0,113.34190423144214,23.16391217394665,2018-10-09-06-00-18
1.0,113.33641477001557,23.164171983999086,2018-10-09-06-00-18
1.0,113.34240327923658,23.164161197838087,2018-10-09-06-00-18
1.0,113.33516721228322,23.164424189592577,2018-10-09-06-00-18
1.0,113.33591573432561,23.16442280656701,2018-10-09-06-00-18
1.0,113.33566620915188,23.164673170772314,2018-10-09-06-00-18
1.0,113.33816132761741,23.164668597907873,2018-10-09-06-00-18
1.0,113.33940892019548,23.164666339311147,2018-10-09-06-00-18
1.0,113.33516714408482,23.165423805151825,2018-10-09-06-00-18
1.0,113.3371632188615,23.165420130307457,2018-10-09-06-00-18
1.0,113.33791176070659,23.16541876368728,2018-10-09-06-00-18
1.0,113.33541663360683,23.165673247493775,2018-10-09-06-00-18
1.0,113.33516710998461,23.165923613156345,2018-10-09-06-00-18
1.0,113.33716318474575,23.16591993831131,2018-10-09-06-00-18
1.0,113.33491757006756,23.166423883569525,2018-10-09-06-00-18
1.0,113.33591559790271,23.166422038284818,2018-10-09-06-00-18
1.0,113.33716315062932,23.166419746465678,2018-10-09-06-00-18
1.0,113.33591556379533,23.16692184659057,2018-10-09-06-00-18
1.0,113.34040682398128,23.16741349181182,2018-10-09-06-00-18
1.0,113.34090585878774,23.167662505204063,2018-10-09-06-00-18
1.0,113.34714439641682,23.167651701732137,2018-10-09-06-00-18
1.0,113.34065631525529,23.167912854531544,2018-10-09-06-00-18
1.0,113.34240298890741,23.168409567466675,2018-10-09-06-00-18
1.0,113.34240297182772,23.16865947190344,2018-10-09-06-00-18
1.0,113.34015718009312,23.169163269363956,2018-10-09-06-00-18
1.0,113.34714429383592,23.16915112823375,2018-10-09-06-00-18
1.0,113.34664514768227,23.169651776726546,2018-10-09-06-00-18
1.0,113.33716291179566,23.169918407797585,2018-10-09-06-00-18
1.0,113.34689468588469,23.16990126108944,2018-10-09-06-00-18
1.0,113.33716289473486,23.17016831246544,2018-10-09-06-00-18
1.0,113.34365051727156,23.170656526224047,2018-10-09-06-00-18
1.0,113.33915897310474,23.170914397542177,2018-10-09-06-00-18
1.0,113.34390002305247,23.171155902345998,2018-10-09-06-00-18
1.0,113.34464865021435,23.17115460817006,2018-10-09-06-00-18
1.0,113.34040655081655,23.17141196495951,2018-10-09-06-00-18
1.0,113.34140465873452,23.171410186751473,2018-10-09-06-00-18
1.0,113.34290185328356,23.17140754723928,2018-10-09-06-00-18
1.0,113.34464863312456,23.17140451302998,2018-10-09-06-00-18
1.0,113.34489817798793,23.171404083767023,2018-10-09-06-00-18
1.0,113.34589635306925,23.171652282570598,2018-10-09-06-00-18
1.0,113.35113785743215,23.162397183655,2018-10-09-06-00-18
1.0,113.34814297889602,23.16265195886118,2018-10-09-06-00-18
1.0,113.34689516453322,23.162903945868855,2018-10-09-06-00-18
1.0,113.35513125815737,23.163890419785545,2018-10-09-06-00-18
1.0,113.3511377034662,23.164646316795732,2018-10-09-06-00-18
1.0,113.35338399655093,23.164642791362024,2018-10-09-06-00-18
1.0,113.35363359289288,23.164642406842542,2018-10-09-06-00-18
1.0,113.35238559359901,23.165144151786937,2018-10-09-06-00-18
1.0,113.35313436765513,23.165142985123136,2018-10-09-06-00-18
1.0,113.35388315668789,23.165141831575287,2018-10-09-06-00-18
1.0,113.35413275641524,23.165141450024727,2018-10-09-06-00-18
1.0,113.35113765214119,23.16539602851306,2018-10-09-06-00-18
1.0,113.35363352442624,23.165642022538854,2018-10-09-06-00-18
1.0,113.35238547380688,23.166893480177805,2018-10-09-06-00-18
1.0,113.34714439641682,23.167651701732137,2018-10-09-06-00-18
1.0,113.35338379115271,23.16764164025859,2018-10-09-06-00-18
1.0,113.35013916991193,23.16789667295915,2018-10-09-06-00-18
1.0,113.35413256810413,23.167890395467012,2018-10-09-06-00-18
1.0,113.35388295126621,23.16814068137653,2018-10-09-06-00-18
1.0,113.35438215241277,23.168139919775065,2018-10-09-06-00-18
1.0,113.35263494370268,23.168642420095566,2018-10-09-06-00-18
1.0,113.35413251674302,23.168640108656714,2018-10-09-06-00-18
1.0,113.35288451792263,23.168891935676548,2018-10-09-06-00-18
1.0,113.35313411091073,23.16889154823074,2018-10-09-06-00-18
1.0,113.35687821197823,23.168885917468856,2018-10-09-06-00-18
1.0,113.34714429383592,23.16915112823375,2018-10-09-06-00-18
1.0,113.35288450080581,23.169141840188015,2018-10-09-06-00-18
1.0,113.34963992088058,23.169396909150436,2018-10-09-06-00-18
1.0,113.34664514768227,23.169651776726546,2018-10-09-06-00-18
1.0,113.34914076337276,23.169647628411404,2018-10-09-06-00-18
1.0,113.34963990377432,23.169646813739206,2018-10-09-06-00-18
1.0,113.34689468588469,23.16990126108944,2018-10-09-06-00-18
1.0,113.35463163570714,23.16988887281503,2018-10-09-06-00-18
1.0,113.35488124058766,23.169888495798066,2018-10-09-06-00-18
1.0,113.35188607680531,23.17014302275671,2018-10-09-06-00-18
1.0,113.35563004862571,23.17013727865223,2018-10-09-06-00-18
1.0,113.35138689160286,23.170393717989157,2018-10-09-06-00-18
1.0,113.35238523419793,23.170392142542035,2018-10-09-06-00-18
1.0,113.35637887268516,23.170386075628688,2018-10-09-06-00-18
1.0,113.35712773020646,23.170384982271127,2018-10-09-06-00-18
1.0,113.34789286950219,23.170649306027002,2018-10-09-06-00-18
1.0,113.34988940778274,23.17064602709062,2018-10-09-06-00-18
1.0,113.34839197826355,23.170898383510817,2018-10-09-06-00-18
1.0,113.35213561190524,23.170892343818128,2018-10-09-06-00-18
1.0,113.35463156721357,23.170888491705963,2018-10-09-06-00-18
1.0,113.35587960917687,23.170886622056422,2018-10-09-06-00-18
1.0,113.34464865021435,23.17115460817006,2018-10-09-06-00-18
1.0,113.34789283529993,23.17114911562945,2018-10-09-06-00-18
1.0,113.35013894750828,23.171145432616978,2018-10-09-06-00-18
1.0,113.34464863312456,23.17140451302998,2018-10-09-06-00-18
1.0,113.34489817798793,23.171404083767023,2018-10-09-06-00-18
1.0,113.35188599123184,23.171392546662815,2018-10-09-06-00-18
1.0,113.35213557767368,23.171392153496594,2018-10-09-06-00-18
1.0,113.35488113784153,23.171387924366314,2018-10-09-06-00-18
1.0,113.34589635306925,23.171652282570598,2018-10-09-06-00-18
1.0,113.35013891328981,23.171645242373746,2018-10-09-06-00-18
1.0,113.32593542647069,23.171189016859714,2018-10-09-06-00-18
1.0,113.32818082554468,23.171184737793425,2018-10-09-06-00-18
1.0,113.33267170856394,23.17142615954749,2018-10-09-06-00-18
1.0,113.32942824806042,23.171682179230093,2018-10-09-06-00-18
1.0,113.32743227113934,23.17243568685174,2018-10-09-06-00-18
1.0,113.32768176054029,23.17243521181532,2018-10-09-06-00-18
1.0,113.33017667614509,23.17243047707366,2018-10-09-06-00-18
1.0,113.33391914492181,23.172423448287397,2018-10-09-06-00-18
1.0,113.33416864783541,23.17242298368469,2018-10-09-06-00-18
1.0,113.3271827650546,23.1726860671803,2018-10-09-06-00-18
1.0,113.33541615611114,23.17267057448506,2018-10-09-06-00-18
1.0,113.33691321193203,23.172667818259164,2018-10-09-06-00-18
1.0,113.33766175107795,23.17266644945687,2018-10-09-06-00-18
1.0,113.32967765549553,23.172931231606327,2018-10-09-06-00-18
1.0,113.33117462117812,23.17292840301325,2018-10-09-06-00-18
1.0,113.33666368353117,23.172918181041588,2018-10-09-06-00-18
1.0,113.33716270705501,23.172917266368653,2018-10-09-06-00-18
1.0,113.32768170946528,23.17318492710507,2018-10-09-06-00-18
1.0,113.32843017982732,23.173183503526634,2018-10-09-06-00-18
1.0,113.32967763846231,23.173181136741714,2018-10-09-06-00-18
1.0,113.3366636664703,23.17316808617581,2018-10-09-06-00-18
1.0,113.33716268999221,23.17316717150279,2018-10-09-06-00-18
1.0,113.33766171694865,23.173166259685825,2018-10-09-06-00-18
1.0,113.32768169243994,23.17343483228,2018-10-09-06-00-18
1.0,113.32992711448023,23.1734305695474,2018-10-09-06-00-18
1.0,113.3349170926126,23.173421213790537,2018-10-09-06-00-18
1.0,113.3261847438566,23.173687590985498,2018-10-09-06-00-18
1.0,113.32693320823046,23.173686163295482,2018-10-09-06-00-18
1.0,113.32718267993802,23.17393559305563,2018-10-09-06-00-18
1.0,113.3379111805496,23.17391552051623,2018-10-09-06-00-18
1.0,113.32718266291421,23.1741854983486,2018-10-09-06-00-18
1.0,113.32867960259698,23.17418265048696,2018-10-09-06-00-18
1.0,113.32693315716203,23.17443587917456,2018-10-09-06-00-18
1.0,113.32718264589022,23.17443540368099,2018-10-09-06-00-18
1.0,113.32793111408225,23.174433978583103,2018-10-09-06-00-18
1.0,113.32867958556695,23.174432555819102,2018-10-09-06-00-18
1.0,113.32892907685607,23.17443208214078,2018-10-09-06-00-18
1.0,113.33092502339413,23.174428304867945,2018-10-09-06-00-18
1.0,113.32793109705507,23.174683883954845,2018-10-09-06-00-18
1.0,113.33566552696279,23.174669355332348,2018-10-09-06-00-18
1.0,113.3281805701369,23.174933314835574,2018-10-09-06-00-18
1.0,113.32892904279349,23.174931892923475,2018-10-09-06-00-18
1.0,113.32917853450004,23.174931419553843,2018-10-09-06-00-18
1.0,113.33117446781915,23.175177550645596,2018-10-09-06-00-18
1.0,113.3274320498166,23.175684455664676,2018-10-09-06-00-18
1.0,113.32818051905083,23.175683031307035,2018-10-09-06-00-18
1.0,113.32892899169838,23.175681609394566,2018-10-09-06-00-18
1.0,113.32568561582568,23.17593769236977,2018-10-09-06-00-18
1.0,113.32768152217741,23.17593388619772,2018-10-09-06-00-18
1.0,113.33292088429495,23.176173892107077,2018-10-09-06-00-18
1.0,113.33317038452728,23.176173425356414,2018-10-09-06-00-18
1.0,113.33791102694629,23.176164669560677,2018-10-09-06-00-18
1.0,113.33267136764862,23.176424265012688,2018-10-09-06-00-18
1.0,113.32643402743292,23.17668598055461,2018-10-09-06-00-18
1.0,113.33641391710822,23.176667220574245,2018-10-09-06-00-18
1.0,113.33741196412417,23.176665391250182,2018-10-09-06-00-18
1.0,113.32518657388896,23.17693826832067,2018-10-09-06-00-18
1.0,113.32818043390408,23.17693255955518,2018-10-09-06-00-18
1.0,113.33117434853062,23.17692688991089,2018-10-09-06-00-18
1.0,113.33766146095756,23.17691484143206,2018-10-09-06-00-18
1.0,113.33791097574218,23.17691438662432,2018-10-09-06-00-18
1.0,113.3379109586738,23.177164292392163,2018-10-09-06-00-18
1.0,113.32643397636458,23.17743569786394,2018-10-09-06-00-18
1.0,113.33591484738571,23.177417856654657,2018-10-09-06-00-18
1.0,113.33766142682258,23.177414653007908,2018-10-09-06-00-18
1.0,113.33766140975483,23.177664558855994,2018-10-09-06-00-18
1.0,113.33791092453656,23.177664104048127,2018-10-09-06-00-18
1.0,113.32618443747823,23.17818589162108,2018-10-09-06-00-18
1.0,113.337162348701,23.17816528249141,2018-10-09-06-00-18
1.0,113.32668339637203,23.178434845603494,2018-10-09-06-00-18
1.0,113.32693288477182,23.178434369899406,2018-10-09-06-00-18
1.0,113.32818033172246,23.17843199477417,2018-10-09-06-00-18
1.0,113.33591477914085,23.178417480289472,2018-10-09-06-00-18
1.0,113.3361642880014,23.178417020568606,2018-10-09-06-00-18
1.0,113.33741184465671,23.178414732187836,2018-10-09-06-00-18
1.0,113.32668337934724,23.178684751614455,2018-10-09-06-00-18
1.0,113.32743184549368,23.17868332514401,2018-10-09-06-00-18
1.0,113.3276813348694,23.178682850106558,2018-10-09-06-00-18
1.0,113.33092473370469,23.178676701592448,2018-10-09-06-00-18
1.0,113.33466722940697,23.178669694456246,2018-10-09-06-00-18
1.0,113.33591476207921,23.178667386298898,2018-10-09-06-00-18
1.0,113.33666329108888,23.178666009144358,2018-10-09-06-00-18
1.0,113.3371623145682,23.178665094469494,2018-10-09-06-00-18
1.0,113.32743182846569,23.178933231195245,2018-10-09-06-00-18
1.0,113.3296772466523,23.178928965786774,2018-10-09-06-00-18
1.0,113.33791083919053,23.17891363389213,2018-10-09-06-00-18
1.0,113.32743179440921,23.179433043419102,2018-10-09-06-00-18
1.0,113.33192266797585,23.179424540612732,2018-10-09-06-00-18
1.0,113.33641372941256,23.179416185793013,2018-10-09-06-00-18
1.0,113.33766129027595,23.179413900920654,2018-10-09-06-00-18
1.0,113.3374117593178,23.179664262638177,2018-10-09-06-00-18
1.0,113.33766127320686,23.179663807091682,2018-10-09-06-00-18
1.0,113.33192263388258,23.179924352997322,2018-10-09-06-00-18
1.0,113.3369127170757,23.179915082109265,2018-10-09-06-00-18
1.0,113.33716222923329,23.179914625122553,2018-10-09-06-00-18
1.0,113.33741174224953,23.179914168849855,2018-10-09-06-00-18
1.0,113.33766125613762,23.17991371330332,2018-10-09-06-00-18
1.0,113.32693276558769,23.180183712826,2018-10-09-06-00-18
1.0,113.32718225429262,23.180183237331484,2018-10-09-06-00-18
1.0,113.3371622121658,23.18016453137494,2018-10-09-06-00-18
1.0,113.33791075384032,23.180163164747334,2018-10-09-06-00-18
1.0,113.32818019547098,23.180431243993915,2018-10-09-06-00-18
1.0,113.3316731026066,23.18042463470347,2018-10-09-06-00-18
1.0,113.33541562730247,23.18041765088852,2018-10-09-06-00-18
1.0,113.33766122199863,23.18041352584864,2018-10-09-06-00-18
1.0,113.33092459736358,23.180675951133203,2018-10-09-06-00-18
1.0,113.33915897310474,23.170914397542177,2018-10-09-06-00-18
1.0,113.34390002305247,23.171155902345998,2018-10-09-06-00-18
1.0,113.34464865021435,23.17115460817006,2018-10-09-06-00-18
1.0,113.34789283529993,23.17114911562945,2018-10-09-06-00-18
1.0,113.34040655081655,23.17141196495951,2018-10-09-06-00-18
1.0,113.34140465873452,23.171410186751473,2018-10-09-06-00-18
1.0,113.34290185328356,23.17140754723928,2018-10-09-06-00-18
1.0,113.34464863312456,23.17140451302998,2018-10-09-06-00-18
1.0,113.34489817798793,23.171404083767023,2018-10-09-06-00-18
1.0,113.34589635306925,23.171652282570598,2018-10-09-06-00-18
1.0,113.34215319972996,23.172158577514644,2018-10-09-06-00-18
1.0,113.34739364667928,23.172149567489388,2018-10-09-06-00-18
1.0,113.34365039766739,23.17240586051725,2018-10-09-06-00-18
1.0,113.34639540567558,23.172401151188918,2018-10-09-06-00-18
1.0,113.33541615611114,23.17267057448506,2018-10-09-06-00-18
1.0,113.33691321193203,23.172667818259164,2018-10-09-06-00-18
1.0,113.33766175107795,23.17266644945687,2018-10-09-06-00-18
1.0,113.34589628468972,23.172651902554126,2018-10-09-06-00-18
1.0,113.33666368353117,23.172918181041588,2018-10-09-06-00-18
1.0,113.33716270705501,23.172917266368653,2018-10-09-06-00-18
1.0,113.33816076451147,23.172915445688048,2018-10-09-06-00-18
1.0,113.33865979865439,23.1729145398744,2018-10-09-06-00-18
1.0,113.34639537148156,23.172900961336648,2018-10-09-06-00-18
1.0,113.34664492542164,23.17290053990599,2018-10-09-06-00-18
1.0,113.3366636664703,23.17316808617581,2018-10-09-06-00-18
1.0,113.33716268999221,23.17316717150279,2018-10-09-06-00-18
1.0,113.33766171694865,23.173166259685825,2018-10-09-06-00-18
1.0,113.34165406882703,23.173159079579783,2018-10-09-06-00-18
1.0,113.34489805834836,23.17315341887644,2018-10-09-06-00-18
1.0,113.3349170926126,23.173421213790537,2018-10-09-06-00-18
1.0,113.33841024698539,23.173414802700982,2018-10-09-06-00-18
1.0,113.33940832278896,23.173412997391104,2018-10-09-06-00-18
1.0,113.34614578468378,23.17340119422548,2018-10-09-06-00-18
1.0,113.34739356117613,23.17339909295586,2018-10-09-06-00-18
1.0,113.338160713311,23.173665161207644,2018-10-09-06-00-18
1.0,113.33865974744816,23.173664255393746,2018-10-09-06-00-18
1.0,113.34365031223082,23.173655386182723,2018-10-09-06-00-18
1.0,113.34564666633801,23.173651948020566,2018-10-09-06-00-18
1.0,113.34664487412671,23.173650255421247,2018-10-09-06-00-18
1.0,113.3379111805496,23.17391552051623,2018-10-09-06-00-18
1.0,113.33816069624385,23.173915066459404,2018-10-09-06-00-18
1.0,113.33841021284931,23.173914613165103,2018-10-09-06-00-18
1.0,113.34265214720557,23.173907035499315,2018-10-09-06-00-18
1.0,113.34489800707176,23.17390313451039,2018-10-09-06-00-18
1.0,113.34514755318567,23.17390270633103,2018-10-09-06-00-18
1.0,113.34614575049022,23.173901004686968,2018-10-09-06-00-18
1.0,113.34664485702805,23.17390016067156,2018-10-09-06-00-18
1.0,113.34689441231225,23.173899740406025,2018-10-09-06-00-18
1.0,113.34714396895664,23.173899321317307,2018-10-09-06-00-18
1.0,113.34265213012128,23.17415694078969,2018-10-09-06-00-18
1.0,113.3429016653553,23.174156503276397,2018-10-09-06-00-18
1.0,113.34315120174708,23.1741560667531,2018-10-09-06-00-18
1.0,113.34639528599362,23.174150487392126,2018-10-09-06-00-18
1.0,113.3399072982025,23.174411720709955,2018-10-09-06-00-18
1.0,113.34165398342495,23.17440860583591,2018-10-09-06-00-18
1.0,113.34489797288651,23.174402945129795,2018-10-09-06-00-18
1.0,113.346145716296,23.174400815305944,2018-10-09-06-00-18
1.0,113.34714393475531,23.174399131935942,2018-10-09-06-00-18
1.0,113.33566552696279,23.174669355332348,2018-10-09-06-00-18
1.0,113.3424025618649,23.174657189980312,2018-10-09-06-00-18
1.0,113.34365024387854,23.17465500742249,2018-10-09-06-00-18
1.0,113.34539704928832,23.174651995235408,2018-10-09-06-00-18
1.0,113.34614569919862,23.17465072067462,2018-10-09-06-00-18
1.0,113.34365022679006,23.174904912831135,2018-10-09-06-00-18
1.0,113.34464839384994,23.174903185170677,2018-10-09-06-00-18
1.0,113.34539703219347,23.174901900643754,2018-10-09-06-00-18
1.0,113.34564658086097,23.174901474667266,2018-10-09-06-00-18
1.0,113.34589613082598,23.17490104980976,2018-10-09-06-00-18
1.0,113.34439883315487,23.175153520954677,2018-10-09-06-00-18
1.0,113.34464837675763,23.175153090618736,2018-10-09-06-00-18
1.0,113.3448979216074,23.175152661355135,2018-10-09-06-00-18
1.0,113.34789256165774,23.175147598069177,2018-10-09-06-00-18
2.0,113.33965770756231,23.175411790892163,2018-10-09-06-00-18
1.0,113.34090532942864,23.175409557152424,2018-10-09-06-00-18
1.0,113.34489790451403,23.17540256684279,2018-10-09-06-00-18
1.0,113.3451474506225,23.175402138663173,2018-10-09-06-00-18
1.0,113.34614564790552,23.17540043701808,2018-10-09-06-00-18
2.0,113.33965769048825,23.175661696420413,2018-10-09-06-00-18
1.0,113.34464834257254,23.175652901633832,2018-10-09-06-00-18
1.0,113.34539698090794,23.175651617106524,2018-10-09-06-00-18
1.0,113.34589607953504,23.17565076627227,2018-10-09-06-00-18
1.0,113.34639518340255,23.175649919960343,2018-10-09-06-00-18
1.0,113.33841007629836,23.175913856600786,2018-10-09-06-00-18
1.0,113.34539696381242,23.17590152267354,2018-10-09-06-00-18
1.0,113.34739339015728,23.175898146840336,2018-10-09-06-00-18
1.0,113.33791102694629,23.176164669560677,2018-10-09-06-00-18
1.0,113.3389090952085,23.17616285795538,2018-10-09-06-00-18
1.0,113.33816052556307,23.176414121151385,2018-10-09-06-00-18
1.0,113.33965763926508,23.176411413243862,2018-10-09-06-00-18
1.0,113.34015668494393,23.176410517158832,2018-10-09-06-00-18
1.0,113.33641391710822,23.176667220574245,2018-10-09-06-00-18
1.0,113.33741196412417,23.176665391250182,2018-10-09-06-00-18
1.0,113.33816050849407,23.176664026839205,2018-10-09-06-00-18
1.0,113.33841002508899,23.17666357354444,2018-10-09-06-00-18
1.0,113.33890906106494,23.17666266929086,2018-10-09-06-00-18
1.0,113.33990714452747,23.176660870465405,2018-10-09-06-00-18
1.0,113.33766146095756,23.17691484143206,2018-10-09-06-00-18
1.0,113.33791097574218,23.17691438662432,2018-10-09-06-00-18
1.0,113.33841000801887,23.176913479272184,2018-10-09-06-00-18
1.0,113.3389090439929,23.176912575018516,2018-10-09-06-00-18
1.0,113.34739332174503,23.176897769505597,2018-10-09-06-00-18
1.0,113.34764288113664,23.176897352804495,2018-10-09-06-00-18
1.0,113.3379109586738,23.177164292392163,2018-10-09-06-00-18
1.0,113.33816047435558,23.177163838334796,2018-10-09-06-00-18
1.0,113.33915854632599,23.177162029851452,2018-10-09-06-00-18
1.0,113.34789242482056,23.177146843080806,2018-10-09-06-00-18
1.0,113.33591484738571,23.177417856654657,2018-10-09-06-00-18
1.0,113.33766142682258,23.177414653007908,2018-10-09-06-00-18
1.0,113.33965757096519,23.17741103623414,2018-10-09-06-00-18
1.0,113.34040614098916,23.177409693388494,2018-10-09-06-00-18
1.0,113.34215284098806,23.177406591122274,2018-10-09-06-00-18
1.0,113.34689417290119,23.17739841806845,2018-10-09-06-00-18
1.0,113.33766140975483,23.177664558855994,2018-10-09-06-00-18
1.0,113.33791092453656,23.177664104048127,2018-10-09-06-00-18
1.0,113.34090517571362,23.17765870834025,2018-10-09-06-00-18
1.0,113.34539684413912,23.177650862760174,2018-10-09-06-00-18
1.0,113.34539682704226,23.177900768647127,2018-10-09-06-00-18
1.0,113.337162348701,23.17816528249141,2018-10-09-06-00-18
1.0,113.34040608975396,23.178159411051958,2018-10-09-06-00-18
1.0,113.33591477914085,23.178417480289472,2018-10-09-06-00-18
1.0,113.3361642880014,23.178417020568606,2018-10-09-06-00-18
1.0,113.33741184465671,23.178414732187836,2018-10-09-06-00-18
1.0,113.33865942310716,23.178412461960484,2018-10-09-06-00-18
1.0,113.3396575026626,23.178410659866437,2018-10-09-06-00-18
1.0,113.34040607267522,23.178409317020282,2018-10-09-06-00-18
1.0,113.33591476207921,23.178667386298898,2018-10-09-06-00-18
1.0,113.33666329108888,23.178666009144358,2018-10-09-06-00-18
1.0,113.3371623145682,23.178665094469494,2018-10-09-06-00-18
1.0,113.33965748558654,23.17866056587523,2018-10-09-06-00-18
1.0,113.33791083919053,23.17891363389213,2018-10-09-06-00-18
1.0,113.33816035486556,23.178913179834467,2018-10-09-06-00-18
1.0,113.3391584268092,23.178911371349944,2018-10-09-06-00-18
1.0,113.33915840973471,23.17916127743966,2018-10-09-06-00-18
1.0,113.33965745143392,23.17916037801405,2018-10-09-06-00-18
1.0,113.34040602143803,23.17915903516752,2018-10-09-06-00-18
1.0,113.33641372941256,23.179416185793013,2018-10-09-06-00-18
1.0,113.33766129027595,23.179413900920654,2018-10-09-06-00-18
1.0,113.33865935481715,23.179412086238912,2018-10-09-06-00-18
1.0,113.34015648001346,23.179409388058144,2018-10-09-06-00-18
1.0,113.3374117593178,23.179664262638177,2018-10-09-06-00-18
1.0,113.33766127320686,23.179663807091682,2018-10-09-06-00-18
1.0,113.33840982023648,23.179662444930422,2018-10-09-06-00-18
1.0,113.33915837558521,23.179661089740662,2018-10-09-06-00-18
1.0,113.3369127170757,23.179915082109265,2018-10-09-06-00-18
1.0,113.33716222923329,23.179914625122553,2018-10-09-06-00-18
1.0,113.33741174224953,23.179914168849855,2018-10-09-06-00-18
1.0,113.33766125613762,23.17991371330332,2018-10-09-06-00-18
1.0,113.33840980316434,23.179912351141933,2018-10-09-06-00-18
1.0,113.3371622121658,23.18016453137494,2018-10-09-06-00-18
1.0,113.33791075384032,23.180163164747334,2018-10-09-06-00-18
1.0,113.33816026951055,23.180162710689462,2018-10-09-06-00-18
1.0,113.33541562730247,23.18041765088852,2018-10-09-06-00-18
1.0,113.33766122199863,23.18041352584864,2018-10-09-06-00-18
1.0,113.33890880496683,23.180411259432155,2018-10-09-06-00-18
1.0,113.34364985080101,23.180402841932327,2018-10-09-06-00-18
1.0,113.33840975194695,23.18066207002066,2018-10-09-06-00-18
1.0,113.3389087878923,23.18066116576573,2018-10-09-06-00-18
1.0,113.3441489147534,23.180651882335102,2018-10-09-06-00-18
1.0,113.33840973487415,23.180911976395144,2018-10-09-06-00-18
1.0,113.34789286950219,23.170649306027002,2018-10-09-06-00-18
1.0,113.34988940778274,23.17064602709062,2018-10-09-06-00-18
1.0,113.34839197826355,23.170898383510817,2018-10-09-06-00-18
1.0,113.35213561190524,23.170892343818128,2018-10-09-06-00-18
1.0,113.35463156721357,23.170888491705963,2018-10-09-06-00-18
1.0,113.35587960917687,23.170886622056422,2018-10-09-06-00-18
1.0,113.34464865021435,23.17115460817006,2018-10-09-06-00-18
1.0,113.34789283529993,23.17114911562945,2018-10-09-06-00-18
1.0,113.35013894750828,23.171145432616978,2018-10-09-06-00-18
1.0,113.34464863312456,23.17140451302998,2018-10-09-06-00-18
1.0,113.34489817798793,23.171404083767023,2018-10-09-06-00-18
1.0,113.35188599123184,23.171392546662815,2018-10-09-06-00-18
1.0,113.35213557767368,23.171392153496594,2018-10-09-06-00-18
1.0,113.35488113784153,23.171387924366314,2018-10-09-06-00-18
1.0,113.34589635306925,23.171652282570598,2018-10-09-06-00-18
1.0,113.35013891328981,23.171645242373746,2018-10-09-06-00-18
1.0,113.34839190985072,23.17189800302568,2018-10-09-06-00-18
1.0,113.34739364667928,23.172149567489388,2018-10-09-06-00-18
1.0,113.34939016176835,23.17214626844169,2018-10-09-06-00-18
1.0,113.34639540567558,23.172401151188918,2018-10-09-06-00-18
1.0,113.34963971559432,23.172395766765288,2018-10-09-06-00-18
1.0,113.34589628468972,23.172651902554126,2018-10-09-06-00-18
1.0,113.3538826430884,23.17263896640071,2018-10-09-06-00-18
1.0,113.34639537148156,23.172900961336648,2018-10-09-06-00-18
1.0,113.34664492542164,23.17290053990599,2018-10-09-06-00-18
1.0,113.35313383700843,23.17289002504478,2018-10-09-06-00-18
1.0,113.34489805834836,23.17315341887644,2018-10-09-06-00-18
1.0,113.34614578468378,23.17340119422548,2018-10-09-06-00-18
1.0,113.34739356117613,23.17339909295586,2018-10-09-06-00-18
1.0,113.35088752449246,23.173393373515278,2018-10-09-06-00-18
1.0,113.34564666633801,23.173651948020566,2018-10-09-06-00-18
1.0,113.34664487412671,23.173650255421247,2018-10-09-06-00-18
1.0,113.34489800707176,23.17390313451039,2018-10-09-06-00-18
1.0,113.34514755318567,23.17390270633103,2018-10-09-06-00-18
1.0,113.34614575049022,23.173901004686968,2018-10-09-06-00-18
1.0,113.34664485702805,23.17390016067156,2018-10-09-06-00-18
1.0,113.34689441231225,23.173899740406025,2018-10-09-06-00-18
1.0,113.34714396895664,23.173899321317307,2018-10-09-06-00-18
1.0,113.34639528599362,23.174150487392126,2018-10-09-06-00-18
1.0,113.34839175591203,23.174147149217315,2018-10-09-06-00-18
1.0,113.34489797288651,23.174402945129795,2018-10-09-06-00-18
1.0,113.346145716296,23.174400815305944,2018-10-09-06-00-18
1.0,113.34714393475531,23.174399131935942,2018-10-09-06-00-18
1.0,113.34539704928832,23.174651995235408,2018-10-09-06-00-18
1.0,113.34614569919862,23.17465072067462,2018-10-09-06-00-18
1.0,113.34464839384994,23.174903185170677,2018-10-09-06-00-18
1.0,113.34539703219347,23.174901900643754,2018-10-09-06-00-18
1.0,113.34564658086097,23.174901474667266,2018-10-09-06-00-18
1.0,113.34589613082598,23.17490104980976,2018-10-09-06-00-18
1.0,113.34464837675763,23.175153090618736,2018-10-09-06-00-18
1.0,113.3448979216074,23.175152661355135,2018-10-09-06-00-18
1.0,113.34789256165774,23.175147598069177,2018-10-09-06-00-18
1.0,113.34489790451403,23.17540256684279,2018-10-09-06-00-18
1.0,113.3451474506225,23.175402138663173,2018-10-09-06-00-18
1.0,113.34614564790552,23.17540043701808,2018-10-09-06-00-18
1.0,113.34464834257254,23.175652901633832,2018-10-09-06-00-18
1.0,113.34539698090794,23.175651617106524,2018-10-09-06-00-18
1.0,113.34589607953504,23.17565076627227,2018-10-09-06-00-18
1.0,113.34639518340255,23.175649919960343,2018-10-09-06-00-18
1.0,113.34539696381242,23.17590152267354,2018-10-09-06-00-18
1.0,113.34739339015728,23.175898146840336,2018-10-09-06-00-18
1.0,113.35538004453981,23.1758854690786,2018-10-09-06-00-18
1.0,113.35612886316568,23.176134262227347,2018-10-09-06-00-18
1.0,113.35612884603361,23.176384167872143,2018-10-09-06-00-18
1.0,113.34739332174503,23.176897769505597,2018-10-09-06-00-18
1.0,113.34764288113664,23.176897352804495,2018-10-09-06-00-18
1.0,113.35088728489245,23.176892050056495,2018-10-09-06-00-18
1.0,113.34789242482056,23.177146843080806,2018-10-09-06-00-18
1.0,113.34814198701879,23.177146428813636,2018-10-09-06-00-18
1.0,113.34689417290119,23.17739841806845,2018-10-09-06-00-18
1.0,113.34539684413912,23.177650862760174,2018-10-09-06-00-18
1.0,113.34539682704226,23.177900768647127,2018-10-09-06-00-18
1.0,113.349389751148,23.17814399968199,2018-10-09-06-00-18
1.0,113.35338293506659,23.180136903980937,2018-10-09-06-00-18
