count,wgs_lng,wgs_lat,time
1.0,113.33417059052954,23.143934049665283,2018-10-14-06-00-20
1.0,113.33442009425494,23.143933585634848,2018-10-14-06-00-20
1.0,113.33641615083957,23.143929895291038,2018-10-14-06-00-20
1.0,113.32793317314146,23.144195703848823,2018-10-14-06-00-20
1.0,113.3281826633745,23.144195229323355,2018-10-14-06-00-20
1.0,113.3356676068045,23.144181175383547,2018-10-14-06-00-20
1.0,113.32793315613443,23.14444560484233,2018-10-14-06-00-20
1.0,113.33516857569066,23.14443199902298,2018-10-14-06-00-20
1.0,113.32793313912724,23.144695505868672,2018-10-14-06-00-20
1.0,113.33117654553593,23.144689361763003,2018-10-14-06-00-20
1.0,113.33192503582248,23.144687952982718,2018-10-14-06-00-20
1.0,113.33267353132763,23.14468654831441,2018-10-14-06-00-20
1.0,113.3349190527534,23.144682362302625,2018-10-14-06-00-20
1.0,113.3354180653087,23.14468143841011,2018-10-14-06-00-20
1.0,113.32943006945543,23.144942564096933,2018-10-14-06-00-20
1.0,113.32967956216139,23.1449420913869,2018-10-14-06-00-20
1.0,113.32992905532687,23.14494161902271,2018-10-14-06-00-20
1.0,113.32718463656636,23.145196733103457,2018-10-14-06-00-20
1.0,113.33741411313856,23.145177571113024,2018-10-14-06-00-20
1.0,113.32568769090442,23.145449490061974,2018-10-14-06-00-20
1.0,113.3254381867334,23.145699867783097,2018-10-14-06-00-20
1.0,113.32593716132305,23.145698914806136,2018-10-14-06-00-20
1.0,113.33267346322128,23.14568615274611,2018-10-14-06-00-20
1.0,113.33392096828496,23.14568382167169,2018-10-14-06-00-20
1.0,113.33566750457528,23.14568058183052,2018-10-14-06-00-20
1.0,113.33367144892162,23.145934188015598,2018-10-14-06-00-20
1.0,113.3256876229083,23.146449094895402,2018-10-14-06-00-20
1.0,113.33666549103637,23.146428447993358,2018-10-14-06-00-20
1.0,113.32518863180427,23.146699949447857,2018-10-14-06-00-20
1.0,113.3341704031711,23.146682962034046,2018-10-14-06-00-20
1.0,113.32568758890926,23.146948897511624,2018-10-14-06-00-20
1.0,113.32718451753016,23.14694604167693,2018-10-14-06-00-20
1.0,113.33192488260619,23.14693706370077,2018-10-14-06-00-20
1.0,113.3324238789897,23.146936126777067,2018-10-14-06-00-20
1.0,113.33342187914182,23.146934258806255,2018-10-14-06-00-20
1.0,113.33417038613752,23.14693286335742,2018-10-14-06-00-20
1.0,113.32593705932084,23.147198322455097,2018-10-14-06-00-20
1.0,113.3264360349327,23.14719737011925,2018-10-14-06-00-20
1.0,113.33317236111752,23.14718462639057,2018-10-14-06-00-20
1.0,113.33342186211102,23.14718416016315,2018-10-14-06-00-20
1.0,113.33292284374154,23.147434994526844,2018-10-14-06-00-20
1.0,113.33566738530027,23.14742989085974,2018-10-14-06-00-20
1.0,113.33641591225691,23.147428511724907,2018-10-14-06-00-20
1.0,113.32693497767592,23.147696221340308,2018-10-14-06-00-20
1.0,113.32718446651215,23.147695745851166,2018-10-14-06-00-20
1.0,113.33067733348065,23.147939019420264,2018-10-14-06-00-20
1.0,113.3314258204496,23.14793760808191,2018-10-14-06-00-20
1.0,113.33167531719442,23.147937138483833,2018-10-14-06-00-20
1.0,113.32768341115788,23.148194598502336,2018-10-14-06-00-20
1.0,113.32967934095915,23.14819080817211,2018-10-14-06-00-20
1.0,113.33042782184872,23.148189392164873,2018-10-14-06-00-20
1.0,113.3356673341799,23.14817959523099,2018-10-14-06-00-20
1.0,113.33766342259517,23.14817593124963,2018-10-14-06-00-20
1.0,113.33167528314517,23.148436941500233,2018-10-14-06-00-20
1.0,113.32543798274723,23.148698684286483,2018-10-14-06-00-20
1.0,113.3364158270409,23.14867801917801,2018-10-14-06-00-20
1.0,113.3271843814788,23.148945253480377,2018-10-14-06-00-20
1.0,113.33117625616676,23.148937684280316,2018-10-14-06-00-20
1.0,113.33741385744254,23.14892609146435,2018-10-14-06-00-20
1.0,113.32543794874722,23.149198487507558,2018-10-14-06-00-20
1.0,113.33117623914355,23.149187585906827,2018-10-14-06-00-20
1.0,113.33417021579247,23.149431878437497,2018-10-14-06-00-20
1.0,113.3271843304568,23.14969495846368,2018-10-14-06-00-20
1.0,113.33092670945172,23.14968785971215,2018-10-14-06-00-20
1.0,113.33167519801916,23.149686449632654,2018-10-14-06-00-20
1.0,113.3331721908102,23.149683641809432,2018-10-14-06-00-20
1.0,113.33167518099344,23.149936351360974,2018-10-14-06-00-20
1.0,113.32518837682305,23.15044847285359,2018-10-14-06-00-20
1.0,113.33566716376785,23.15067861199975,2018-10-14-06-00-20
1.0,113.33142559913054,23.151186330113475,2018-10-14-06-00-20
1.0,113.32818217007389,23.1514423716716,2018-10-14-06-00-20
1.0,113.3291801348151,23.151440476405437,2018-10-14-06-00-20
1.0,113.32992861286823,23.151439058284453,2018-10-14-06-00-20
1.0,113.33017810648062,23.151438586277386,2018-10-14-06-00-20
1.0,113.33641563955096,23.151426938558767,2018-10-14-06-00-20
1.0,113.32843162662901,23.151941701388242,2018-10-14-06-00-20
1.0,113.32868111760263,23.151941227417232,2018-10-14-06-00-20
1.0,113.32893060898222,23.151940753742636,2018-10-14-06-00-20
1.0,113.32942959301293,23.151939807332127,2018-10-14-06-00-20
1.0,113.32967908569083,23.15193933462093,2018-10-14-06-00-20
1.0,113.32992857882829,23.15193886225558,2018-10-14-06-00-20
1.0,113.3249387711233,23.152198263219876,2018-10-14-06-00-20
1.0,113.32643569484159,23.152195404381427,2018-10-14-06-00-20
1.0,113.33142549697378,23.152685742232805,2018-10-14-06-00-20
1.0,113.33516801341449,23.152678750527706,2018-10-14-06-00-20
1.0,113.32843155857121,23.152941309746257,2018-10-14-06-00-20
1.0,113.32468921663477,23.153198348652584,2018-10-14-06-00-20
1.0,113.32868103252493,23.153190737951274,2018-10-14-06-00-20
1.0,113.33566699333909,23.153177632193042,2018-10-14-06-00-20
1.0,113.32693456950214,23.15369386573956,2018-10-14-06-00-20
1.0,113.33142542886594,23.15368535100549,2018-10-14-06-00-20
1.0,113.32468916563462,23.153948055392217,2018-10-14-06-00-20
1.0,113.32818199993777,23.153941392915655,2018-10-14-06-00-20
1.0,113.33142541183857,23.153935253285812,2018-10-14-06-00-20
1.0,113.33442009425494,23.143933585634848,2018-10-14-06-00-20
1.0,113.33641615083957,23.143929895291038,2018-10-14-06-00-20
1.0,113.33866177747485,23.143925795790597,2018-10-14-06-00-20
1.0,113.34115700761997,23.143921315900812,2018-10-14-06-00-20
1.0,113.3356676068045,23.144181175383547,2018-10-14-06-00-20
1.0,113.33866176042567,23.144175696749528,2018-10-14-06-00-20
1.0,113.33516857569066,23.14443199902298,2018-10-14-06-00-20
1.0,113.3349190527534,23.144682362302625,2018-10-14-06-00-20
1.0,113.3354180653087,23.14468143841011,2018-10-14-06-00-20
1.0,113.34040837679183,23.14467235386546,2018-10-14-06-00-20
1.0,113.33965978934278,23.144923597751774,2018-10-14-06-00-20
1.0,113.33741411313856,23.145177571113024,2018-10-14-06-00-20
1.0,113.34190551157725,23.145169494192043,2018-10-14-06-00-20
1.0,113.33965975523527,23.145423399965228,2018-10-14-06-00-20
1.0,113.33566750457528,23.14568058183052,2018-10-14-06-00-20
1.0,113.33891117670207,23.14567465146526,2018-10-14-06-00-20
1.0,113.33990926063586,23.145672852660724,2018-10-14-06-00-20
1.0,113.34140641687021,23.145670180101366,2018-10-14-06-00-20
1.0,113.3404082915085,23.145921859481245,2018-10-14-06-00-20
1.0,113.33666549103637,23.146428447993358,2018-10-14-06-00-20
1.0,113.33941016555599,23.14642345408516,2018-10-14-06-00-20
1.0,113.3453989799273,23.1464129255899,2018-10-14-06-00-20
1.0,113.33566738530027,23.14742989085974,2018-10-14-06-00-20
1.0,113.33641591225691,23.147428511724907,2018-10-14-06-00-20
1.0,113.33965958468777,23.147922413025242,2018-10-14-06-00-20
1.0,113.34115673466157,23.14791973520218,2018-10-14-06-00-20
1.0,113.3356673341799,23.14817959523099,2018-10-14-06-00-20
1.0,113.33766342259517,23.14817593124963,2018-10-14-06-00-20
1.0,113.3364158270409,23.14867801917801,2018-10-14-06-00-20
1.0,113.33965953352026,23.148672117596405,2018-10-14-06-00-20
1.0,113.33741385744254,23.14892609146435,2018-10-14-06-00-20
1.0,113.33891093796846,23.149173271158247,2018-10-14-06-00-20
1.0,113.34140612681469,23.14991850486649,2018-10-14-06-00-20
1.0,113.33566716376785,23.15067861199975,2018-10-14-06-00-20
1.0,113.34714555857877,23.150658294159204,2018-10-14-06-00-20
1.0,113.33641563955096,23.151426938558767,2018-10-14-06-00-20
1.0,113.34190506790358,23.151666934277987,2018-10-14-06-00-20
1.0,113.34240409872857,23.15216585845157,2018-10-14-06-00-20
1.0,113.34215454862195,23.15241619997546,2018-10-14-06-00-20
1.0,113.33516801341449,23.152678750527706,2018-10-14-06-00-20
1.0,113.33566699333909,23.153177632193042,2018-10-14-06-00-20
1.0,113.3566303048291,23.143896015006653,2018-10-14-06-00-20
1.0,113.35663028771715,23.14414591596247,2018-10-14-06-00-20
1.0,113.35663027060504,23.14439581695106,2018-10-14-06-00-20
1.0,113.35613102046158,23.144646451686086,2018-10-14-06-00-20
1.0,113.35613100335067,23.144896352740496,2018-10-14-06-00-20
1.0,113.35163820246999,23.145153132488044,2018-10-14-06-00-20
1.0,113.35388452554818,23.145149632823802,2018-10-14-06-00-20
1.0,113.35638056762208,23.145645688446372,2018-10-14-06-00-20
1.0,113.34789456167618,23.145908915141366,2018-10-14-06-00-20
1.0,113.34914238755653,23.145906856287702,2018-10-14-06-00-20
1.0,113.34939195709711,23.145906448310303,2018-10-14-06-00-20
1.0,113.34914237046773,23.14615675750866,2018-10-14-06-00-20
1.0,113.35438365841839,23.14614847591181,2018-10-14-06-00-20
1.0,113.3453989799273,23.1464129255899,2018-10-14-06-00-20
1.0,113.34789449333734,23.14690852022568,2018-10-14-06-00-20
1.0,113.35563164065343,23.146896302425358,2018-10-14-06-00-20
1.0,113.3501405892058,23.14715473860519,2018-10-14-06-00-20
1.0,113.35113890062117,23.1471531356785,2018-10-14-06-00-20
1.0,113.35488267839902,23.148896635989217,2018-10-14-06-00-20
1.0,113.35538184220776,23.14964559154117,2018-10-14-06-00-20
1.0,113.34989081006492,23.15015396155132,2018-10-14-06-00-20
1.0,113.35463298790489,23.150146521454563,2018-10-14-06-00-20
1.0,113.35438336758673,23.150396801782893,2018-10-14-06-00-20
1.0,113.35463297079501,23.150396423247166,2018-10-14-06-00-20
1.0,113.34714555857877,23.150658294159204,2018-10-14-06-00-20
1.0,113.35014034988778,23.150653361100566,2018-10-14-06-00-20
1.0,113.35014033279238,23.15090326296239,2018-10-14-06-00-20
1.0,113.35463293657475,23.150896226934986,2018-10-14-06-00-20
1.0,113.34864287692253,23.151405510696232,2018-10-14-06-00-20
1.0,113.35238653453698,23.15139949108852,2018-10-14-06-00-20
1.0,113.3501402644091,23.151902870753275,2018-10-14-06-00-20
1.0,113.34914194319337,23.152404298979484,2018-10-14-06-00-20
1.0,113.347894100337,23.152656259942294,2018-10-14-06-00-20
1.0,113.34814359426042,23.15365545444072,2018-10-14-06-00-20
1.0,113.32843155857121,23.152941309746257,2018-10-14-06-00-20
1.0,113.32868103252493,23.153190737951274,2018-10-14-06-00-20
1.0,113.33566699333909,23.153177632193042,2018-10-14-06-00-20
1.0,113.32693456950214,23.15369386573956,2018-10-14-06-00-20
1.0,113.33142542886594,23.15368535100549,2018-10-14-06-00-20
1.0,113.32818199993777,23.153941392915655,2018-10-14-06-00-20
1.0,113.33142541183857,23.153935253285812,2018-10-14-06-00-20
1.0,113.32493861811525,23.154447383126154,2018-10-14-06-00-20
1.0,113.3314253777833,23.154435057951442,2018-10-14-06-00-20
1.0,113.33217386965312,23.154433650499996,2018-10-14-06-00-20
1.0,113.33242336811175,23.1544331822715,2018-10-14-06-00-20
1.0,113.33641543499347,23.15442576445306,2018-10-14-06-00-20
1.0,113.32493860111353,23.15469728551264,2018-10-14-06-00-20
1.0,113.32843143946364,23.154690625712796,2018-10-14-06-00-20
1.0,113.32917991358265,23.1546892047,2018-10-14-06-00-20
1.0,113.3316748574734,23.154684490737655,2018-10-14-06-00-20
1.0,113.32643550776312,23.154944329093095,2018-10-14-06-00-20
1.0,113.3314253096708,23.15543466770416,2018-10-14-06-00-20
1.0,113.32543748968183,23.155945844450237,2018-10-14-06-00-20
1.0,113.32793237363116,23.155941086953714,2018-10-14-06-00-20
1.0,113.33516779186188,23.155927481078923,2018-10-14-06-00-20
1.0,113.32743337733089,23.156191939371894,2018-10-14-06-00-20
1.0,113.33616577180861,23.15667534623591,2018-10-14-06-00-20
1.0,113.32543740465643,23.157195357795988,2018-10-14-06-00-20
1.0,113.3256868917821,23.157194881231586,2018-10-14-06-00-20
1.0,113.337163781675,23.157173319583265,2018-10-14-06-00-20
1.0,113.33192416741836,23.15743295015321,2018-10-14-06-00-20
1.0,113.33691425237815,23.15742367934027,2018-10-14-06-00-20
1.0,113.33766279170062,23.157422310545655,2018-10-14-06-00-20
1.0,113.32893021756722,23.157688509453134,2018-10-14-06-00-20
1.0,113.33067666955557,23.157685203061945,2018-10-14-06-00-20
1.0,113.3311756602551,23.15768426175067,2018-10-14-06-00-20
1.0,113.33142515640792,23.157683791718735,2018-10-14-06-00-20
1.0,113.33566668652529,23.15767587734949,2018-10-14-06-00-20
1.0,113.33666472392844,23.15767403983497,2018-10-14-06-00-20
1.0,113.32518786674837,23.157945542931575,2018-10-14-06-00-20
1.0,113.33541716211009,23.15792624120688,2018-10-14-06-00-20
1.0,113.33591617762625,23.1579253198248,2018-10-14-06-00-20
1.0,113.32518784974329,23.158195445815064,2018-10-14-06-00-20
1.0,113.32568682375472,23.158194492550248,2018-10-14-06-00-20
1.0,113.32618579874698,23.158193539877598,2018-10-14-06-00-20
1.0,113.32843116718712,23.158689068704405,2018-10-14-06-00-20
1.0,113.32868065813359,23.158688594732276,2018-10-14-06-00-20
1.0,113.33142508828674,23.158683403320502,2018-10-14-06-00-20
1.0,113.32493831205873,23.158945631504974,2018-10-14-06-00-20
1.0,113.3359161094335,23.158924931567356,2018-10-14-06-00-20
1.0,113.33616561836992,23.158924471849755,2018-10-14-06-00-20
1.0,113.32618573070884,23.159193151770648,2018-10-14-06-00-20
1.0,113.32693416123251,23.159691530250733,2018-10-14-06-00-20
1.0,113.32718365002029,23.159691054759605,2018-10-14-06-00-20
1.0,113.33466849115503,23.160176755199796,2018-10-14-06-00-20
1.0,113.33391996311533,23.160428050494296,2018-10-14-06-00-20
1.0,113.32568665367464,23.160693523369055,2018-10-14-06-00-20
1.0,113.32693407616428,23.16094104629338,2018-10-14-06-00-20
1.0,113.327183564947,23.160940570802047,2018-10-14-06-00-20
1.0,113.32843101401285,23.160938196926068,2018-10-14-06-00-20
1.0,113.3261855776133,23.161442280649695,2018-10-14-06-00-20
1.0,113.32967843884335,23.161435636822763,2018-10-14-06-00-20
1.0,113.32942892917899,23.16168601292624,2018-10-14-06-00-20
1.0,113.32967842181779,23.161685540213426,2018-10-14-06-00-20
1.0,113.32718349688537,23.161940184293197,2018-10-14-06-00-20
1.0,113.3284309289102,23.1621877138807,2018-10-14-06-00-20
1.0,113.33466835479389,23.16217598188011,2018-10-14-06-00-20
1.0,113.32593602195828,23.16244237069189,2018-10-14-06-00-20
1.0,113.33516734867203,23.16242496026099,2018-10-14-06-00-20
1.0,113.32568650058833,23.162942654222906,2018-10-14-06-00-20
1.0,113.33566699333909,23.153177632193042,2018-10-14-06-00-20
1.0,113.33641543499347,23.15442576445306,2018-10-14-06-00-20
1.0,113.3381620269804,23.15442257074416,2018-10-14-06-00-20
1.0,113.33841154366061,23.15442211745314,2018-10-14-06-00-20
1.0,113.34714528519858,23.15465672810433,2018-10-14-06-00-20
1.0,113.34664615604775,23.154907469869926,2018-10-14-06-00-20
1.0,113.33866101009586,23.155171372194822,2018-10-14-06-00-20
1.0,113.34689569431235,23.1551569520608,2018-10-14-06-00-20
1.0,113.33816195876223,23.155422180492366,2018-10-14-06-00-20
1.0,113.33516779186188,23.155927481078923,2018-10-14-06-00-20
1.0,113.347394757839,23.155905822649043,2018-10-14-06-00-20
1.0,113.33616577180861,23.15667534623591,2018-10-14-06-00-20
1.0,113.34340193499978,23.156662353015783,2018-10-14-06-00-20
1.0,113.337163781675,23.157173319583265,2018-10-14-06-00-20
1.0,113.34365143965657,23.1571617239498,2018-10-14-06-00-20
1.0,113.34464960697534,23.157159996301477,2018-10-14-06-00-20
1.0,113.33691425237815,23.15742367934027,2018-10-14-06-00-20
1.0,113.33766279170062,23.157422310545655,2018-10-14-06-00-20
1.0,113.34390096258282,23.157411193243163,2018-10-14-06-00-20
1.0,113.33566668652529,23.15767587734949,2018-10-14-06-00-20
1.0,113.33666472392844,23.15767403983497,2018-10-14-06-00-20
1.0,113.34564776007441,23.157658091391248,2018-10-14-06-00-20
1.0,113.33541716211009,23.15792624120688,2018-10-14-06-00-20
1.0,113.33591617762625,23.1579253198248,2018-10-14-06-00-20
1.0,113.3359161094335,23.158924931567356,2018-10-14-06-00-20
1.0,113.33616561836992,23.158924471849755,2018-10-14-06-00-20
1.0,113.34315220954332,23.159411720222607,2018-10-14-06-00-20
1.0,113.33466849115503,23.160176755199796,2018-10-14-06-00-20
1.0,113.3406567420214,23.161665257742,2018-10-14-06-00-20
1.0,113.33990815170601,23.161916501428504,2018-10-14-06-00-20
1.0,113.33466835479389,23.16217598188011,2018-10-14-06-00-20
1.0,113.34315202169329,23.16216065629077,2018-10-14-06-00-20
1.0,113.33516734867203,23.16242496026099,2018-10-14-06-00-20
1.0,113.343152004615,23.16241055978942,2018-10-14-06-00-20
1.0,113.347894100337,23.152656259942294,2018-10-14-06-00-20
1.0,113.34814359426042,23.15365545444072,2018-10-14-06-00-20
1.0,113.35338473236284,23.153896959647774,2018-10-14-06-00-20
1.0,113.34864267182242,23.15440433656549,2018-10-14-06-00-20
1.0,113.34714528519858,23.15465672810433,2018-10-14-06-00-20
1.0,113.34764440275332,23.154655893510007,2018-10-14-06-00-20
1.0,113.34664615604775,23.154907469869926,2018-10-14-06-00-20
1.0,113.34689569431235,23.1551569520608,2018-10-14-06-00-20
1.0,113.347394757839,23.155905822649043,2018-10-14-06-00-20
1.0,113.34464960697534,23.157159996301477,2018-10-14-06-00-20
1.0,113.34564776007441,23.157658091391248,2018-10-14-06-00-20
1.0,113.3513876444027,23.159397946766305,2018-10-14-06-00-20
1.0,113.35213638193777,23.159646666172772,2018-10-14-06-00-20
1.0,113.35163719347432,23.159897357035206,2018-10-14-06-00-20
1.0,113.3523859015982,23.160645887166144,2018-10-14-06-00-20
1.0,113.34939089722164,23.16140038897321,2018-10-14-06-00-20
1.0,113.32718349688537,23.161940184293197,2018-10-14-06-00-20
1.0,113.3284309289102,23.1621877138807,2018-10-14-06-00-20
1.0,113.33466835479389,23.16217598188011,2018-10-14-06-00-20
1.0,113.32593602195828,23.16244237069189,2018-10-14-06-00-20
1.0,113.33516734867203,23.16242496026099,2018-10-14-06-00-20
1.0,113.32568650058833,23.162942654222906,2018-10-14-06-00-20
1.0,113.32668443456951,23.163190653177683,2018-10-14-06-00-20
1.0,113.3271834118046,23.163189701984415,2018-10-14-06-00-20
1.0,113.32743290090386,23.163189226714934,2018-10-14-06-00-20
1.0,113.32593595391289,23.16344198506718,2018-10-14-06-00-20
1.0,113.32618544151707,23.16344150881019,2018-10-14-06-00-20
1.0,113.32668441755487,23.163440556826863,2018-10-14-06-00-20
1.0,113.3269339060153,23.16344008112526,2018-10-14-06-00-20
1.0,113.32768237332346,23.163438655329056,2018-10-14-06-00-20
1.0,113.32793186311315,23.163438180541082,2018-10-14-06-00-20
1.0,113.3271833777711,23.163689509319692,2018-10-14-06-00-20
1.0,113.32618540749134,23.16394131622002,2018-10-14-06-00-20
1.0,113.32493795492468,23.16419360274669,2018-10-14-06-00-20
1.0,113.3279318120531,23.16418789171071,2018-10-14-06-00-20
1.0,113.32743281581386,23.16443874533158,2018-10-14-06-00-20
1.0,113.32818128518424,23.164437320979523,2018-10-14-06-00-20
1.0,113.3266843324792,23.164690075630087,2018-10-14-06-00-20
1.0,113.32693382093458,23.164689599928273,2018-10-14-06-00-20
1.0,113.33267216869378,23.16467874172595,2018-10-14-06-00-20
1.0,113.33591571727334,23.16467271040061,2018-10-14-06-00-20
1.0,113.32793176099156,23.164937603215552,2018-10-14-06-00-20
1.0,113.3356661921004,23.164923074643305,2018-10-14-06-00-20
1.0,113.32618532242411,23.16519083539638,2018-10-14-06-00-20
1.0,113.32643481029324,23.165190359311865,2018-10-14-06-00-20
1.0,113.32643479327828,23.165440263259274,2018-10-14-06-00-20
1.0,113.33317111749065,23.16542751944886,2018-10-14-06-00-20
1.0,113.33491763826473,23.165424267409797,2018-10-14-06-00-20
1.0,113.33541663360683,23.165673247493775,2018-10-14-06-00-20
1.0,113.32693373584969,23.165939119665172,2018-10-14-06-00-20
1.0,113.33716318474575,23.16591993831131,2018-10-14-06-00-20
1.0,113.32693371883221,23.16618902372522,2018-10-14-06-00-20
1.0,113.33566610684055,23.166172594560535,2018-10-14-06-00-20
1.0,113.32518728848271,23.166442261452293,2018-10-14-06-00-20
1.0,113.33491757006756,23.166423883569525,2018-10-14-06-00-20
1.0,113.33516707588373,23.166423421311386,2018-10-14-06-00-20
1.0,113.33566608978808,23.166422498656814,2018-10-14-06-00-20
1.0,113.33591559790271,23.166422038284818,2018-10-14-06-00-20
1.0,113.33466803089341,23.166924154738098,2018-10-14-06-00-20
1.0,113.3351670417822,23.16692322961739,2018-10-14-06-00-20
1.0,113.3274326115809,23.167437593829238,2018-10-14-06-00-20
1.0,113.33566598746972,23.16792192402893,2018-10-14-06-00-20
1.0,113.3254366562534,23.16819111449632,2018-10-14-06-00-20
1.0,113.32768204993702,23.168186831768296,2018-10-14-06-00-20
1.0,113.33466792859653,23.168423580566717,2018-10-14-06-00-20
1.0,113.33566595336228,23.168421732790264,2018-10-14-06-00-20
1.0,113.33317089592961,23.168676274184865,2018-10-14-06-00-20
1.0,113.33441840720513,23.168673948459578,2018-10-14-06-00-20
1.0,113.3356659363083,23.168671637228165,2018-10-14-06-00-20
1.0,113.33466787744584,23.169173293995673,2018-10-14-06-00-20
1.0,113.33242232886379,23.169677294075797,2018-10-14-06-00-20
1.0,113.32768187970947,23.17068587750335,2018-10-14-06-00-20
1.0,113.33292125931627,23.17067597782207,2018-10-14-06-00-20
1.0,113.32768186268581,23.17093578228862,2018-10-14-06-00-20
1.0,113.32818084257053,23.17093483296951,2018-10-14-06-00-20
1.0,113.3266838900186,23.171187588615552,2018-10-14-06-00-20
1.0,113.32643436785027,23.17168787428072,2018-10-14-06-00-20
1.0,113.33342017523616,23.17192456915035,2018-10-14-06-00-20
1.0,113.33566571459141,23.17192039841977,2018-10-14-06-00-20
1.0,113.33990815170601,23.161916501428504,2018-10-14-06-00-20
1.0,113.34315202169329,23.16216065629077,2018-10-14-06-00-20
1.0,113.33516734867203,23.16242496026099,2018-10-14-06-00-20
1.0,113.343152004615,23.16241055978942,2018-10-14-06-00-20
1.0,113.34115571068642,23.162913886124556,2018-10-14-06-00-20
1.0,113.34689516453322,23.162903945868855,2018-10-14-06-00-20
1.0,113.34065660546761,23.163664486178245,2018-10-14-06-00-20
1.0,113.34240331338977,23.163661390359366,2018-10-14-06-00-20
1.0,113.33591571727334,23.16467271040061,2018-10-14-06-00-20
1.0,113.3356661921004,23.164923074643305,2018-10-14-06-00-20
1.0,113.33841082719624,23.16491804848566,2018-10-14-06-00-20
1.0,113.33491763826473,23.165424267409797,2018-10-14-06-00-20
1.0,113.33541663360683,23.165673247493775,2018-10-14-06-00-20
1.0,113.33716318474575,23.16591993831131,2018-10-14-06-00-20
1.0,113.33566610684055,23.166172594560535,2018-10-14-06-00-20
1.0,113.33491757006756,23.166423883569525,2018-10-14-06-00-20
1.0,113.33516707588373,23.166423421311386,2018-10-14-06-00-20
1.0,113.33566608978808,23.166422498656814,2018-10-14-06-00-20
1.0,113.33591559790271,23.166422038284818,2018-10-14-06-00-20
1.0,113.3351670417822,23.16692322961739,2018-10-14-06-00-20
1.0,113.34115538630213,23.16766206109415,2018-10-14-06-00-20
1.0,113.33566598746972,23.16792192402893,2018-10-14-06-00-20
1.0,113.34015726544945,23.167913747177952,2018-10-14-06-00-20
1.0,113.34040678983804,23.167913300419283,2018-10-14-06-00-20
1.0,113.34764349678188,23.167900771454814,2018-10-14-06-00-20
1.0,113.34040677276616,23.16816320478009,2018-10-14-06-00-20
1.0,113.33566595336228,23.168421732790264,2018-10-14-06-00-20
1.0,113.34240298890741,23.168409567466675,2018-10-14-06-00-20
1.0,113.3356659363083,23.168671637228165,2018-10-14-06-00-20
1.0,113.33866005466291,23.16916596753435,2018-10-14-06-00-20
1.0,113.34240293766783,23.169159280891716,2018-10-14-06-00-20
1.0,113.3466451818737,23.169151967586366,2018-10-14-06-00-20
1.0,113.34040667033139,23.169662631747393,2018-10-14-06-00-20
1.0,113.34664514768227,23.169651776726546,2018-10-14-06-00-20
1.0,113.34514782665795,23.16990422700963,2018-10-14-06-00-20
1.0,113.34614600692561,23.17015243003464,2018-10-14-06-00-20
1.0,113.34589643853988,23.170402758465677,2018-10-14-06-00-20
1.0,113.3471441741506,23.170900460897602,2018-10-14-06-00-20
1.0,113.34390002305247,23.171155902345998,2018-10-14-06-00-20
1.0,113.34439910659705,23.171155038505315,2018-10-14-06-00-20
1.0,113.34489817798793,23.171404083767023,2018-10-14-06-00-20
1.0,113.34664501090985,23.171651014829607,2018-10-14-06-00-20
1.0,113.33566571459141,23.17192039841977,2018-10-14-06-00-20
1.0,113.34689516453322,23.162903945868855,2018-10-14-06-00-20
1.0,113.35213598840802,23.16539444748158,2018-10-14-06-00-20
1.0,113.35288475754048,23.165393276511203,2018-10-14-06-00-20
1.0,113.35188629927674,23.166894265095138,2018-10-14-06-00-20
1.0,113.35238547380688,23.166893480177805,2018-10-14-06-00-20
1.0,113.34764349678188,23.167900771454814,2018-10-14-06-00-20
1.0,113.35338375691732,23.168141448937643,2018-10-14-06-00-20
1.0,113.35388295126621,23.16814068137653,2018-10-14-06-00-20
1.0,113.35413255098393,23.16814029982544,2018-10-14-06-00-20
1.0,113.35338373979937,23.16839135333433,2018-10-14-06-00-20
1.0,113.35338370556298,23.168891162242275,2018-10-14-06-00-20
1.0,113.3466451818737,23.169151967586366,2018-10-14-06-00-20
1.0,113.35188614526108,23.169143404326203,2018-10-14-06-00-20
1.0,113.34664514768227,23.169651776726546,2018-10-14-06-00-20
1.0,113.34914076337276,23.169647628411404,2018-10-14-06-00-20
1.0,113.35238528554547,23.169642428546258,2018-10-14-06-00-20
1.0,113.35488125771144,23.169638591171772,2018-10-14-06-00-20
1.0,113.34514782665795,23.16990422700963,2018-10-14-06-00-20
1.0,113.34988945910561,23.169896312977855,2018-10-14-06-00-20
1.0,113.35463163570714,23.16988887281503,2018-10-14-06-00-20
1.0,113.34614600692561,23.17015243003464,2018-10-14-06-00-20
1.0,113.34939029862035,23.1701470297229,2018-10-14-06-00-20
1.0,113.35288443233686,23.17014145861782,2018-10-14-06-00-20
1.0,113.34589643853988,23.170402758465677,2018-10-14-06-00-20
1.0,113.35438198119353,23.17063896546461,2018-10-14-06-00-20
1.0,113.3471441741506,23.170900460897602,2018-10-14-06-00-20
1.0,113.35163644062298,23.1708931315529,2018-10-14-06-00-20
1.0,113.35038852297025,23.171145029866203,2018-10-14-06-00-20
1.0,113.35088767850368,23.171144228383294,2018-10-14-06-00-20
1.0,113.34489817798793,23.171404083767023,2018-10-14-06-00-20
1.0,113.34864150913269,23.171397781404064,2018-10-14-06-00-20
1.0,113.34914064363623,23.171396961613027,2018-10-14-06-00-20
1.0,113.35013893039913,23.17139533747595,2018-10-14-06-00-20
1.0,113.34664501090985,23.171651014829607,2018-10-14-06-00-20
1.0,113.35013891328981,23.171645242373746,2018-10-14-06-00-20
1.0,113.35213556055766,23.171642058394042,2018-10-14-06-00-20
1.0,113.3266838900186,23.171187588615552,2018-10-14-06-00-20
1.0,113.32643436785027,23.17168787428072,2018-10-14-06-00-20
1.0,113.33342017523616,23.17192456915035,2018-10-14-06-00-20
1.0,113.33566571459141,23.17192039841977,2018-10-14-06-00-20
1.0,113.33416864783541,23.17242298368469,2018-10-14-06-00-20
1.0,113.32643429977213,23.17268749427734,2018-10-14-06-00-20
1.0,113.32768174351546,23.172685116872785,2018-10-14-06-00-20
1.0,113.32843021388354,23.172683693294594,2018-10-14-06-00-20
1.0,113.33591517151227,23.172669653098044,2018-10-14-06-00-20
1.0,113.336414190084,23.17266873432357,2018-10-14-06-00-20
1.0,113.33691321193203,23.172667818259164,2018-10-14-06-00-20
1.0,113.33167361391547,23.172927463376546,2018-10-14-06-00-20
1.0,113.32618477789532,23.173187780595878,2018-10-14-06-00-20
1.0,113.32643426573206,23.173187304510037,2018-10-14-06-00-20
1.0,113.32668375385423,23.173186828609328,2018-10-14-06-00-20
1.0,113.32768170946528,23.17318492710507,2018-10-14-06-00-20
1.0,113.32793119921564,23.17318445231548,2018-10-14-06-00-20
1.0,113.32867967071543,23.173183029552103,2018-10-14-06-00-20
1.0,113.3324220902603,23.173175962421464,2018-10-14-06-00-20
1.0,113.33416859668259,23.173172698971204,2018-10-14-06-00-20
1.0,113.33691317780853,23.17316762848837,2018-10-14-06-00-20
1.0,113.32793118218929,23.17343435749037,2018-10-14-06-00-20
1.0,113.32892914497921,23.17343246104871,2018-10-14-06-00-20
1.0,113.32942812883726,23.173431514631073,2018-10-14-06-00-20
1.0,113.33366957449857,23.173423533906046,2018-10-14-06-00-20
1.0,113.32743218601854,23.173685212530824,2018-10-14-06-00-20
1.0,113.32942811180472,23.17368141984498,2018-10-14-06-00-20
1.0,113.32967760439537,23.173680947130176,2018-10-14-06-00-20
1.0,113.3346675705101,23.173671581867136,2018-10-14-06-00-20
1.0,113.32743216899388,23.173935117784374,2018-10-14-06-00-20
1.0,113.32867961962684,23.17393274519424,2018-10-14-06-00-20
1.0,113.32892911091797,23.173932271515998,2018-10-14-06-00-20
1.0,113.33042606794197,23.17392943636331,2018-10-14-06-00-20
1.0,113.32718266291421,23.1741854983486,2018-10-14-06-00-20
1.0,113.32743215196905,23.1741850230773,2018-10-14-06-00-20
1.0,113.32867960259698,23.17418265048696,2018-10-14-06-00-20
1.0,113.3289290938871,23.174182176808674,2018-10-14-06-00-20
2.0,113.32793111408225,23.174433978583103,2018-10-14-06-00-20
1.0,113.33691309249681,23.174417154748504,2018-10-14-06-00-20
1.0,113.32593518821857,23.174687688495833,2018-10-14-06-00-20
1.0,113.32618467577718,23.174687212236982,2018-10-14-06-00-20
1.0,113.32668365172395,23.174686260249935,2018-10-14-06-00-20
1.0,113.32843007765466,23.174682935165503,2018-10-14-06-00-20
1.0,113.3259351711993,23.174937593907444,2018-10-14-06-00-20
1.0,113.32793108002772,23.17493378936613,2018-10-14-06-00-20
1.0,113.3351664960667,23.174920183399756,2018-10-14-06-00-20
1.0,113.32892902576195,23.17518179837418,2018-10-14-06-00-20
1.0,113.33641401947915,23.17516778704315,2018-10-14-06-00-20
1.0,113.32693308906848,23.175435500899628,2018-10-14-06-00-20
1.0,113.33317043567426,23.175423708649106,2018-10-14-06-00-20
1.0,113.32693307204467,23.17568540643,2018-10-14-06-00-20
1.0,113.33541595143005,23.175669438224535,2018-10-14-06-00-20
1.0,113.32568561582568,23.17593769236977,2018-10-14-06-00-20
1.0,113.33292090134313,23.175923986498148,2018-10-14-06-00-20
1.0,113.33691299011726,23.175916587564085,2018-10-14-06-00-20
1.0,113.337412015322,23.175915674306022,2018-10-14-06-00-20
1.0,113.332421885717,23.176174827114455,2018-10-14-06-00-20
1.0,113.33267138469596,23.176174359363856,2018-10-14-06-00-20
1.0,113.33441789565501,23.176171099624877,2018-10-14-06-00-20
1.0,113.33242186867064,23.176424732763326,2018-10-14-06-00-20
1.0,113.33267136764862,23.176424265012688,2018-10-14-06-00-20
1.0,113.33766149509188,23.176415030016283,2018-10-14-06-00-20
1.0,113.3316733412361,23.176925950272864,2018-10-14-06-00-20
1.0,113.33416834089597,23.176921280726223,2018-10-14-06-00-20
1.0,113.33466734880066,23.176920353234106,2018-10-14-06-00-20
1.0,113.33641390004581,23.17691712630232,2018-10-14-06-00-20
1.0,113.3304258464494,23.177178208255512,2018-10-14-06-00-20
1.0,113.33766144389016,23.177164747199946,2018-10-14-06-00-20
1.0,113.3379109586738,23.177164292392163,2018-10-14-06-00-20
1.0,113.3276814200119,23.17743332045546,2018-10-14-06-00-20
1.0,113.33391880389433,23.177421556906783,2018-10-14-06-00-20
1.0,113.33691288773169,23.177416021812594,2018-10-14-06-00-20
1.0,113.33267128240935,23.177673793856574,2018-10-14-06-00-20
1.0,113.33791092453656,23.177664104048127,2018-10-14-06-00-20
1.0,113.33666334228202,23.177916291237434,2018-10-14-06-00-20
1.0,113.33791090746769,23.177914009936355,2018-10-14-06-00-20
1.0,113.32718237348384,23.178433894405178,2018-10-14-06-00-20
1.0,113.32743186252151,23.178433419133174,2018-10-14-06-00-20
1.0,113.33067525574293,23.17842726644506,2018-10-14-06-00-20
1.0,113.33292073085387,23.178423044387483,2018-10-14-06-00-20
1.0,113.33591477914085,23.178417480289472,2018-10-14-06-00-20
1.0,113.33666330815342,23.17841610313506,2018-10-14-06-00-20
1.0,113.32568542860666,23.17868665628225,2018-10-14-06-00-20
1.0,113.3276813348694,23.178682850106558,2018-10-14-06-00-20
1.0,113.32718233943004,23.17893370646733,2018-10-14-06-00-20
1.0,113.33641376354053,23.17891637357215,2018-10-14-06-00-20
1.0,113.3369127853401,23.178915457505646,2018-10-14-06-00-20
1.0,113.33716229750155,23.178915000519105,2018-10-14-06-00-20
1.0,113.33791083919053,23.17891363389213,2018-10-14-06-00-20
1.0,113.32743181143753,23.17918313728692,2018-10-14-06-00-20
1.0,113.33117419514764,23.179176043278776,2018-10-14-06-00-20
1.0,113.32718230537557,23.179433518691273,2018-10-14-06-00-20
1.0,113.33317016287295,23.17942220191856,2018-10-14-06-00-20
1.0,113.32743177738071,23.17968294959184,2018-10-14-06-00-20
1.0,113.32793075647652,23.179681999763556,2018-10-14-06-00-20
1.0,113.33292064560298,23.179672574841586,2018-10-14-06-00-20
1.0,113.3361642026867,23.17966655102,2018-10-14-06-00-20
1.0,113.32718227132044,23.179933331077436,2018-10-14-06-00-20
1.0,113.33317011171795,23.180171920555786,2018-10-14-06-00-20
1.0,113.3316731026066,23.18042463470347,2018-10-14-06-00-20
1.0,113.33766122199863,23.18041352584864,2018-10-14-06-00-20
1.0,113.33192258274146,23.180674071879306,2018-10-14-06-00-20
1.0,113.32568527541248,23.180935812206563,2018-10-14-06-00-20
1.0,113.33791070262818,23.180912883748622,2018-10-14-06-00-20
1.0,113.3471441741506,23.170900460897602,2018-10-14-06-00-20
1.0,113.34390002305247,23.171155902345998,2018-10-14-06-00-20
1.0,113.34439910659705,23.171155038505315,2018-10-14-06-00-20
1.0,113.34489817798793,23.171404083767023,2018-10-14-06-00-20
1.0,113.34664501090985,23.171651014829607,2018-10-14-06-00-20
1.0,113.33566571459141,23.17192039841977,2018-10-14-06-00-20
1.0,113.34564676890494,23.172152517341416,2018-10-14-06-00-20
1.0,113.33591517151227,23.172669653098044,2018-10-14-06-00-20
1.0,113.336414190084,23.17266873432357,2018-10-14-06-00-20
1.0,113.33691321193203,23.172667818259164,2018-10-14-06-00-20
1.0,113.34564673471664,23.17265232741125,2018-10-14-06-00-20
1.0,113.34290175077975,23.17290697721792,2018-10-14-06-00-20
1.0,113.34539716894754,23.172902658480936,2018-10-14-06-00-20
1.0,113.34589626759441,23.172901807647627,2018-10-14-06-00-20
1.0,113.33691317780853,23.17316762848837,2018-10-14-06-00-20
1.0,113.33915881947642,23.173163542341367,2018-10-14-06-00-20
1.0,113.34564670052767,23.173152137637487,2018-10-14-06-00-20
1.0,113.34589625049894,23.173151712780278,2018-10-14-06-00-20
1.0,113.34639535438431,23.173150866469214,2018-10-14-06-00-20
1.0,113.3478926984842,23.173148355594613,2018-10-14-06-00-20
1.0,113.338160730378,23.1734152559952,2018-10-14-06-00-20
1.0,113.33915880240578,23.17341344751438,2018-10-14-06-00-20
1.0,113.34190358248128,23.173408543397713,2018-10-14-06-00-20
1.0,113.34265218137368,23.173407225036634,2018-10-14-06-00-20
1.0,113.34514758737204,23.173402895869202,2018-10-14-06-00-20
1.0,113.34639533728689,23.173400771640992,2018-10-14-06-00-20
1.0,113.34664489122518,23.173400350210247,2018-10-14-06-00-20
1.0,113.34739356117613,23.17339909295586,2018-10-14-06-00-20
1.0,113.33865974744816,23.173664255393746,2018-10-14-06-00-20
1.0,113.34090544897539,23.173660219564642,2018-10-14-06-00-20
1.0,113.34489802416412,23.173653229259774,2018-10-14-06-00-20
1.0,113.34589621630751,23.173651523163272,2018-10-14-06-00-20
1.0,113.34240261311552,23.173907473990734,2018-10-14-06-00-20
1.0,113.34439891861015,23.173903994109505,2018-10-14-06-00-20
1.0,113.34664485702805,23.17390016067156,2018-10-14-06-00-20
1.0,113.34689441231225,23.173899740406025,2018-10-14-06-00-20
1.0,113.33940827157315,23.17416271314581,2018-10-14-06-00-20
1.0,113.33990731527668,23.174161815379687,2018-10-14-06-00-20
1.0,113.34240259603216,23.17415737928115,2018-10-14-06-00-20
1.0,113.3429016653553,23.174156503276397,2018-10-14-06-00-20
1.0,113.34489798997922,23.17415303980038,2018-10-14-06-00-20
1.0,113.3458961821154,23.174151333703534,2018-10-14-06-00-20
1.0,113.34639528599362,23.174150487392126,2018-10-14-06-00-20
1.0,113.34664483992924,23.174150065961253,2018-10-14-06-00-20
1.0,113.34689439521256,23.17414964569567,2018-10-14-06-00-20
1.0,113.34739350987223,23.174148808706477,2018-10-14-06-00-20
1.0,113.33691309249681,23.174417154748504,2018-10-14-06-00-20
1.0,113.34365026096687,23.174405102053385,2018-10-14-06-00-20
1.0,113.34489797288651,23.174402945129795,2018-10-14-06-00-20
1.0,113.345397066383,23.174402089866604,2018-10-14-06-00-20
1.0,113.34664482283026,23.174399971290367,2018-10-14-06-00-20
1.0,113.34414932496716,23.174654141494546,2018-10-14-06-00-20
1.0,113.34664480573112,23.174649876658957,2018-10-14-06-00-20
1.0,113.3351664960667,23.174920183399756,2018-10-14-06-00-20
1.0,113.34015678740013,23.17491108387018,2018-10-14-06-00-20
1.0,113.34315115048764,23.174905782860733,2018-10-14-06-00-20
1.0,113.34340068804718,23.174905347339127,2018-10-14-06-00-20
1.0,113.34464839384994,23.174903185170677,2018-10-14-06-00-20
1.0,113.3448979387006,23.174902755907116,2018-10-14-06-00-20
1.0,113.33641401947915,23.17516778704315,2018-10-14-06-00-20
1.0,113.34115487399349,23.175159207552902,2018-10-14-06-00-20
1.0,113.34514746771679,23.17515223317556,2018-10-14-06-00-20
1.0,113.34689432681208,23.17514926724905,2018-10-14-06-00-20
1.0,113.33816059383739,23.175414498798673,2018-10-14-06-00-20
1.0,113.33915866583457,23.17541269031651,2018-10-14-06-00-20
1.0,113.33940818621014,23.175412240192895,2018-10-14-06-00-20
1.0,113.33990722990417,23.17541134242635,2018-10-14-06-00-20
1.0,113.34015675324873,23.17541089480747,2018-10-14-06-00-20
1.0,113.3451474506225,23.175402138663173,2018-10-14-06-00-20
1.0,113.34589609663219,23.175400860745086,2018-10-14-06-00-20
1.0,113.34789254455369,23.175397503556315,2018-10-14-06-00-20
1.0,113.33541595143005,23.175669438224535,2018-10-14-06-00-20
1.0,113.3389091293514,23.175663046779334,2018-10-14-06-00-20
1.0,113.33915864876242,23.17566259584484,2018-10-14-06-00-20
1.0,113.33940816913703,23.175662145721184,2018-10-14-06-00-20
1.0,113.33990721282916,23.175661247954555,2018-10-14-06-00-20
1.0,113.3404062605321,23.17566035357565,2018-10-14-06-00-20
1.0,113.3414043683862,23.175658575364736,2018-10-14-06-00-20
1.0,113.34165389801869,23.17565813307903,2018-10-14-06-00-20
1.0,113.33691299011726,23.175916587564085,2018-10-14-06-00-20
1.0,113.337412015322,23.175915674306022,2018-10-14-06-00-20
1.0,113.34489787032678,23.17590237793725,2018-10-14-06-00-20
1.0,113.3409052781918,23.17615927385583,2018-10-14-06-00-20
1.0,113.34464830838675,23.176152712807927,2018-10-14-06-00-20
1.0,113.34689425840891,23.176148889436696,2018-10-14-06-00-20
1.0,113.33766149509188,23.176415030016283,2018-10-14-06-00-20
1.0,113.33965763926508,23.176411413243862,2018-10-14-06-00-20
1.0,113.34090526111252,23.176409179503278,2018-10-14-06-00-20
1.0,113.34140431714323,23.1764082921873,2018-10-14-06-00-20
1.0,113.3458960282426,23.17640048309253,2018-10-14-06-00-20
1.0,113.34689424130771,23.176398795083117,2018-10-14-06-00-20
1.0,113.33841002508899,23.17666357354444,2018-10-14-06-00-20
1.0,113.33990714452747,23.176660870465405,2018-10-14-06-00-20
1.0,113.3401566678673,23.176660422846314,2018-10-14-06-00-20
1.0,113.34115477151369,23.176658641079197,2018-10-14-06-00-20
1.0,113.33641390004581,23.17691712630232,2018-10-14-06-00-20
1.0,113.33940808376899,23.176911673959946,2018-10-14-06-00-20
1.0,113.33990712745164,23.176910776192894,2018-10-14-06-00-20
1.0,113.34739332174503,23.176897769505597,2018-10-14-06-00-20
1.0,113.33766144389016,23.177164747199946,2018-10-14-06-00-20
1.0,113.3379109586738,23.177164292392163,2018-10-14-06-00-20
1.0,113.33816047435558,23.177163838334796,2018-10-14-06-00-20
1.0,113.33890902692069,23.177162480786198,2018-10-14-06-00-20
1.0,113.33915854632599,23.177162029851452,2018-10-14-06-00-20
1.0,113.3466446347304,23.17714893252816,2018-10-14-06-00-20
1.0,113.33691288773169,23.177416021812594,2018-10-14-06-00-20
1.0,113.3394080496206,23.17741148553521,2018-10-14-06-00-20
1.0,113.3453968612358,23.177400956913406,2018-10-14-06-00-20
1.0,113.34739328753791,23.177397581078132,2018-10-14-06-00-20
1.0,113.33791092453656,23.177664104048127,2018-10-14-06-00-20
1.0,113.3381604402164,23.177663649990674,2018-10-14-06-00-20
1.0,113.33915851217917,23.177661841506993,2018-10-14-06-00-20
1.0,113.34190329207846,23.177656937382416,2018-10-14-06-00-20
1.0,113.33666334228202,23.177916291237434,2018-10-14-06-00-20
1.0,113.33791090746769,23.177914009936355,2018-10-14-06-00-20
1.0,113.33940799839678,23.17816120319918,2018-10-14-06-00-20
1.0,113.34240232267541,23.178155869326392,2018-10-14-06-00-20
1.0,113.33591477914085,23.178417480289472,2018-10-14-06-00-20
1.0,113.33666330815342,23.17841610313506,2018-10-14-06-00-20
1.0,113.33915846095769,23.178411559291792,2018-10-14-06-00-20
1.0,113.33965748558654,23.17866056587523,2018-10-14-06-00-20
1.0,113.33641376354053,23.17891637357215,2018-10-14-06-00-20
1.0,113.3369127853401,23.178915457505646,2018-10-14-06-00-20
1.0,113.33716229750155,23.178915000519105,2018-10-14-06-00-20
1.0,113.33791083919053,23.17891363389213,2018-10-14-06-00-20
1.0,113.33816035486556,23.178913179834467,2018-10-14-06-00-20
1.0,113.33840987145186,23.178912726539323,2018-10-14-06-00-20
1.0,113.33965746851032,23.178910471924418,2018-10-14-06-00-20
1.0,113.3361642026867,23.17966655102,2018-10-14-06-00-20
1.0,113.33840982023648,23.179662444930422,2018-10-14-06-00-20
1.0,113.33816028658188,23.179912804437244,2018-10-14-06-00-20
1.0,113.33865932067116,23.179911898621242,2018-10-14-06-00-20
1.0,113.33915835851022,23.179910995952046,2018-10-14-06-00-20
1.0,113.3386593035979,23.180161804873375,2018-10-14-06-00-20
1.0,113.33766122199863,23.18041352584864,2018-10-14-06-00-20
1.0,113.33865928652448,23.180411711166226,2018-10-14-06-00-20
1.0,113.34464800068464,23.180651020600706,2018-10-14-06-00-20
1.0,113.33791070262818,23.180912883748622,2018-10-14-06-00-20
1.0,113.33816021829553,23.180912429690622,2018-10-14-06-00-20
1.0,113.33890877081758,23.18091107214013,2018-10-14-06-00-20
1.0,113.35438198119353,23.17063896546461,2018-10-14-06-00-20
1.0,113.3471441741506,23.170900460897602,2018-10-14-06-00-20
1.0,113.35163644062298,23.1708931315529,2018-10-14-06-00-20
1.0,113.35038852297025,23.171145029866203,2018-10-14-06-00-20
1.0,113.35088767850368,23.171144228383294,2018-10-14-06-00-20
1.0,113.34489817798793,23.171404083767023,2018-10-14-06-00-20
1.0,113.34864150913269,23.171397781404064,2018-10-14-06-00-20
1.0,113.34914064363623,23.171396961613027,2018-10-14-06-00-20
1.0,113.35013893039913,23.17139533747595,2018-10-14-06-00-20
1.0,113.34664501090985,23.171651014829607,2018-10-14-06-00-20
1.0,113.35013891328981,23.171645242373746,2018-10-14-06-00-20
1.0,113.35213556055766,23.171642058394042,2018-10-14-06-00-20
1.0,113.34814234621187,23.171898416057818,2018-10-14-06-00-20
1.0,113.34939017887544,23.171896363465937,2018-10-14-06-00-20
1.0,113.35013889618033,23.171895147310433,2018-10-14-06-00-20
1.0,113.35188595700127,23.171892356496688,2018-10-14-06-00-20
1.0,113.35213554344145,23.171891963330378,2018-10-14-06-00-20
1.0,113.34564676890494,23.172152517341416,2018-10-14-06-00-20
8.0,113.35562989448145,23.17238642237585,2018-10-14-06-00-20
1.0,113.34564673471664,23.17265232741125,2018-10-14-06-00-20
1.0,113.35013884485087,23.172644862354332,2018-10-14-06-00-20
1.0,113.35138673758107,23.172642862069015,2018-10-14-06-00-20
1.0,113.35488105221513,23.17263744924051,2018-10-14-06-00-20
1.0,113.34539716894754,23.172902658480936,2018-10-14-06-00-20
1.0,113.34589626759441,23.172901807647627,2018-10-14-06-00-20
1.0,113.35313383700843,23.17289002504478,2018-10-14-06-00-20
1.0,113.34564670052767,23.173152137637487,2018-10-14-06-00-20
1.0,113.34589625049894,23.173151712780278,2018-10-14-06-00-20
1.0,113.34639535438431,23.173150866469214,2018-10-14-06-00-20
1.0,113.3478926984842,23.173148355594613,2018-10-14-06-00-20
1.0,113.3501388106304,23.173144672579014,2018-10-14-06-00-20
1.0,113.34514758737204,23.173402895869202,2018-10-14-06-00-20
1.0,113.34639533728689,23.173400771640992,2018-10-14-06-00-20
1.0,113.34664489122518,23.173400350210247,2018-10-14-06-00-20
1.0,113.34739356117613,23.17339909295586,2018-10-14-06-00-20
1.0,113.35038836897424,23.173394174998972,2018-10-14-06-00-20
1.0,113.35138668623745,23.17339257746417,2018-10-14-06-00-20
1.0,113.34489802416412,23.173653229259774,2018-10-14-06-00-20
1.0,113.34589621630751,23.173651523163272,2018-10-14-06-00-20
1.0,113.351885837189,23.173641692144646,2018-10-14-06-00-20
1.0,113.34664485702805,23.17390016067156,2018-10-14-06-00-20
1.0,113.34689441231225,23.173899740406025,2018-10-14-06-00-20
1.0,113.34489798997922,23.17415303980038,2018-10-14-06-00-20
1.0,113.3458961821154,23.174151333703534,2018-10-14-06-00-20
1.0,113.34639528599362,23.174150487392126,2018-10-14-06-00-20
1.0,113.34664483992924,23.174150065961253,2018-10-14-06-00-20
1.0,113.34689439521256,23.17414964569567,2018-10-14-06-00-20
1.0,113.34739350987223,23.174148808706477,2018-10-14-06-00-20
1.0,113.34489797288651,23.174402945129795,2018-10-14-06-00-20
1.0,113.345397066383,23.174402089866604,2018-10-14-06-00-20
1.0,113.34664482283026,23.174399971290367,2018-10-14-06-00-20
1.0,113.34664480573112,23.174649876658957,2018-10-14-06-00-20
1.0,113.34464839384994,23.174903185170677,2018-10-14-06-00-20
1.0,113.3448979387006,23.174902755907116,2018-10-14-06-00-20
1.0,113.34514746771679,23.17515223317556,2018-10-14-06-00-20
1.0,113.34689432681208,23.17514926724905,2018-10-14-06-00-20
1.0,113.3451474506225,23.175402138663173,2018-10-14-06-00-20
1.0,113.34589609663219,23.175400860745086,2018-10-14-06-00-20
1.0,113.34789254455369,23.175397503556315,2018-10-14-06-00-20
1.0,113.34489787032678,23.17590237793725,2018-10-14-06-00-20
1.0,113.34464830838675,23.176152712807927,2018-10-14-06-00-20
1.0,113.34689425840891,23.176148889436696,2018-10-14-06-00-20
1.0,113.3458960282426,23.17640048309253,2018-10-14-06-00-20
1.0,113.34689424130771,23.176398795083117,2018-10-14-06-00-20
1.0,113.34739332174503,23.176897769505597,2018-10-14-06-00-20
1.0,113.3466446347304,23.17714893252816,2018-10-14-06-00-20
1.0,113.3453968612358,23.177400956913406,2018-10-14-06-00-20
1.0,113.34739328753791,23.177397581078132,2018-10-14-06-00-20
1.0,113.34864106437003,23.177895321531754,2018-10-14-06-00-20
1.0,113.3493897682591,23.177894093755494,2018-10-14-06-00-20
1.0,113.34464800068464,23.180651020600706,2018-10-14-06-00-20
