count,wgs_lng,wgs_lat,time
1.0,113.32743421076417,23.14394675270455,2018-10-08-06-00-43
1.0,113.32918064524415,23.143943433101484,2018-10-08-06-00-43
1.0,113.32967963021795,23.14394248734825,2018-10-08-06-00-43
1.0,113.33092710092825,23.14394012923361,2018-10-08-06-00-43
1.0,113.33267358240565,23.1439368453362,2018-10-08-06-00-43
1.0,113.33616664103911,23.143930354340792,2018-10-08-06-00-43
1.0,113.32468982851972,23.14420189177734,2018-10-08-06-00-43
1.0,113.32643623895542,23.144198556014594,2018-10-08-06-00-43
1.0,113.32668572719483,23.14419808011868,2018-10-08-06-00-43
1.0,113.32743419375932,23.144196653665357,2018-10-08-06-00-43
1.0,113.33491906978844,23.144432461277447,2018-10-08-06-00-43
1.0,113.33541808234568,23.144431537385014,2018-10-08-06-00-43
1.0,113.32793313912724,23.144695505868672,2018-10-08-06-00-43
1.0,113.33292303105131,23.144686081062872,2018-10-08-06-00-43
1.0,113.3354180653087,23.14468143841011,2018-10-08-06-00-43
1.0,113.33616658991993,23.14468005731725,2018-10-08-06-00-43
1.0,113.33766366125242,23.144677313424157,2018-10-08-06-00-43
1.0,113.33067753771431,23.144940204128734,2018-10-08-06-00-43
1.0,113.33142602471914,23.144938792791873,2018-10-08-06-00-43
1.0,113.33292301402398,23.144935982121275,2018-10-08-06-00-43
1.0,113.33317251437984,23.144935515375817,2018-10-08-06-00-43
1.0,113.33616657287986,23.14492995837511,2018-10-08-06-00-43
1.0,113.33766364420656,23.144927214481765,2018-10-08-06-00-43
1.0,113.33217449967768,23.145187286436645,2018-10-08-06-00-43
1.0,113.33317249735136,23.14518541646713,2018-10-08-06-00-43
1.0,113.33616655583963,23.14517985946592,2018-10-08-06-00-43
1.0,113.33691508769633,23.145178484360766,2018-10-08-06-00-43
1.0,113.32893105134528,23.145443312722165,2018-10-08-06-00-43
1.0,113.33566752161391,23.14543068067356,2018-10-08-06-00-43
1.0,113.33591702981033,23.145430220305077,2018-10-08-06-00-43
1.0,113.32718460255684,23.145696535387145,2018-10-08-06-00-43
1.0,113.32843205192995,23.145694161523785,2018-10-08-06-00-43
1.0,113.3344199750223,23.145682893042714,2018-10-08-06-00-43
1.0,113.33516849050898,23.14568150447815,2018-10-08-06-00-43
1.0,113.33566750457528,23.14568058183052,2018-10-08-06-00-43
1.0,113.33666554216488,23.145678744324037,2018-10-08-06-00-43
1.0,113.32868152591766,23.145943588745055,2018-10-08-06-00-43
1.0,113.33392095125302,23.14593372286206,2018-10-08-06-00-43
1.0,113.3284320179097,23.146193963939535,2018-10-08-06-00-43
1.0,113.32868150890644,23.146193489969477,2018-10-08-06-00-43
1.0,113.32893100030913,23.146193016295832,2018-10-08-06-00-43
1.0,113.32918049213117,23.14619254293096,2018-10-08-06-00-43
1.0,113.32992897024742,23.146191124812592,2018-10-08-06-00-43
1.0,113.32468967556869,23.14645100191057,2018-10-08-06-00-43
1.0,113.32843200089934,23.146443865197227,2018-10-08-06-00-43
1.0,113.32893098329674,23.14644291755344,2018-10-08-06-00-43
1.0,113.33042794098212,23.146440082428107,2018-10-08-06-00-43
1.0,113.33067743560048,23.14643961117531,2018-10-08-06-00-43
1.0,113.33367141485921,23.146433990496007,2018-10-08-06-00-43
1.0,113.33766354192788,23.146426621521332,2018-10-08-06-00-43
1.0,113.32493914508628,23.14670042626953,2018-10-08-06-00-43
1.0,113.32693504569556,23.146696615841375,2018-10-08-06-00-43
1.0,113.32843198388879,23.14669376648821,2018-10-08-06-00-43
1.0,113.32868147488352,23.14669329251807,2018-10-08-06-00-43
1.0,113.32893096628419,23.14669281884434,2018-10-08-06-00-43
1.0,113.32942995035704,23.14669187243557,2018-10-08-06-00-43
1.0,113.33042792396355,23.14668998371876,2018-10-08-06-00-43
1.0,113.33092691371134,23.146689041608322,2018-10-08-06-00-43
1.0,113.33192489963089,23.14668716237702,2018-10-08-06-00-43
1.0,113.33317239517697,23.146684823710093,2018-10-08-06-00-43
1.0,113.33342189617247,23.14668435748276,2018-10-08-06-00-43
1.0,113.3349189164672,23.146681571692927,2018-10-08-06-00-43
1.0,113.32668554016381,23.146946992864827,2018-10-08-06-00-43
1.0,113.32843196687809,23.146943667812536,2018-10-08-06-00-43
1.0,113.32918044109051,23.146942246803594,2018-10-08-06-00-43
1.0,113.32942993334233,23.146941773759735,2018-10-08-06-00-43
1.0,113.32967942604026,23.146941301049367,2018-10-08-06-00-43
1.0,113.33042790694483,23.146939885042755,2018-10-08-06-00-43
1.0,113.33192488260619,23.14693706370077,2018-10-08-06-00-43
1.0,113.3324238789897,23.146936126777067,2018-10-08-06-00-43
1.0,113.33267337808459,23.146935659031335,2018-10-08-06-00-43
1.0,113.33342187914182,23.146934258806255,2018-10-08-06-00-43
1.0,113.33367138079615,23.146933793109575,2018-10-08-06-00-43
1.0,113.3264360349327,23.14719737011925,2018-10-08-06-00-43
1.0,113.32967940902437,23.147191202406887,2018-10-08-06-00-43
1.0,113.33417036910376,23.147182764714188,2018-10-08-06-00-43
1.0,113.32643601792972,23.14744727151077,2018-10-08-06-00-43
1.0,113.3299288851638,23.147440631433263,2018-10-08-06-00-43
1.0,113.33466936020618,23.147431738622153,2018-10-08-06-00-43
1.0,113.33217432942327,23.147686299176062,2018-10-08-06-00-43
1.0,113.33417033503575,23.147682567528165,2018-10-08-06-00-43
1.0,113.33616638542814,23.147678872198657,2018-10-08-06-00-43
1.0,113.33766345669106,23.147676128302546,2018-10-08-06-00-43
1.0,113.32643598392328,23.1479470743944,2018-10-08-06-00-43
1.0,113.3341703180015,23.147932468985477,2018-10-08-06-00-43
1.0,113.3344198217112,23.147932004954374,2018-10-08-06-00-43
1.0,113.33616636838607,23.147928773655636,2018-10-08-06-00-43
1.0,113.33666538877485,23.147927856232307,2018-10-08-06-00-43
1.0,113.32568750390872,23.14819840463768,2018-10-08-06-00-43
1.0,113.32942984826622,23.148191280882685,2018-10-08-06-00-43
1.0,113.32967934095915,23.14819080817211,2018-10-08-06-00-43
1.0,113.3331722929966,23.14818423215347,2018-10-08-06-00-43
1.0,113.33766342259517,23.14817593124963,2018-10-08-06-00-43
1.0,113.32718441549264,23.148445450327532,2018-10-08-06-00-43
1.0,113.33142578640235,23.148437411098392,2018-10-08-06-00-43
1.0,113.33167528314517,23.148436941500233,2018-10-08-06-00-43
1.0,113.33766340554698,23.14842583277367,2018-10-08-06-00-43
1.0,113.32493900910904,23.148699637807166,2018-10-08-06-00-43
1.0,113.33117627318981,23.148687782687656,2018-10-08-06-00-43
1.0,113.33142576937847,23.148687312657213,2018-10-08-06-00-43
1.0,113.33566730009883,23.148679398313472,2018-10-08-06-00-43
1.0,113.32493899211114,23.14894953940086,2018-10-08-06-00-43
1.0,113.32643591590838,23.148946680565636,2018-10-08-06-00-43
1.0,113.33017827668034,23.148939568477996,2018-10-08-06-00-43
6.0,113.33042777078906,23.148939096841893,2018-10-08-06-00-43
1.0,113.33292274156408,23.14893440357524,2018-10-08-06-00-43
1.0,113.33017825966112,23.149189470104677,2018-10-08-06-00-43
1.0,113.33117623914355,23.149187585906827,2018-10-08-06-00-43
1.0,113.33117622212016,23.149437487567244,2018-10-08-06-00-43
1.0,113.32493894111644,23.14969924438528,2018-10-08-06-00-43
1.0,113.3251884278223,23.14969876756311,2018-10-08-06-00-43
1.0,113.3271843304568,23.14969495846368,2018-10-08-06-00-43
1.0,113.33067721433326,23.149688330570246,2018-10-08-06-00-43
1.0,113.33192469532351,23.149685980478854,2018-10-08-06-00-43
1.0,113.33242369168521,23.14968504355424,2018-10-08-06-00-43
1.0,113.33342169179384,23.149683175581593,2018-10-08-06-00-43
1.0,113.32493892411787,23.14994914611472,2018-10-08-06-00-43
1.0,113.32593687230121,23.14994723961526,2018-10-08-06-00-43
1.0,113.32643584789083,23.149946287278503,2018-10-08-06-00-43
1.0,113.32768329209358,23.149943909892762,2018-10-08-06-00-43
1.0,113.33167518099344,23.149936351360974,2018-10-08-06-00-43
1.0,113.33242367465652,23.149934945282435,2018-10-08-06-00-43
1.0,113.32543788074518,23.150198094357055,2018-10-08-06-00-43
2.0,113.32593685529842,23.150197141378605,2018-10-08-06-00-43
1.0,113.3296792048207,23.150190021322945,2018-10-08-06-00-43
1.0,113.33142566723171,23.150186722721823,2018-10-08-06-00-43
1.0,113.33192466126995,23.15018578396949,2018-10-08-06-00-43
1.0,113.3321741591522,23.150185315272495,2018-10-08-06-00-43
1.0,113.33292265641161,23.150183912045982,2018-10-08-06-00-43
1.0,113.32618632595226,23.15044656692125,2018-10-08-06-00-43
1.0,113.32668530209521,23.15044561494222,2018-10-08-06-00-43
1.0,113.33541767341215,23.15042917117995,2018-10-08-06-00-43
1.0,113.32643579687591,23.150695992670762,2018-10-08-06-00-43
1.0,113.32668528508907,23.150695516773773,2018-10-08-06-00-43
1.0,113.32967917078443,23.150689824950863,2018-10-08-06-00-43
1.0,113.33566716376785,23.15067861199975,2018-10-08-06-00-43
1.0,113.3286811856618,23.1509416196118,2018-10-08-06-00-43
1.0,113.33042763462261,23.150938310807554,2018-10-08-06-00-43
1.0,113.32743371755599,23.15119389408287,2018-10-08-06-00-43
1.0,113.32868116864725,23.151191521511567,2018-10-08-06-00-43
1.0,113.33142559913054,23.151186330113475,2018-10-08-06-00-43
1.0,113.33466910464794,23.15118026352757,2018-10-08-06-00-43
1.0,113.33741370400689,23.15117520731898,2018-10-08-06-00-43
1.0,113.33541760524723,23.15142877870603,2018-10-08-06-00-43
1.0,113.326186223925,23.151945978425847,2018-10-08-06-00-43
1.0,113.32893060898222,23.151940753742636,2018-10-08-06-00-43
1.0,113.32918010078117,23.151940280376813,2018-10-08-06-00-43
1.0,113.328930591966,23.152190655780128,2018-10-08-06-00-43
1.0,113.32918008376396,23.152190182414266,2018-10-08-06-00-43
1.0,113.32942957599471,23.152189709369537,2018-10-08-06-00-43
1.0,113.33242352139088,23.152184062376406,2018-10-08-06-00-43
1.0,113.33417001135642,23.152430701021835,2018-10-08-06-00-43
1.0,113.33741361875903,23.152424717327,2018-10-08-06-00-43
1.0,113.32543771072845,23.152697113877977,2018-10-08-06-00-43
1.0,113.33042751546823,23.152687624827358,2018-10-08-06-00-43
1.0,113.33167499369969,23.15268527263394,2018-10-08-06-00-43
1.0,113.33217398886445,23.152684334782233,2018-10-08-06-00-43
1.0,113.33491850754453,23.152679212783546,2018-10-08-06-00-43
1.0,113.33516801341449,23.152678750527706,2018-10-08-06-00-43
1.0,113.33541752003731,23.15267828888836,2018-10-08-06-00-43
1.0,113.33666506490702,23.15267599036656,2018-10-08-06-00-43
1.0,113.33766311570206,23.152674163890335,2018-10-08-06-00-43
1.0,113.32918003271132,23.15293988873433,2018-10-08-06-00-43
1.0,113.33067699303791,23.15293705571464,2018-10-08-06-00-43
1.0,113.33217397183476,23.152934236923098,2018-10-08-06-00-43
1.0,113.32818205098036,23.153191686177763,2018-10-08-06-00-43
1.0,113.33042748142262,23.15318742914442,2018-10-08-06-00-43
1.0,113.3314254629202,23.153185546549533,2018-10-08-06-00-43
1.0,113.32518817281114,23.1534472971077,2018-10-08-06-00-43
1.0,113.32868101550889,23.153440640162277,2018-10-08-06-00-43
1.0,113.329678983573,23.15343874736498,2018-10-08-06-00-43
1.0,113.33042746439956,23.153437331355132,2018-10-08-06-00-43
1.0,113.3321739207447,23.15368394355442,2018-10-08-06-00-43
1.0,113.326685063994,23.153944243720662,2018-10-08-06-00-43
1.0,113.33616664103911,23.143930354340792,2018-10-08-06-00-43
1.0,113.34115700761997,23.143921315900812,2018-10-08-06-00-43
1.0,113.34190559688615,23.143919989071765,2018-10-08-06-00-43
1.0,113.34190557982471,23.144169890030145,2018-10-08-06-00-43
1.0,113.34215511177412,23.144169449623018,2018-10-08-06-00-43
1.0,113.34714600273018,23.14416085759375,2018-10-08-06-00-43
1.0,113.33491906978844,23.144432461277447,2018-10-08-06-00-43
1.0,113.33541808234568,23.144431537385014,2018-10-08-06-00-43
1.0,113.3456486653058,23.14441329050728,2018-10-08-06-00-43
1.0,113.3354180653087,23.14468143841011,2018-10-08-06-00-43
1.0,113.33616658991993,23.14468005731725,2018-10-08-06-00-43
1.0,113.33766366125242,23.144677313424157,2018-10-08-06-00-43
1.0,113.34015885231551,23.1446728006202,2018-10-08-06-00-43
2.0,113.34090742884288,23.14467146298076,2018-10-08-06-00-43
1.0,113.33616657287986,23.14492995837511,2018-10-08-06-00-43
1.0,113.33766364420656,23.144927214481765,2018-10-08-06-00-43
1.0,113.3384121916364,23.14492585233803,2018-10-08-06-00-43
1.0,113.33616655583963,23.14517985946592,2018-10-08-06-00-43
1.0,113.33691508769633,23.145178484360766,2018-10-08-06-00-43
1.0,113.3399092947456,23.145173050381292,2018-10-08-06-00-43
1.0,113.34664682227445,23.145161301096387,2018-10-08-06-00-43
1.0,113.33566752161391,23.14543068067356,2018-10-08-06-00-43
1.0,113.33591702981033,23.145430220305077,2018-10-08-06-00-43
1.0,113.3344199750223,23.145682893042714,2018-10-08-06-00-43
1.0,113.33516849050898,23.14568150447815,2018-10-08-06-00-43
1.0,113.33566750457528,23.14568058183052,2018-10-08-06-00-43
1.0,113.33666554216488,23.145678744324037,2018-10-08-06-00-43
1.0,113.34589809584193,23.146162173510945,2018-10-08-06-00-43
1.0,113.33766354192788,23.146426621521332,2018-10-08-06-00-43
1.0,113.34115683702598,23.14642032696778,2018-10-08-06-00-43
1.0,113.3349189164672,23.146681571692927,2018-10-08-06-00-43
1.0,113.33841207229055,23.146675160666156,2018-10-08-06-00-43
1.0,113.33466936020618,23.147431738622153,2018-10-08-06-00-43
1.0,113.34539891162258,23.147412530942695,2018-10-08-06-00-43
1.0,113.34689622393057,23.14740999212871,2018-10-08-06-00-43
1.0,113.33616638542814,23.147678872198657,2018-10-08-06-00-43
1.0,113.33766345669106,23.147676128302546,2018-10-08-06-00-43
1.0,113.3344198217112,23.147932004954374,2018-10-08-06-00-43
1.0,113.33616636838607,23.147928773655636,2018-10-08-06-00-43
1.0,113.33666538877485,23.147927856232307,2018-10-08-06-00-43
1.0,113.33766342259517,23.14817593124963,2018-10-08-06-00-43
1.0,113.34689617268423,23.148159696494233,2018-10-08-06-00-43
1.0,113.33766340554698,23.14842583277367,2018-10-08-06-00-43
1.0,113.33866147056385,23.14842401811278,2018-10-08-06-00-43
1.0,113.33566730009883,23.148679398313472,2018-10-08-06-00-43
1.0,113.3404080697523,23.149170577981405,2018-10-08-06-00-43
1.0,113.34015851117599,23.14967082808869,2018-10-08-06-00-43
1.0,113.34140610975109,23.15016840662725,2018-10-08-06-00-43
1.0,113.3424042352731,23.15016664313331,2018-10-08-06-00-43
1.0,113.34415099900589,23.150163594676783,2018-10-08-06-00-43
1.0,113.33541767341215,23.15042917117995,2018-10-08-06-00-43
1.0,113.33965941412356,23.150421429447924,2018-10-08-06-00-43
1.0,113.34265375238267,23.15041610644062,2018-10-08-06-00-43
1.0,113.33566716376785,23.15067861199975,2018-10-08-06-00-43
1.0,113.34465005100736,23.1506625365757,2018-10-08-06-00-43
1.0,113.33791274994041,23.15092439507563,2018-10-08-06-00-43
1.0,113.34340232769053,23.15091460058642,2018-10-08-06-00-43
1.0,113.3446500339313,23.150912438438475,2018-10-08-06-00-43
1.0,113.345398672535,23.150911153923897,2018-10-08-06-00-43
1.0,113.33466910464794,23.15118026352757,2018-10-08-06-00-43
1.0,113.33741370400689,23.15117520731898,2018-10-08-06-00-43
1.0,113.34190510203634,23.151167130379765,2018-10-08-06-00-43
1.0,113.3461473056191,23.151159781272174,2018-10-08-06-00-43
1.0,113.33541760524723,23.15142877870603,2018-10-08-06-00-43
1.0,113.34315275590106,23.15141483993297,2018-10-08-06-00-43
1.0,113.33741361875903,23.152424717327,2018-10-08-06-00-43
1.0,113.33491850754453,23.152679212783546,2018-10-08-06-00-43
1.0,113.33516801341449,23.152678750527706,2018-10-08-06-00-43
1.0,113.33541752003731,23.15267828888836,2018-10-08-06-00-43
1.0,113.33666506490702,23.15267599036656,2018-10-08-06-00-43
1.0,113.33766311570206,23.152674163890335,2018-10-08-06-00-43
1.0,113.34539853589881,23.152910370064657,2018-10-08-06-00-43
1.0,113.34065730519266,23.153418464954274,2018-10-08-06-00-43
1.0,113.34539850173809,23.153410174446222,2018-10-08-06-00-43
1.0,113.34040776265861,23.15366881308346,2018-10-08-06-00-43
1.0,113.34190493136587,23.153666151254164,2018-10-08-06-00-43
1.0,113.35413422796589,23.143649845243587,2018-10-08-06-00-43
1.0,113.35712956228252,23.14364538679872,2018-10-08-06-00-43
1.0,113.35138870461516,23.14390402333153,2018-10-08-06-00-43
1.0,113.35363501296975,23.143900510750633,2018-10-08-06-00-43
1.0,113.35513262726941,23.143898235094763,2018-10-08-06-00-43
1.0,113.35563184597062,23.143897488777558,2018-10-08-06-00-43
1.0,113.35712954516922,23.143895287721726,2018-10-08-06-00-43
1.0,113.34714600273018,23.14416085759375,2018-10-08-06-00-43
1.0,113.34764512035879,23.144160023003053,2018-10-08-06-00-43
1.0,113.34839380731171,23.144158780230107,2018-10-08-06-00-43
1.0,113.35413419375787,23.144149647123385,2018-10-08-06-00-43
1.0,113.3456486653058,23.14441329050728,2018-10-08-06-00-43
1.0,113.35113908867083,23.14440422261363,2018-10-08-06-00-43
1.0,113.34889290492431,23.144657759936166,2018-10-08-06-00-43
1.0,113.35388455975593,23.144649830681228,2018-10-08-06-00-43
1.0,113.35413415954919,23.144649449134302,2018-10-08-06-00-43
1.0,113.3548829692406,23.144648313540927,2018-10-08-06-00-43
1.0,113.35538216730234,23.14489746518007,2018-10-08-06-00-43
1.0,113.34664682227445,23.145161301096387,2018-10-08-06-00-43
1.0,113.35088944010927,23.14540422560612,2018-10-08-06-00-43
2.0,113.35113902029148,23.145403826900832,2018-10-08-06-00-43
1.0,113.35638056762208,23.145645688446372,2018-10-08-06-00-43
1.0,113.34589809584193,23.146162173510945,2018-10-08-06-00-43
1.0,113.34914237046773,23.14615675750866,2018-10-08-06-00-43
1.0,113.35687973583138,23.14664456288106,2018-10-08-06-00-43
1.0,113.34789449333734,23.14690852022568,2018-10-08-06-00-43
1.0,113.34539891162258,23.147412530942695,2018-10-08-06-00-43
1.0,113.34689622393057,23.14740999212871,2018-10-08-06-00-43
1.0,113.3543835728847,23.14739798251159,2018-10-08-06-00-43
1.0,113.35638044783211,23.147394997450547,2018-10-08-06-00-43
1.0,113.35663004813229,23.147644532811434,2018-10-08-06-00-43
1.0,113.34689617268423,23.148159696494233,2018-10-08-06-00-43
1.0,113.35014040117298,23.149903655720333,2018-10-08-06-00-43
1.0,113.35138829428678,23.149901655454926,2018-10-08-06-00-43
1.0,113.35388420054107,23.149897759826732,2018-10-08-06-00-43
1.0,113.35413380031746,23.149897378278876,2018-10-08-06-00-43
1.0,113.35438340180474,23.149896998231743,2018-10-08-06-00-43
1.0,113.3546330050146,23.1498966196961,2018-10-08-06-00-43
1.0,113.34415099900589,23.150163594676783,2018-10-08-06-00-43
1.0,113.3496412375597,23.15015436693645,2018-10-08-06-00-43
4.0,113.35388418343376,23.15014766158533,2018-10-08-06-00-43
5.0,113.35413378320933,23.150147280037427,2018-10-08-06-00-43
1.0,113.35438338469582,23.15014689999025,2018-10-08-06-00-43
1.0,113.35463298790489,23.150146521454563,2018-10-08-06-00-43
1.0,113.35438336758673,23.150396801782893,2018-10-08-06-00-43
1.0,113.35463297079501,23.150396423247166,2018-10-08-06-00-43
1.0,113.34465005100736,23.1506625365757,2018-10-08-06-00-43
1.0,113.34914206284074,23.150654985223184,2018-10-08-06-00-43
1.0,113.35288576699725,23.150649006187724,2018-10-08-06-00-43
1.0,113.3446500339313,23.150912438438475,2018-10-08-06-00-43
1.0,113.345398672535,23.150911153923897,2018-10-08-06-00-43
1.0,113.35038990832311,23.15090286021515,2018-10-08-06-00-43
1.0,113.3461473056191,23.151159781272174,2018-10-08-06-00-43
1.0,113.35038989122668,23.151152762111238,2018-10-08-06-00-43
1.0,113.34864287692253,23.151405510696232,2018-10-08-06-00-43
1.0,113.35263612428989,23.15139910076387,2018-10-08-06-00-43
1.0,113.34764459072615,23.15190696922114,2018-10-08-06-00-43
1.0,113.34889240933049,23.151904904134774,2018-10-08-06-00-43
1.0,113.34939154689914,23.151904086898323,2018-10-08-06-00-43
1.0,113.34989063911524,23.152652981030933,2018-10-08-06-00-43
1.0,113.34539853589881,23.152910370064657,2018-10-08-06-00-43
1.0,113.34539850173809,23.153410174446222,2018-10-08-06-00-43
1.0,113.35288556173131,23.15364783080009,2018-10-08-06-00-43
1.0,113.32918003271132,23.15293988873433,2018-10-08-06-00-43
1.0,113.33067699303791,23.15293705571464,2018-10-08-06-00-43
1.0,113.33217397183476,23.152934236923098,2018-10-08-06-00-43
1.0,113.32818205098036,23.153191686177763,2018-10-08-06-00-43
1.0,113.33042748142262,23.15318742914442,2018-10-08-06-00-43
1.0,113.3314254629202,23.153185546549533,2018-10-08-06-00-43
1.0,113.32518817281114,23.1534472971077,2018-10-08-06-00-43
1.0,113.32868101550889,23.153440640162277,2018-10-08-06-00-43
1.0,113.329678983573,23.15343874736498,2018-10-08-06-00-43
1.0,113.33042746439956,23.153437331355132,2018-10-08-06-00-43
1.0,113.3321739207447,23.15368394355442,2018-10-08-06-00-43
1.0,113.326685063994,23.153944243720662,2018-10-08-06-00-43
1.0,113.33192437178775,23.154434119197695,2018-10-08-06-00-43
1.0,113.33691445698292,23.15442484839477,2018-10-08-06-00-43
1.0,113.3264355247711,23.154694426671714,2018-10-08-06-00-43
1.0,113.3361659081872,23.15467612588919,2018-10-08-06-00-43
1.0,113.33716395218865,23.154674293796788,2018-10-08-06-00-43
1.0,113.33691440583398,23.155174555653733,2018-10-08-06-00-43
1.0,113.32818189784811,23.155440807337236,2018-10-08-06-00-43
1.0,113.33491832008951,23.155428138248485,2018-10-08-06-00-43
1.0,113.3371639010363,23.155424001161215,2018-10-08-06-00-43
1.0,113.3249385161024,23.155946797973318,2018-10-08-06-00-43
1.0,113.32518800278292,23.155946321150115,2018-10-08-06-00-43
1.0,113.32518798577918,23.156196223748243,2018-10-08-06-00-43
41.0,113.32568695980682,23.156195270484087,2018-10-08-06-00-43
1.0,113.3279323566163,23.156190989551387,2018-10-08-06-00-43
1.0,113.33167475529667,23.156183905789792,2018-10-08-06-00-43
1.0,113.33491826896191,23.15617784593182,2018-10-08-06-00-43
1.0,113.32768284978339,23.156441366971354,2018-10-08-06-00-43
1.0,113.33067675468833,23.1564356893644,2018-10-08-06-00-43
1.0,113.33491825191905,23.156427748563807,2018-10-08-06-00-43
30.0,113.3276828327692,23.156691269640078,2018-10-08-06-00-43
1.0,113.3279323225861,23.15669079485322,2018-10-08-06-00-43
1.0,113.3366647921295,23.15667442880965,2018-10-08-06-00-43
1.0,113.3266848598813,23.15694307383789,2018-10-08-06-00-43
1.0,113.32768281575486,23.156941172344386,2018-10-08-06-00-43
1.0,113.32942925261692,23.156937854714585,2018-10-08-06-00-43
1.0,113.33516772368617,23.156927091677876,2018-10-08-06-00-43
1.0,113.32643533767431,23.15744335525193,2018-10-08-06-00-43
1.0,113.32693431434485,23.15744240365321,2018-10-08-06-00-43
1.0,113.32818176171924,23.157440028545345,2018-10-08-06-00-43
1.0,113.33666474097895,23.157424137025068,2018-10-08-06-00-43
1.0,113.3271837861289,23.15769183097394,2018-10-08-06-00-43
1.0,113.3271837691159,23.157941733821232,2018-10-08-06-00-43
1.0,113.32518784974329,23.158195445815064,2018-10-08-06-00-43
1.0,113.3254373366331,23.158194969114817,2018-10-08-06-00-43
1.0,113.32568682375472,23.158194492550248,2018-10-08-06-00-43
1.0,113.32593631112155,23.158194016133724,2018-10-08-06-00-43
1.0,113.32618579874698,23.158193539877598,2018-10-08-06-00-43
1.0,113.32668477482726,23.15819258789601,2018-10-08-06-00-43
1.0,113.32593629411328,23.158443919053006,2018-10-08-06-00-43
1.0,113.32643526963413,23.15844296671344,2018-10-08-06-00-43
1.0,113.32518781573266,23.158695251689856,2018-10-08-06-00-43
1.0,113.32493831205873,23.158945631504974,2018-10-08-06-00-43
1.0,113.32518779872709,23.158945154681273,2018-10-08-06-00-43
1.0,113.32568677273245,23.158944201416208,2018-10-08-06-00-43
1.0,113.33267254352447,23.159180865906478,2018-10-08-06-00-43
1.0,113.32543725160019,23.15944448407196,2018-10-08-06-00-43
1.0,113.33142503719411,23.159433112399956,2018-10-08-06-00-43
1.0,113.3369141159616,23.15942290282493,2018-10-08-06-00-43
1.0,113.33092602841302,23.159683955983215,2018-10-08-06-00-43
1.0,113.33491803034661,23.15967648603318,2018-10-08-06-00-43
1.0,113.32518773070316,23.15994476700835,2018-10-08-06-00-43
1.0,113.32568670470042,23.159943813742956,2018-10-08-06-00-43
1.0,113.33292199207928,23.15993010794825,2018-10-08-06-00-43
1.0,113.33342099331905,23.15992917497075,2018-10-08-06-00-43
1.0,113.3339199971984,23.15992824411603,2018-10-08-06-00-43
1.0,113.33416950016118,23.15992777951541,2018-10-08-06-00-43
1.0,113.33766262114935,23.159921340261082,2018-10-08-06-00-43
1.0,113.32543720057846,23.160194193480173,2018-10-08-06-00-43
1.0,113.33342097627958,23.160179078141784,2018-10-08-06-00-43
1.0,113.33466849115503,23.160176755199796,2018-10-08-06-00-43
1.0,113.32518766267657,23.16094437991636,2018-10-08-06-00-43
1.0,113.32818152346806,23.16093867118262,2018-10-08-06-00-43
1.0,113.33042693660222,23.161184317455035,2018-10-08-06-00-43
1.0,113.3254371155389,23.161443709888523,2018-10-08-06-00-43
1.0,113.32568660264737,23.16144323332342,2018-10-08-06-00-43
1.0,113.32843097997228,23.161438003597947,2018-10-08-06-00-43
1.0,113.32942894620354,23.161436109535533,2018-10-08-06-00-43
1.0,113.3259360729906,23.161692660297643,2018-10-08-06-00-43
1.0,113.32618556060186,23.16169218404094,2018-10-08-06-00-43
1.0,113.3326723561192,23.16192980159286,2018-10-08-06-00-43
1.0,113.32668448561242,23.16244094245207,2018-10-08-06-00-43
1.0,113.33516734867203,23.16242496026099,2018-10-08-06-00-43
1.0,113.32568650058833,23.162942654222906,2018-10-08-06-00-43
1.0,113.34539853589881,23.152910370064657,2018-10-08-06-00-43
1.0,113.34065730519266,23.153418464954274,2018-10-08-06-00-43
1.0,113.34539850173809,23.153410174446222,2018-10-08-06-00-43
1.0,113.34040776265861,23.15366881308346,2018-10-08-06-00-43
1.0,113.34190493136587,23.153666151254164,2018-10-08-06-00-43
1.0,113.33691445698292,23.15442484839477,2018-10-08-06-00-43
1.0,113.3361659081872,23.15467612588919,2018-10-08-06-00-43
1.0,113.33716395218865,23.154674293796788,2018-10-08-06-00-43
1.0,113.33691440583398,23.155174555653733,2018-10-08-06-00-43
1.0,113.33491832008951,23.155428138248485,2018-10-08-06-00-43
1.0,113.3371639010363,23.155424001161215,2018-10-08-06-00-43
1.0,113.33791242594295,23.155672537071307,2018-10-08-06-00-43
1.0,113.34140573430975,23.155666254099014,2018-10-08-06-00-43
1.0,113.34664608770242,23.15590707989437,2018-10-08-06-00-43
1.0,113.347394757839,23.155905822649043,2018-10-08-06-00-43
1.0,113.33491826896191,23.15617784593182,2018-10-08-06-00-43
1.0,113.33940950033718,23.156169629584493,2018-10-08-06-00-43
1.0,113.33965902176247,23.156169180287012,2018-10-08-06-00-43
1.0,113.33491825191905,23.156427748563807,2018-10-08-06-00-43
1.0,113.3444001145447,23.156410718529784,2018-10-08-06-00-43
1.0,113.3366647921295,23.15667442880965,2018-10-08-06-00-43
1.0,113.33516772368617,23.156927091677876,2018-10-08-06-00-43
1.0,113.33940943209525,23.15716924032283,2018-10-08-06-00-43
1.0,113.33666474097895,23.157424137025068,2018-10-08-06-00-43
1.0,113.34365142257981,23.15741162672277,2018-10-08-06-00-43
1.0,113.3389103409912,23.157919849803378,2018-10-08-06-00-43
1.0,113.3446495557336,23.157909704727185,2018-10-08-06-00-43
1.0,113.3404074555108,23.15816705949862,2018-10-08-06-00-43
1.0,113.34464953865267,23.15815960760741,2018-10-08-06-00-43
1.0,113.33940934678907,23.158418754549363,2018-10-08-06-00-43
1.0,113.34115600087381,23.1586655303705,2018-10-08-06-00-43
1.0,113.3431522436957,23.158911914137484,2018-10-08-06-00-43
1.0,113.34464947032734,23.159159219488057,2018-10-08-06-00-43
1.0,113.3369141159616,23.15942290282493,2018-10-08-06-00-43
1.0,113.33491803034661,23.15967648603318,2018-10-08-06-00-43
1.0,113.33766262114935,23.159921340261082,2018-10-08-06-00-43
1.0,113.33466849115503,23.160176755199796,2018-10-08-06-00-43
1.0,113.33940921029048,23.16041797918542,2018-10-08-06-00-43
1.0,113.34390070639748,23.161159739158514,2018-10-08-06-00-43
1.0,113.3404072165806,23.161665703628685,2018-10-08-06-00-43
1.0,113.3406567420214,23.161665257742,2018-10-08-06-00-43
1.0,113.33516734867203,23.16242496026099,2018-10-08-06-00-43
1.0,113.3399081175739,23.1624163083901,2018-10-08-06-00-43
1.0,113.343900620994,23.162409256283624,2018-10-08-06-00-43
1.0,113.3399081005076,23.162666211926158,2018-10-08-06-00-43
1.0,113.34315198753656,23.16266046332493,2018-10-08-06-00-43
1.0,113.34340152514116,23.16266002780541,2018-10-08-06-00-43
1.0,113.34989063911524,23.152652981030933,2018-10-08-06-00-43
1.0,113.34539853589881,23.152910370064657,2018-10-08-06-00-43
1.0,113.34539850173809,23.153410174446222,2018-10-08-06-00-43
1.0,113.35288556173131,23.15364783080009,2018-10-08-06-00-43
1.0,113.35288554462473,23.153897733076747,2018-10-08-06-00-43
1.0,113.34814352589731,23.15465506376075,2018-10-08-06-00-43
1.0,113.35213672406542,23.15464861108149,2018-10-08-06-00-43
1.0,113.35563109302278,23.154893162597876,2018-10-08-06-00-43
1.0,113.34664608770242,23.15590707989437,2018-10-08-06-00-43
1.0,113.347394757839,23.155905822649043,2018-10-08-06-00-43
1.0,113.3444001145447,23.156410718529784,2018-10-08-06-00-43
1.0,113.35113826794161,23.15639950976689,2018-10-08-06-00-43
1.0,113.34889205036427,23.157152854187697,2018-10-08-06-00-43
1.0,113.3446495557336,23.157909704727185,2018-10-08-06-00-43
1.0,113.34464953865267,23.15815960760741,2018-10-08-06-00-43
1.0,113.34464947032734,23.159159219488057,2018-10-08-06-00-43
1.0,113.35213639904575,23.1593967630775,2018-10-08-06-00-43
1.0,113.35238597003507,23.159646274422148,2018-10-08-06-00-43
1.0,113.35088839704306,23.160648258653055,2018-10-08-06-00-43
1.0,113.34964043399061,23.161899789095237,2018-10-08-06-00-43
1.0,113.3326723561192,23.16192980159286,2018-10-08-06-00-43
1.0,113.32668448561242,23.16244094245207,2018-10-08-06-00-43
1.0,113.33516734867203,23.16242496026099,2018-10-08-06-00-43
1.0,113.32568650058833,23.162942654222906,2018-10-08-06-00-43
1.0,113.32668441755487,23.163440556826863,2018-10-08-06-00-43
1.0,113.3269339060153,23.16344008112526,2018-10-08-06-00-43
1.0,113.32718339478794,23.16343960563351,2018-10-08-06-00-43
1.0,113.32693388899949,23.16368998481148,2018-10-08-06-00-43
1.0,113.3271833777711,23.163689509319692,2018-10-08-06-00-43
1.0,113.32493797193273,23.16394369898581,2018-10-08-06-00-43
1.0,113.32793182907328,23.16393798795033,2018-10-08-06-00-43
1.0,113.33641478706944,23.16392208024012,2018-10-08-06-00-43
1.0,113.33716332120476,23.16392070719462,2018-10-08-06-00-43
1.0,113.33741283428277,23.16392025092461,2018-10-08-06-00-43
1.0,113.32693385496736,23.164189792295385,2018-10-08-06-00-43
1.0,113.3274328328322,23.164188841533868,2018-10-08-06-00-43
1.0,113.3279318120531,23.16418789171071,2018-10-08-06-00-43
1.0,113.33516722933241,23.164174285796154,2018-10-08-06-00-43
1.0,113.33616526029373,23.16417244305223,2018-10-08-06-00-43
1.0,113.33716330414796,23.16417061095346,2018-10-08-06-00-43
1.0,113.32718332671965,23.164439220601267,2018-10-08-06-00-43
1.0,113.32743281581386,23.16443874533158,2018-10-08-06-00-43
1.0,113.32793177801224,23.164687699343272,2018-10-08-06-00-43
1.0,113.33491768941084,23.164674555684147,2018-10-08-06-00-43
1.0,113.33791181188764,23.16466905196314,2018-10-08-06-00-43
1.0,113.32768227120792,23.164938078003775,2018-10-08-06-00-43
1.0,113.33441866292387,23.164925385871587,2018-10-08-06-00-43
1.0,113.33117514931116,23.165181362975392,2018-10-08-06-00-43
1.0,113.33317111749065,23.16542751944886,2018-10-08-06-00-43
1.0,113.32643477626316,23.1656901672442,2018-10-08-06-00-43
1.0,113.33367010294936,23.165676491502357,2018-10-08-06-00-43
1.0,113.33516710998461,23.165923613156345,2018-10-08-06-00-43
1.0,113.33666416116773,23.165920852981895,2018-10-08-06-00-43
1.0,113.32543679235064,23.1661918806527,2018-10-08-06-00-43
1.0,113.32693371883221,23.16618902372522,2018-10-08-06-00-43
1.0,113.3349175871171,23.166173979473125,2018-10-08-06-00-43
1.0,113.32668421336626,23.166439403525054,2018-10-08-06-00-43
1.0,113.33466806499104,23.166424346431928,2018-10-08-06-00-43
1.0,113.33491757006756,23.166423883569525,2018-10-08-06-00-43
1.0,113.33516707588373,23.166423421311386,2018-10-08-06-00-43
1.0,113.33566608978808,23.166422498656814,2018-10-08-06-00-43
3.0,113.33441854359313,23.166674714020576,2018-10-08-06-00-43
1.0,113.3346680479423,23.166674250566114,2018-10-08-06-00-43
1.0,113.3359155808491,23.166671942418798,2018-10-08-06-00-43
1.0,113.33441852654522,23.1669246181926,2018-10-08-06-00-43
1.0,113.33466803089341,23.166924154738098,2018-10-08-06-00-43
1.0,113.33541654834934,23.16692276797566,2018-10-08-06-00-43
1.0,113.33566605568262,23.166922306962647,2018-10-08-06-00-43
1.0,113.32668414529806,23.167439020294097,2018-10-08-06-00-43
1.0,113.33566602157651,23.167422115419875,2018-10-08-06-00-43
1.0,113.32768208398053,23.1676870230805,2018-10-08-06-00-43
1.0,113.33466797974572,23.167673867481348,2018-10-08-06-00-43
1.0,113.32793155673039,23.167936452616644,2018-10-08-06-00-43
1.0,113.33017698274455,23.167932192671156,2018-10-08-06-00-43
1.0,113.33616498742435,23.1681709082991,2018-10-08-06-00-43
1.0,113.32618510122985,23.16843958965545,2018-10-08-06-00-43
1.0,113.33616497036859,23.16842081269874,2018-10-08-06-00-43
1.0,113.33666399059828,23.168419895268546,2018-10-08-06-00-43
1.0,113.33691348489606,23.16866934201959,2018-10-08-06-00-43
1.0,113.32643455505142,23.168938922487502,2018-10-08-06-00-43
1.0,113.33716298003719,23.168918789510652,2018-10-08-06-00-43
1.0,113.32518710135558,23.16919120903338,2018-10-08-06-00-43
1.0,113.32618505018102,23.16918930308864,2018-10-08-06-00-43
1.0,113.33142435581566,23.169429265174013,2018-10-08-06-00-43
1.0,113.33791145358872,23.169917041175147,2018-10-08-06-00-43
1.0,113.3351668201059,23.17017198731617,2018-10-08-06-00-43
1.0,113.33267177673899,23.17042654033216,2018-10-08-06-00-43
1.0,113.3329212422716,23.170925882606475,2018-10-08-06-00-43
1.0,113.33441818555187,23.1719227096539,2018-10-08-06-00-43
1.0,113.33516734867203,23.16242496026099,2018-10-08-06-00-43
1.0,113.343900620994,23.162409256283624,2018-10-08-06-00-43
1.0,113.3399081005076,23.162666211926158,2018-10-08-06-00-43
1.0,113.34315198753656,23.16266046332493,2018-10-08-06-00-43
1.0,113.34340152514116,23.16266002780541,2018-10-08-06-00-43
1.0,113.34015760683299,23.16291566788237,2018-10-08-06-00-43
1.0,113.33841091250507,23.163668529505998,2018-10-08-06-00-43
1.0,113.33641478706944,23.16392208024012,2018-10-08-06-00-43
1.0,113.33716332120476,23.16392070719462,2018-10-08-06-00-43
1.0,113.33741283428277,23.16392025092461,2018-10-08-06-00-43
1.0,113.34240329631325,23.163911294080133,2018-10-08-06-00-43
1.0,113.34664554084324,23.163903980790057,2018-10-08-06-00-43
1.0,113.33516722933241,23.164174285796154,2018-10-08-06-00-43
1.0,113.33616526029373,23.16417244305223,2018-10-08-06-00-43
1.0,113.33716330414796,23.16417061095346,2018-10-08-06-00-43
1.0,113.33841087838204,23.164168336986073,2018-10-08-06-00-43
1.0,113.33491768941084,23.164674555684147,2018-10-08-06-00-43
1.0,113.33791181188764,23.16466905196314,2018-10-08-06-00-43
1.0,113.33841077600894,23.165667760321945,2018-10-08-06-00-43
1.0,113.33516710998461,23.165923613156345,2018-10-08-06-00-43
1.0,113.33666416116773,23.165920852981895,2018-10-08-06-00-43
1.0,113.34165456407658,23.165911846410314,2018-10-08-06-00-43
1.0,113.34464900906126,23.165906614985055,2018-10-08-06-00-43
1.0,113.3349175871171,23.166173979473125,2018-10-08-06-00-43
1.0,113.34190407776272,23.166161309114468,2018-10-08-06-00-43
1.0,113.33491757006756,23.166423883569525,2018-10-08-06-00-43
1.0,113.33516707588373,23.166423421311386,2018-10-08-06-00-43
1.0,113.33566608978808,23.166422498656814,2018-10-08-06-00-43
1.0,113.3359155808491,23.166671942418798,2018-10-08-06-00-43
1.0,113.33541654834934,23.16692276797566,2018-10-08-06-00-43
1.0,113.33566605568262,23.166922306962647,2018-10-08-06-00-43
1.0,113.3419040094564,23.16716092572203,2018-10-08-06-00-43
1.0,113.33566602157651,23.167422115419875,2018-10-08-06-00-43
1.0,113.34140493195937,23.16741171360649,2018-10-08-06-00-43
1.0,113.34140491488408,23.16766161789105,2018-10-08-06-00-43
1.0,113.34015726544945,23.167913747177952,2018-10-08-06-00-43
1.0,113.33616498742435,23.1681709082991,2018-10-08-06-00-43
1.0,113.33616497036859,23.16842081269874,2018-10-08-06-00-43
1.0,113.33666399059828,23.168419895268546,2018-10-08-06-00-43
1.0,113.34240298890741,23.168409567466675,2018-10-08-06-00-43
1.0,113.33691348489606,23.16866934201959,2018-10-08-06-00-43
1.0,113.34090579049237,23.168662122723298,2018-10-08-06-00-43
1.0,113.34140484658121,23.168661235409942,2018-10-08-06-00-43
1.0,113.34240297182772,23.16865947190344,2018-10-08-06-00-43
1.0,113.33716298003719,23.168918789510652,2018-10-08-06-00-43
1.0,113.34040670447698,23.169162822605077,2018-10-08-06-00-43
1.0,113.34065622988952,23.169162376717125,2018-10-08-06-00-43
1.0,113.34764341128859,23.169150293634413,2018-10-08-06-00-43
1.0,113.34015716302135,23.16941317391596,2018-10-08-06-00-43
1.0,113.34539740824138,23.169403990709196,2018-10-08-06-00-43
1.0,113.34714425964096,23.16965093737376,2018-10-08-06-00-43
1.0,113.33791145358872,23.169917041175147,2018-10-08-06-00-43
1.0,113.33965808314922,23.169913879218043,2018-10-08-06-00-43
1.0,113.3351668201059,23.17017198731617,2018-10-08-06-00-43
1.0,113.33865998639766,23.17016558597396,2018-10-08-06-00-43
1.0,113.34290192161609,23.170407928030837,2018-10-08-06-00-43
1.0,113.34614598983109,23.170402334739528,2018-10-08-06-00-43
1.0,113.33816091810387,23.170666301237787,2018-10-08-06-00-43
1.0,113.33841043472181,23.170665847944033,2018-10-08-06-00-43
1.0,113.3404066020382,23.17066225049385,2018-10-08-06-00-43
1.0,113.34365051727156,23.170656526224047,2018-10-08-06-00-43
1.0,113.34340096142817,23.170906865513945,2018-10-08-06-00-43
1.0,113.34589640435213,23.170902567991426,2018-10-08-06-00-43
1.0,113.3471441741506,23.170900460897602,2018-10-08-06-00-43
1.0,113.34090561974224,23.1711611692052,2018-10-08-06-00-43
1.0,113.34365048309976,23.171156335827956,2018-10-08-06-00-43
1.0,113.34664504510395,23.171151205071624,2018-10-08-06-00-43
1.0,113.34714415705203,23.17115036571832,2018-10-08-06-00-43
1.0,113.34489817798793,23.171404083767023,2018-10-08-06-00-43
1.0,113.34365044892732,23.171656145586965,2018-10-08-06-00-43
1.0,113.34439907241912,23.171654848264073,2018-10-08-06-00-43
1.0,113.34489816089706,23.171653988665728,2018-10-08-06-00-43
1.0,113.3453972544134,23.171653133403478,2018-10-08-06-00-43
1.0,113.34614590435598,23.171651858844236,2018-10-08-06-00-43
1.0,113.34215321681107,23.171908672537644,2018-10-08-06-00-43
1.0,113.34964043399061,23.161899789095237,2018-10-08-06-00-43
1.0,113.34664554084324,23.163903980790057,2018-10-08-06-00-43
1.0,113.34988986963427,23.163898612427143,2018-10-08-06-00-43
1.0,113.3511377034662,23.164646316795732,2018-10-08-06-00-43
1.0,113.35338399655093,23.164642791362024,2018-10-08-06-00-43
1.0,113.35288477465478,23.165143372568284,2018-10-08-06-00-43
1.0,113.3536335586599,23.165142214615766,2018-10-08-06-00-43
1.0,113.35113765214119,23.16539602851306,2018-10-08-06-00-43
1.0,113.35238557648636,23.16539405572994,2018-10-08-06-00-43
1.0,113.35263516619322,23.165393665402824,2018-10-08-06-00-43
1.0,113.34464900906126,23.165906614985055,2018-10-08-06-00-43
1.0,113.3521358857335,23.16689387192971,2018-10-08-06-00-43
1.0,113.35238547380688,23.166893480177805,2018-10-08-06-00-43
1.0,113.35038879670738,23.167146557359864,2018-10-08-06-00-43
1.0,113.35288460350421,23.167642413692423,2018-10-08-06-00-43
1.0,113.35413251674302,23.168640108656714,2018-10-08-06-00-43
1.0,113.34889124669589,23.168898324020926,2018-10-08-06-00-43
1.0,113.35637897545546,23.16888664798744,2018-10-08-06-00-43
1.0,113.35687821197823,23.168885917468856,2018-10-08-06-00-43
1.0,113.34764341128859,23.169150293634413,2018-10-08-06-00-43
1.0,113.3486416630626,23.16914863906234,2018-10-08-06-00-43
1.0,113.34939036704232,23.16914741129064,2018-10-08-06-00-43
1.0,113.34539740824138,23.169403990709196,2018-10-08-06-00-43
1.0,113.34939034993707,23.16939731584106,2018-10-08-06-00-43
1.0,113.34714425964096,23.16965093737376,2018-10-08-06-00-43
1.0,113.34914076337276,23.169647628411404,2018-10-08-06-00-43
1.0,113.35438203256106,23.169889251354224,2018-10-08-06-00-43
1.0,113.35088774694876,23.170144609335154,2018-10-08-06-00-43
1.0,113.34614598983109,23.170402334739528,2018-10-08-06-00-43
1.0,113.34963985245452,23.17039652773643,2018-10-08-06-00-43
1.0,113.34789286950219,23.170649306027002,2018-10-08-06-00-43
1.0,113.35013898172608,23.17064562301531,2018-10-08-06-00-43
1.0,113.35438198119353,23.17063896546461,2018-10-08-06-00-43
1.0,113.35687809206817,23.170635249851177,2018-10-08-06-00-43
1.0,113.34589640435213,23.170902567991426,2018-10-08-06-00-43
1.0,113.3471441741506,23.170900460897602,2018-10-08-06-00-43
1.0,113.34839197826355,23.170898383510817,2018-10-08-06-00-43
1.0,113.35213561190524,23.170892343818128,2018-10-08-06-00-43
1.0,113.34664504510395,23.171151205071624,2018-10-08-06-00-43
1.0,113.34714415705203,23.17115036571832,2018-10-08-06-00-43
1.0,113.34789283529993,23.17114911562945,2018-10-08-06-00-43
1.0,113.34814239751913,23.17114870136332,2018-10-08-06-00-43
1.0,113.3483919611606,23.171148288331317,2018-10-08-06-00-43
1.0,113.34864152623669,23.171147876544833,2018-10-08-06-00-43
1.0,113.35038852297025,23.171145029866203,2018-10-08-06-00-43
1.0,113.34489817798793,23.171404083767023,2018-10-08-06-00-43
1.0,113.34489816089706,23.171653988665728,2018-10-08-06-00-43
1.0,113.3453972544134,23.171653133403478,2018-10-08-06-00-43
1.0,113.34614590435598,23.171651858844236,2018-10-08-06-00-43
1.0,113.34939019598235,23.17164645852912,2018-10-08-06-00-43
1.0,113.33441818555187,23.1719227096539,2018-10-08-06-00-43
1.0,113.33317065729388,23.172174940360406,2018-10-08-06-00-43
1.0,113.33791130000948,23.172166184577378,2018-10-08-06-00-43
1.0,113.3259353413844,23.172438541563864,2018-10-08-06-00-43
1.0,113.32743227113934,23.17243568685174,2018-10-08-06-00-43
1.0,113.33342014114103,23.172424379146282,2018-10-08-06-00-43
1.0,113.33466765577546,23.172422056194076,2018-10-08-06-00-43
1.0,113.32593532436664,23.172688446621617,2018-10-08-06-00-43
1.0,113.32618481193336,23.172687970363096,2018-10-08-06-00-43
1.0,113.32668378789631,23.172687018376713,2018-10-08-06-00-43
1.0,113.3271827650546,23.1726860671803,2018-10-08-06-00-43
1.0,113.32768174351546,23.172685116872785,2018-10-08-06-00-43
1.0,113.32967767252858,23.17268132651009,2018-10-08-06-00-43
1.0,113.33042615312391,23.172679910490665,2018-10-08-06-00-43
1.0,113.33466763872272,23.172671961250376,2018-10-08-06-00-43
1.0,113.33591517151227,23.172669653098044,2018-10-08-06-00-43
1.0,113.32643428275217,23.172937399374113,2018-10-08-06-00-43
1.0,113.32668377087535,23.172936923473443,2018-10-08-06-00-43
1.0,113.32718274803162,23.17293597227695,2018-10-08-06-00-43
1.0,113.32793121624182,23.172934547179803,2018-10-08-06-00-43
1.0,113.3291786707544,23.172932177369173,2018-10-08-06-00-43
1.0,113.32768170946528,23.17318492710507,2018-10-08-06-00-43
1.0,113.32843017982732,23.173183503526634,2018-10-08-06-00-43
1.0,113.33267158925116,23.173175494671362,2018-10-08-06-00-43
1.0,113.33391909377194,23.173173163574035,2018-10-08-06-00-43
1.0,113.33441810029309,23.173172234935883,2018-10-08-06-00-43
1.0,113.33491710966682,23.17317130861681,2018-10-08-06-00-43
1.0,113.33691317780853,23.17316762848837,2018-10-08-06-00-43
1.0,113.32618476087605,23.173437685771056,2018-10-08-06-00-43
1.0,113.32643424871178,23.173437209685176,2018-10-08-06-00-43
1.0,113.32768169243994,23.17343483228,2018-10-08-06-00-43
1.0,113.33516659840139,23.173420751531225,2018-10-08-06-00-43
1.0,113.3364141389043,23.17341844972642,2018-10-08-06-00-43
1.0,113.32643423169132,23.17368711489958,2018-10-08-06-00-43
1.0,113.32793116516278,23.173684262704523,2018-10-08-06-00-43
1.0,113.32892912794868,23.173682366262696,2018-10-08-06-00-43
1.0,113.32743216899388,23.173935117784374,2018-10-08-06-00-43
1.0,113.32843012874174,23.173933219168894,2018-10-08-06-00-43
1.0,113.32867961962684,23.17393274519424,2018-10-08-06-00-43
1.0,113.32967758736166,23.173930852383357,2018-10-08-06-00-43
1.0,113.33267153811461,23.17392521031151,2018-10-08-06-00-43
1.0,113.33766166575343,23.173915975323464,2018-10-08-06-00-43
1.0,113.32693317418502,23.174185973842125,2018-10-08-06-00-43
1.0,113.32643418062898,23.1744368307789,2018-10-08-06-00-43
1.0,113.32693315716203,23.17443587917456,2018-10-08-06-00-43
1.0,113.32718264589022,23.17443540368099,2018-10-08-06-00-43
1.0,113.32867958556695,23.174432555819102,2018-10-08-06-00-43
1.0,113.32668365172395,23.174686260249935,2018-10-08-06-00-43
1.0,113.32718262886607,23.17468530905286,2018-10-08-06-00-43
1.0,113.32793109705507,23.174683883954845,2018-10-08-06-00-43
1.0,113.32793108002772,23.17493378936613,2018-10-08-06-00-43
1.0,113.32843006062531,23.1749328405767,2018-10-08-06-00-43
1.0,113.32867955150637,23.174932366601883,2018-10-08-06-00-43
1.0,113.32892904279349,23.174931892923475,2018-10-08-06-00-43
1.0,113.33691305837097,23.174916965528535,2018-10-08-06-00-43
1.0,113.32693310609211,23.17518559540895,2018-10-08-06-00-43
1.0,113.32818055310838,23.175183220286403,2018-10-08-06-00-43
1.0,113.32843004359577,23.175182746027488,2018-10-08-06-00-43
1.0,113.32892902576195,23.17518179837418,2018-10-08-06-00-43
1.0,113.32917851746751,23.175181325004505,2018-10-08-06-00-43
1.0,113.32768155623125,23.17543407509747,2018-10-08-06-00-43
1.0,113.33317043567426,23.175423708649106,2018-10-08-06-00-43
1.0,113.3359149838674,23.17541861130764,2018-10-08-06-00-43
1.0,113.32793102894469,23.175683505837714,2018-10-08-06-00-43
1.0,113.33267141879017,23.175674548185718,2018-10-08-06-00-43
1.0,113.33566545872918,23.175668977210062,2018-10-08-06-00-43
1.0,113.32768152217741,23.17593388619772,2018-10-08-06-00-43
1.0,113.33791104401399,23.175914763952584,2018-10-08-06-00-43
1.0,113.33267138469596,23.176174359363856,2018-10-08-06-00-43
1.0,113.33641395123253,23.176167409237927,2018-10-08-06-00-43
1.0,113.33741199825623,23.176165579914198,2018-10-08-06-00-43
1.0,113.33142387869198,23.1764266084579,2018-10-08-06-00-43
1.0,113.33167337532335,23.176426138855085,2018-10-08-06-00-43
1.0,113.33267136764862,23.176424265012688,2018-10-08-06-00-43
1.0,113.33292086724661,23.176423797755866,2018-10-08-06-00-43
1.0,113.32818045093376,23.176682653825733,2018-10-08-06-00-43
1.0,113.33641391710822,23.176667220574245,2018-10-08-06-00-43
1.0,113.32818043390408,23.17693255955518,2018-10-08-06-00-43
1.0,113.33117434853062,23.17692688991089,2018-10-08-06-00-43
1.0,113.33641390004581,23.17691712630232,2018-10-08-06-00-43
1.0,113.3266834814935,23.177185316152737,2018-10-08-06-00-43
1.0,113.3341683238422,23.177171186494697,2018-10-08-06-00-43
1.0,113.33142381052077,23.177426231453698,2018-10-08-06-00-43
1.0,113.33791094160527,23.177414198200083,2018-10-08-06-00-43
1.0,113.33416828973415,23.177670998151914,2018-10-08-06-00-43
1.0,113.32693288477182,23.178434369899406,2018-10-08-06-00-43
1.0,113.32718237348384,23.178433894405178,2018-10-08-06-00-43
1.0,113.33092473370469,23.178676701592448,2018-10-08-06-00-43
1.0,113.3361642709388,23.17866692657799,2018-10-08-06-00-43
1.0,113.33691280240578,23.178665551455996,2018-10-08-06-00-43
1.0,113.32992673968155,23.17892849341695,2018-10-08-06-00-43
1.0,113.33641376354053,23.17891637357215,2018-10-08-06-00-43
1.0,113.33716229750155,23.178915000519105,2018-10-08-06-00-43
1.0,113.33791083919053,23.17891363389213,2018-10-08-06-00-43
1.0,113.32743181143753,23.17918313728692,2018-10-08-06-00-43
1.0,113.33167318783516,23.17917510364,2018-10-08-06-00-43
1.0,113.33666325695928,23.179165821284187,2018-10-08-06-00-43
1.0,113.33716228043474,23.17916490660916,2018-10-08-06-00-43
1.0,113.32718230537557,23.179433518691273,2018-10-08-06-00-43
1.0,113.32768128378189,23.17943256838152,2018-10-08-06-00-43
1.0,113.33167317078978,23.179425009771478,2018-10-08-06-00-43
1.0,113.33616421974997,23.179416644848715,2018-10-08-06-00-43
1.0,113.32718228834808,23.17968342486405,2018-10-08-06-00-43
1.0,113.33666322282902,23.17966563358603,2018-10-08-06-00-43
1.0,113.33766127320686,23.179663807091682,2018-10-08-06-00-43
1.0,113.33666320576364,23.179915539797836,2018-10-08-06-00-43
1.0,113.33766125613762,23.17991371330332,2018-10-08-06-00-43
1.0,113.32543583944624,23.18018656976737,2018-10-08-06-00-43
1.0,113.32768123269288,23.180182287021488,2018-10-08-06-00-43
1.0,113.33317011171795,23.180171920555786,2018-10-08-06-00-43
1.0,113.33341959552814,23.180421360616595,2018-10-08-06-00-43
1.0,113.33716219509814,23.18041443766804,2018-10-08-06-00-43
1.0,113.33766122199863,23.18041352584864,2018-10-08-06-00-43
1.0,113.33292057739926,23.180672199935504,2018-10-08-06-00-43
1.0,113.33341957847497,23.18067126695109,2018-10-08-06-00-43
1.0,113.33691266587564,23.180664800988744,2018-10-08-06-00-43
1.0,113.33791071969905,23.180662977374052,2018-10-08-06-00-43
1.0,113.34340096142817,23.170906865513945,2018-10-08-06-00-43
1.0,113.34589640435213,23.170902567991426,2018-10-08-06-00-43
1.0,113.3471441741506,23.170900460897602,2018-10-08-06-00-43
1.0,113.34090561974224,23.1711611692052,2018-10-08-06-00-43
1.0,113.34365048309976,23.171156335827956,2018-10-08-06-00-43
1.0,113.34664504510395,23.171151205071624,2018-10-08-06-00-43
1.0,113.34714415705203,23.17115036571832,2018-10-08-06-00-43
1.0,113.34789283529993,23.17114911562945,2018-10-08-06-00-43
1.0,113.34489817798793,23.171404083767023,2018-10-08-06-00-43
1.0,113.34365044892732,23.171656145586965,2018-10-08-06-00-43
1.0,113.34439907241912,23.171654848264073,2018-10-08-06-00-43
1.0,113.34489816089706,23.171653988665728,2018-10-08-06-00-43
1.0,113.3453972544134,23.171653133403478,2018-10-08-06-00-43
1.0,113.34614590435598,23.171651858844236,2018-10-08-06-00-43
1.0,113.34215321681107,23.171908672537644,2018-10-08-06-00-43
1.0,113.33791130000948,23.172166184577378,2018-10-08-06-00-43
1.0,113.3409055514375,23.172160788880632,2018-10-08-06-00-43
1.0,113.34439903824052,23.172154658178368,2018-10-08-06-00-43
1.0,113.34589631887981,23.172152092484378,2018-10-08-06-00-43
1.0,113.34789276689341,23.17214873530009,2018-10-08-06-00-43
1.0,113.34439902115098,23.17240456319397,2018-10-08-06-00-43
1.0,113.33591517151227,23.172669653098044,2018-10-08-06-00-43
1.0,113.34539718604105,23.17265275338735,2018-10-08-06-00-43
1.0,113.34564673471664,23.17265232741125,2018-10-08-06-00-43
1.0,113.34589628468972,23.172651902554126,2018-10-08-06-00-43
1.0,113.34215314848564,23.172908292679818,2018-10-08-06-00-43
1.0,113.34714403735731,23.17289970055208,2018-10-08-06-00-43
1.0,113.33491710966682,23.17317130861681,2018-10-08-06-00-43
1.0,113.33691317780853,23.17316762848837,2018-10-08-06-00-43
1.0,113.33890930005587,23.173163993275438,2018-10-08-06-00-43
1.0,113.34514760446498,23.173152990697208,2018-10-08-06-00-43
1.0,113.33516659840139,23.173420751531225,2018-10-08-06-00-43
1.0,113.3364141389043,23.17341844972642,2018-10-08-06-00-43
1.0,113.33915880240578,23.17341344751438,2018-10-08-06-00-43
1.0,113.34065593961465,23.173410759358422,2018-10-08-06-00-43
1.0,113.34564668343293,23.173402042809396,2018-10-08-06-00-43
1.0,113.34614578468378,23.17340119422548,2018-10-08-06-00-43
1.0,113.34365031223082,23.173655386182723,2018-10-08-06-00-43
1.0,113.34464847930893,23.17365365852312,2018-10-08-06-00-43
1.0,113.34489802416412,23.173653229259774,2018-10-08-06-00-43
1.0,113.34664487412671,23.173650255421247,2018-10-08-06-00-43
1.0,113.34689442941179,23.173649835155757,2018-10-08-06-00-43
1.0,113.33766166575343,23.173915975323464,2018-10-08-06-00-43
1.0,113.33816069624385,23.173915066459404,2018-10-08-06-00-43
1.0,113.33841021284931,23.173914613165103,2018-10-08-06-00-43
1.0,113.33990733235068,23.173911910088847,2018-10-08-06-00-43
1.0,113.34040638006685,23.173911015710537,2018-10-08-06-00-43
1.0,113.34240261311552,23.173907473990734,2018-10-08-06-00-43
1.0,113.34489800707176,23.17390313451039,2018-10-08-06-00-43
1.0,113.34514755318567,23.17390270633103,2018-10-08-06-00-43
1.0,113.34589619921154,23.173901428413718,2018-10-08-06-00-43
1.0,113.34614575049022,23.173901004686968,2018-10-08-06-00-43
1.0,113.34664485702805,23.17390016067156,2018-10-08-06-00-43
1.0,113.34689441231225,23.173899740406025,2018-10-08-06-00-43
1.0,113.34714396895664,23.173899321317307,2018-10-08-06-00-43
1.0,113.33940827157315,23.17416271314581,2018-10-08-06-00-43
1.0,113.33965779293008,23.174162263845293,2018-10-08-06-00-43
1.0,113.33990731527668,23.174161815379687,2018-10-08-06-00-43
1.0,113.3441493420573,23.174404236125525,2018-10-08-06-00-43
1.0,113.34439888442854,23.17440380472908,2018-10-08-06-00-43
1.0,113.34514751899862,23.17440251695035,2018-10-08-06-00-43
1.0,113.346145716296,23.174400815305944,2018-10-08-06-00-43
1.0,113.34714393475531,23.174399131935942,2018-10-08-06-00-43
1.0,113.33965775878347,23.174662074545385,2018-10-08-06-00-43
1.0,113.34489795579364,23.17465285049869,2018-10-08-06-00-43
1.0,113.34664480573112,23.174649876658957,2018-10-08-06-00-43
1.0,113.34689436101266,23.174649456393293,2018-10-08-06-00-43
1.0,113.33691305837097,23.174916965528535,2018-10-08-06-00-43
1.0,113.3448979387006,23.174902755907116,2018-10-08-06-00-43
1.0,113.34539703219347,23.174901900643754,2018-10-08-06-00-43
1.0,113.339907246979,23.175161436937845,2018-10-08-06-00-43
1.0,113.34439883315487,23.175153520954677,2018-10-08-06-00-43
1.0,113.3448979216074,23.175152661355135,2018-10-08-06-00-43
1.0,113.34514746771679,23.17515223317556,2018-10-08-06-00-43
1.0,113.3359149838674,23.17541861130764,2018-10-08-06-00-43
1.0,113.33890914642261,23.17541314125096,2018-10-08-06-00-43
1.0,113.33915866583457,23.17541269031651,2018-10-08-06-00-43
1.0,113.33940818621014,23.175412240192895,2018-10-08-06-00-43
1.0,113.34315111631383,23.175405593797006,2018-10-08-06-00-43
1.0,113.3451474506225,23.175402138663173,2018-10-08-06-00-43
1.0,113.34614564790552,23.17540043701808,2018-10-08-06-00-43
1.0,113.33566545872918,23.175668977210062,2018-10-08-06-00-43
1.0,113.33865961089089,23.175663498512606,2018-10-08-06-00-43
1.0,113.3389091293514,23.175663046779334,2018-10-08-06-00-43
1.0,113.3414043683862,23.175658575364736,2018-10-08-06-00-43
1.0,113.34539698090794,23.175651617106524,2018-10-08-06-00-43
1.0,113.33791104401399,23.175914763952584,2018-10-08-06-00-43
1.0,113.33865959382048,23.17591340408077,2018-10-08-06-00-43
1.0,113.34464832547972,23.17590280720098,2018-10-08-06-00-43
1.0,113.34539696381242,23.17590152267354,2018-10-08-06-00-43
1.0,113.34664472023285,23.175899404096015,2018-10-08-06-00-43
1.0,113.33641395123253,23.176167409237927,2018-10-08-06-00-43
1.0,113.33741199825623,23.176165579914198,2018-10-08-06-00-43
1.0,113.33965765633964,23.176161507596206,2018-10-08-06-00-43
1.0,113.34589604534025,23.176150577445934,2018-10-08-06-00-43
1.0,113.33816052556307,23.176414121151385,2018-10-08-06-00-43
1.0,113.33865955967916,23.176413215336563,2018-10-08-06-00-43
1.0,113.33890907813681,23.176412763603164,2018-10-08-06-00-43
1.0,113.33915859754495,23.176412312668546,2018-10-08-06-00-43
1.0,113.34115478859407,23.17640873539188,2018-10-08-06-00-43
1.0,113.3443987476954,23.17640304879089,2018-10-08-06-00-43
1.0,113.34764291534485,23.176397541392127,2018-10-08-06-00-43
1.0,113.33641391710822,23.176667220574245,2018-10-08-06-00-43
1.0,113.33816050849407,23.176664026839205,2018-10-08-06-00-43
1.0,113.33865954260824,23.176663121024298,2018-10-08-06-00-43
1.0,113.33890906106494,23.17666266929086,2018-10-08-06-00-43
1.0,113.33965762219036,23.176661318931433,2018-10-08-06-00-43
1.0,113.34689422420632,23.17664870076945,2018-10-08-06-00-43
1.0,113.347143780841,23.176648281680258,2018-10-08-06-00-43
1.0,113.33641390004581,23.17691712630232,2018-10-08-06-00-43
1.0,113.33990712745164,23.176910776192894,2018-10-08-06-00-43
1.0,113.3429014774068,23.176905464084005,2018-10-08-06-00-43
1.0,113.34614554531477,23.176899870778236,2018-10-08-06-00-43
1.0,113.34015663371358,23.17716023434123,2018-10-08-06-00-43
1.0,113.34040615806722,23.177159787580994,2018-10-08-06-00-43
1.0,113.34564642699173,23.177150625129887,2018-10-08-06-00-43
1.0,113.34589597694867,23.17715020027199,2018-10-08-06-00-43
1.0,113.33791094160527,23.177414198200083,2018-10-08-06-00-43
1.0,113.33890900984832,23.177412386593947,2018-10-08-06-00-43
1.0,113.33965757096519,23.17741103623414,2018-10-08-06-00-43
1.0,113.34015661663645,23.17741014014877,2018-10-08-06-00-43
1.0,113.34664461762941,23.17739883833459,2018-10-08-06-00-43
1.0,113.34639504660507,23.17764916561262,2018-10-08-06-00-43
1.0,113.34689415579915,23.177648323914962,2018-10-08-06-00-43
1.0,113.33816042314658,23.177913555878856,2018-10-08-06-00-43
1.0,113.34539682704226,23.177900768647127,2018-10-08-06-00-43
1.0,113.34614547691758,23.177899494084663,2018-10-08-06-00-43
1.0,113.33965751973851,23.178160753897988,2018-10-08-06-00-43
1.0,113.33890894155716,23.178412010226747,2018-10-08-06-00-43
1.0,113.3396575026626,23.178410659866437,2018-10-08-06-00-43
1.0,113.34664454922377,23.17839846196211,2018-10-08-06-00-43
1.0,113.3361642709388,23.17866692657799,2018-10-08-06-00-43
1.0,113.33691280240578,23.178665551455996,2018-10-08-06-00-43
1.0,113.3386594060349,23.178662367969444,2018-10-08-06-00-43
1.0,113.34739320201717,23.178647110712607,2018-10-08-06-00-43
1.0,113.33641376354053,23.17891637357215,2018-10-08-06-00-43
1.0,113.33716229750155,23.178915000519105,2018-10-08-06-00-43
1.0,113.33791083919053,23.17891363389213,2018-10-08-06-00-43
1.0,113.33840987145186,23.178912726539323,2018-10-08-06-00-43
1.0,113.33666325695928,23.179165821284187,2018-10-08-06-00-43
1.0,113.33716228043474,23.17916490660916,2018-10-08-06-00-43
1.0,113.3386593718899,23.179162180108605,2018-10-08-06-00-43
1.0,113.33915840973471,23.17916127743966,2018-10-08-06-00-43
1.0,113.33940793009599,23.179160827315414,2018-10-08-06-00-43
1.0,113.33965745143392,23.17916037801405,2018-10-08-06-00-43
1.0,113.33616421974997,23.179416644848715,2018-10-08-06-00-43
1.0,113.33890887326334,23.17941163450501,2018-10-08-06-00-43
1.0,113.33666322282902,23.17966563358603,2018-10-08-06-00-43
1.0,113.33766127320686,23.179663807091682,2018-10-08-06-00-43
1.0,113.33840982023648,23.179662444930422,2018-10-08-06-00-43
1.0,113.33890885618946,23.17966154067583,2018-10-08-06-00-43
1.0,113.33965741728062,23.179660190314884,2018-10-08-06-00-43
1.0,113.33666320576364,23.179915539797836,2018-10-08-06-00-43
1.0,113.33766125613762,23.17991371330332,2018-10-08-06-00-43
1.0,113.33816028658188,23.179912804437244,2018-10-08-06-00-43
1.0,113.33890883911542,23.179911446887257,2018-10-08-06-00-43
1.0,113.33890882204122,23.180161353139347,2018-10-08-06-00-43
1.0,113.34240218598097,23.18015511820283,2018-10-08-06-00-43
1.0,113.33716219509814,23.18041443766804,2018-10-08-06-00-43
1.0,113.33766122199863,23.18041352584864,2018-10-08-06-00-43
1.0,113.33890880496683,23.180411259432155,2018-10-08-06-00-43
1.0,113.34389939071984,23.180402408448796,2018-10-08-06-00-43
1.0,113.33691266587564,23.180664800988744,2018-10-08-06-00-43
1.0,113.33791071969905,23.180662977374052,2018-10-08-06-00-43
1.0,113.33865926945089,23.18066161749984,2018-10-08-06-00-43
1.0,113.3438993736266,23.18065231478152,2018-10-08-06-00-43
1.0,113.33816021829553,23.180912429690622,2018-10-08-06-00-43
1.0,113.33865925237713,23.180911523874283,2018-10-08-06-00-43
1.0,113.33890877081758,23.18091107214013,2018-10-08-06-00-43
1.0,113.34389935653317,23.180902221155073,2018-10-08-06-00-43
1.0,113.34789286950219,23.170649306027002,2018-10-08-06-00-43
1.0,113.35013898172608,23.17064562301531,2018-10-08-06-00-43
1.0,113.35438198119353,23.17063896546461,2018-10-08-06-00-43
1.0,113.35687809206817,23.170635249851177,2018-10-08-06-00-43
1.0,113.34589640435213,23.170902567991426,2018-10-08-06-00-43
1.0,113.3471441741506,23.170900460897602,2018-10-08-06-00-43
1.0,113.34839197826355,23.170898383510817,2018-10-08-06-00-43
1.0,113.35213561190524,23.170892343818128,2018-10-08-06-00-43
1.0,113.35762694351486,23.17088407101031,2018-10-08-06-00-43
1.0,113.34664504510395,23.171151205071624,2018-10-08-06-00-43
1.0,113.34714415705203,23.17115036571832,2018-10-08-06-00-43
1.0,113.34789283529993,23.17114911562945,2018-10-08-06-00-43
1.0,113.34814239751913,23.17114870136332,2018-10-08-06-00-43
1.0,113.3483919611606,23.171148288331317,2018-10-08-06-00-43
1.0,113.34864152623669,23.171147876544833,2018-10-08-06-00-43
1.0,113.35038852297025,23.171145029866203,2018-10-08-06-00-43
1.0,113.34489817798793,23.171404083767023,2018-10-08-06-00-43
1.0,113.34489816089706,23.171653988665728,2018-10-08-06-00-43
1.0,113.3453972544134,23.171653133403478,2018-10-08-06-00-43
1.0,113.34614590435598,23.171651858844236,2018-10-08-06-00-43
1.0,113.34939019598235,23.17164645852912,2018-10-08-06-00-43
1.0,113.34839190985072,23.17189800302568,2018-10-08-06-00-43
1.0,113.34939017887544,23.171896363465937,2018-10-08-06-00-43
1.0,113.34963974981036,23.17189595677488,2018-10-08-06-00-43
1.0,113.35063804863164,23.17189434314444,2018-10-08-06-00-43
1.0,113.35138678892316,23.171893147025774,2018-10-08-06-00-43
1.0,113.34589631887981,23.172152092484378,2018-10-08-06-00-43
1.0,113.34789276689341,23.17214873530009,2018-10-08-06-00-43
1.0,113.34889102433925,23.172147085685186,2018-10-08-06-00-43
1.0,113.3498892880235,23.17239536137628,2018-10-08-06-00-43
1.0,113.35013886196086,23.172394957300668,2018-10-08-06-00-43
1.0,113.34539718604105,23.17265275338735,2018-10-08-06-00-43
1.0,113.34564673471664,23.17265232741125,2018-10-08-06-00-43
1.0,113.34589628468972,23.172651902554126,2018-10-08-06-00-43
1.0,113.34889099012803,23.172646895753896,2018-10-08-06-00-43
1.0,113.34963969848604,23.17264567181904,2018-10-08-06-00-43
1.0,113.34714403735731,23.17289970055208,2018-10-08-06-00-43
1.0,113.35313383700843,23.17289002504478,2018-10-08-06-00-43
1.0,113.34514760446498,23.173152990697208,2018-10-08-06-00-43
1.0,113.3483918243309,23.173147528295786,2018-10-08-06-00-43
1.0,113.34564668343293,23.173402042809396,2018-10-08-06-00-43
1.0,113.34614578468378,23.17340119422548,2018-10-08-06-00-43
1.0,113.34814224359282,23.173397846499615,2018-10-08-06-00-43
1.0,113.34839180722645,23.17339743346722,2018-10-08-06-00-43
1.0,113.35038836897424,23.173394174998972,2018-10-08-06-00-43
1.0,113.35163626947511,23.173392181503637,2018-10-08-06-00-43
1.0,113.34464847930893,23.17365365852312,2018-10-08-06-00-43
1.0,113.34489802416412,23.173653229259774,2018-10-08-06-00-43
1.0,113.34664487412671,23.173650255421247,2018-10-08-06-00-43
1.0,113.34689442941179,23.173649835155757,2018-10-08-06-00-43
1.0,113.35038835186273,23.17364408020932,2018-10-08-06-00-43
1.0,113.34489800707176,23.17390313451039,2018-10-08-06-00-43
1.0,113.34514755318567,23.17390270633103,2018-10-08-06-00-43
1.0,113.34589619921154,23.173901428413718,2018-10-08-06-00-43
1.0,113.34614575049022,23.173901004686968,2018-10-08-06-00-43
1.0,113.34664485702805,23.17390016067156,2018-10-08-06-00-43
1.0,113.34689441231225,23.173899740406025,2018-10-08-06-00-43
1.0,113.34714396895664,23.173899321317307,2018-10-08-06-00-43
1.0,113.34814220938513,23.17389765696041,2018-10-08-06-00-43
1.0,113.35138665200753,23.173892387923832,2018-10-08-06-00-43
1.0,113.34839175591203,23.174147149217315,2018-10-08-06-00-43
1.0,113.35113705323796,23.174142690553744,2018-10-08-06-00-43
1.0,113.34514751899862,23.17440251695035,2018-10-08-06-00-43
1.0,113.346145716296,23.174400815305944,2018-10-08-06-00-43
1.0,113.34714393475531,23.174399131935942,2018-10-08-06-00-43
1.0,113.34939000779704,23.174395414984645,2018-10-08-06-00-43
1.0,113.34489795579364,23.17465285049869,2018-10-08-06-00-43
1.0,113.34664480573112,23.174649876658957,2018-10-08-06-00-43
1.0,113.34689436101266,23.174649456393293,2018-10-08-06-00-43
1.0,113.3448979387006,23.174902755907116,2018-10-08-06-00-43
1.0,113.34539703219347,23.174901900643754,2018-10-08-06-00-43
1.0,113.3448979216074,23.175152661355135,2018-10-08-06-00-43
1.0,113.34514746771679,23.17515223317556,2018-10-08-06-00-43
1.0,113.3536328738593,23.175138402132486,2018-10-08-06-00-43
1.0,113.3451474506225,23.175402138663173,2018-10-08-06-00-43
1.0,113.34614564790552,23.17540043701808,2018-10-08-06-00-43
1.0,113.34539698090794,23.175651617106524,2018-10-08-06-00-43
1.0,113.34839165327871,23.17564658178346,2018-10-08-06-00-43
1.0,113.34464832547972,23.17590280720098,2018-10-08-06-00-43
1.0,113.34539696381242,23.17590152267354,2018-10-08-06-00-43
1.0,113.34664472023285,23.175899404096015,2018-10-08-06-00-43
1.0,113.34589604534025,23.176150577445934,2018-10-08-06-00-43
1.0,113.35088733623809,23.176142332999532,2018-10-08-06-00-43
1.0,113.34764291534485,23.176397541392127,2018-10-08-06-00-43
1.0,113.34814203833662,23.17639671163534,2018-10-08-06-00-43
1.0,113.34689422420632,23.17664870076945,2018-10-08-06-00-43
1.0,113.347143780841,23.176648281680258,2018-10-08-06-00-43
1.0,113.34864114991011,23.17664579250106,2018-10-08-06-00-43
1.0,113.34614554531477,23.176899870778236,2018-10-08-06-00-43
1.0,113.34564642699173,23.177150625129887,2018-10-08-06-00-43
1.0,113.34589597694867,23.17715020027199,2018-10-08-06-00-43
1.0,113.35088726777691,23.177141955822115,2018-10-08-06-00-43
1.0,113.34664461762941,23.17739883833459,2018-10-08-06-00-43
1.0,113.3508872506612,23.17739186162781,2018-10-08-06-00-43
1.0,113.34639504660507,23.17764916561262,2018-10-08-06-00-43
1.0,113.34689415579915,23.177648323914962,2018-10-08-06-00-43
1.0,113.35088723354532,23.177641767473627,2018-10-08-06-00-43
1.0,113.34539682704226,23.177900768647127,2018-10-08-06-00-43
1.0,113.34614547691758,23.177899494084663,2018-10-08-06-00-43
1.0,113.349389751148,23.17814399968199,2018-10-08-06-00-43
1.0,113.34664454922377,23.17839846196211,2018-10-08-06-00-43
1.0,113.34739320201717,23.178647110712607,2018-10-08-06-00-43
1.0,113.3538822149734,23.178886605574142,2018-10-08-06-00-43
