count,wgs_lng,wgs_lat,time
1.0,113.32967963021795,23.14394248734825,2018-09-21-05-59-07
1.0,113.33217458479862,23.143937781308182,2018-09-21-05-59-07
1.0,113.33242408329887,23.143937313081434,2018-09-21-05-59-07
1.0,113.33442009425494,23.143933585634848,2018-09-21-05-59-07
1.0,113.32468982851972,23.14420189177734,2018-09-21-05-59-07
1.0,113.32543828871748,23.144200461325912,2018-09-21-05-59-07
1.0,113.3284321539867,23.144194755069577,2018-09-21-05-59-07
1.0,113.32992910637255,23.14419191594462,2018-09-21-05-59-07
1.0,113.33017860001394,23.144191443938755,2018-09-21-05-59-07
1.0,113.33042809414164,23.14419097230344,2018-09-21-05-59-07
1.0,113.33117657957618,23.14418955974423,2018-09-21-05-59-07
1.0,113.33691515586787,23.144178880195497,2018-09-21-05-59-07
1.0,113.32718468757938,23.144447029925328,2018-09-21-05-59-07
1.0,113.3274341767543,23.14444655465895,2018-09-21-05-59-07
1.0,113.33541808234568,23.144431537385014,2018-09-21-05-59-07
1.0,113.32493928105285,23.14470121686595,2018-09-21-05-59-07
1.0,113.32618671700126,23.144698834116067,2018-09-21-05-59-07
1.0,113.33042806010735,23.144690774322463,2018-09-21-05-59-07
1.0,113.33342203241153,23.144685148090453,2018-09-21-05-59-07
1.0,113.3349190527534,23.144682362302625,2018-09-21-05-59-07
1.0,113.33591708092811,23.144680517032466,2018-09-21-05-59-07
1.0,113.33766366125242,23.144677313424157,2018-09-21-05-59-07
1.0,113.32468977753754,23.144951594858032,2018-09-21-05-59-07
1.0,113.33167552147589,23.144938323194296,2018-09-21-05-59-07
1.0,113.334420026123,23.144933189670333,2018-09-21-05-59-07
1.0,113.32618668300049,23.145198636268063,2018-09-21-05-59-07
1.0,113.33491901868285,23.145182164451715,2018-09-21-05-59-07
1.0,113.33591704684976,23.145180319181218,2018-09-21-05-59-07
1.0,113.33192498475188,23.145437656257332,2018-09-21-05-59-07
1.0,113.33491900164734,23.14543206557574,2018-09-21-05-59-07
1.0,113.33591702981033,23.145430220305077,2018-09-21-05-59-07
1.0,113.33616653879923,23.145429760589735,2018-09-21-05-59-07
1.0,113.33691507065302,23.145428385484458,2018-09-21-05-59-07
1.0,113.32493921307089,23.14570082130279,2018-09-21-05-59-07
1.0,113.33192496772801,23.14568755741492,2018-09-21-05-59-07
1.0,113.33392096828496,23.14568382167169,2018-09-21-05-59-07
1.0,113.32468970955897,23.145951199427177,2018-09-21-05-59-07
1.0,113.3261866319981,23.14594833974374,2018-09-21-05-59-07
1.0,113.32643611994507,23.145947863662407,2018-09-21-05-59-07
1.0,113.32668560817741,23.145947387766203,2018-09-21-05-59-07
1.0,113.33042797501874,23.145940279946615,2018-09-21-05-59-07
1.0,113.3309269647725,23.145939337836428,2018-09-21-05-59-07
1.0,113.33167545338473,23.1459379277588,2018-09-21-05-59-07
1.0,113.33516847347214,23.145931405668318,2018-09-21-05-59-07
1.0,113.32868150890644,23.146193489969477,2018-09-21-05-59-07
1.0,113.32918049213117,23.14619254293096,2018-09-21-05-59-07
1.0,113.33392093422091,23.146183624085612,2018-09-21-05-59-07
1.0,113.33516845643514,23.14618130689166,2018-09-21-05-59-07
1.0,113.32543813573909,23.146449571458028,2018-09-21-05-59-07
1.0,113.32893098329674,23.14644291755344,2018-09-21-05-59-07
1.0,113.33042794098212,23.146440082428107,2018-09-21-05-59-07
1.0,113.3324239130429,23.146436324163083,2018-09-21-05-59-07
1.0,113.33392091718864,23.14643352534239,2018-09-21-05-59-07
1.0,113.33417042020452,23.14643306074402,2018-09-21-05-59-07
1.0,113.32468965857329,23.146700903202174,2018-09-21-05-59-07
1.0,113.32493914508628,23.14670042626953,2018-09-21-05-59-07
1.0,113.32942995035704,23.14669187243557,2018-09-21-05-59-07
1.0,113.33242389601638,23.146686225453404,2018-09-21-05-59-07
1.0,113.3341704031711,23.146682962034046,2018-09-21-05-59-07
1.0,113.33466941131331,23.14668203455203,2018-09-21-05-59-07
1.0,113.3349189164672,23.146681571692927,2018-09-21-05-59-07
1.0,113.33541792900687,23.146680647799744,2018-09-21-05-59-07
1.0,113.32543810174207,23.14694937407433,2018-09-21-05-59-07
1.0,113.32893094927148,23.146942720168585,2018-09-21-05-59-07
1.0,113.3306774015612,23.146939413789877,2018-09-21-05-59-07
1.0,113.33192488260619,23.14693706370077,2018-09-21-05-59-07
1.0,113.33217438050134,23.146936595004316,2018-09-21-05-59-07
1.0,113.33466939427777,23.146931935875315,2018-09-21-05-59-07
1.0,113.32718450052433,23.147195943034863,2018-09-21-05-59-07
1.0,113.33192486558133,23.147186965057912,2018-09-21-05-59-07
1.0,113.33267336105675,23.147185560388355,2018-09-21-05-59-07
2.0,113.33466937724205,23.147181837232004,2018-09-21-05-59-07
1.0,113.33716446362939,23.147177237297978,2018-09-21-05-59-07
1.0,113.32693499468108,23.147446319915357,2018-09-21-05-59-07
1.0,113.33017837879218,23.147440159426857,2018-09-21-05-59-07
1.0,113.33466936020618,23.147431738622153,2018-09-21-05-59-07
1.0,113.33716444658378,23.147427138687707,2018-09-21-05-59-07
1.0,113.33067735050103,23.14768911796237,2018-09-21-05-59-07
1.0,113.33342182804893,23.147683962977375,2018-09-21-05-59-07
1.0,113.33392083202479,23.147683032126743,2018-09-21-05-59-07
1.0,113.3344198217112,23.147932004954374,2018-09-21-05-59-07
1.0,113.3356673512202,23.147929693740295,2018-09-21-05-59-07
1.0,113.32593699131603,23.148197928222803,2018-09-21-05-59-07
1.0,113.32942984826622,23.148191280882685,2018-09-21-05-59-07
1.0,113.33017832773702,23.148189863800855,2018-09-21-05-59-07
1.0,113.33691488316566,23.148177300039585,2018-09-21-05-59-07
1.0,113.3259369743144,23.1484478297488,2018-09-21-05-59-07
1.0,113.32618646197929,23.148447353494287,2018-09-21-05-59-07
1.0,113.3294298312505,23.1484411824081,2018-09-21-05-59-07
1.0,113.32967932394243,23.148440709697482,2018-09-21-05-59-07
1.0,113.33317227596594,23.14843413367826,2018-09-21-05-59-07
1.0,113.33367127860292,23.1484332017537,2018-09-21-05-59-07
1.0,113.3371643783997,23.148426744582324,2018-09-21-05-59-07
1.0,113.32967930692554,23.148690611256594,2018-09-21-05-59-07
1.0,113.33092677754092,23.14868825313801,2018-09-21-05-59-07
1.0,113.33117627318981,23.148687782687656,2018-09-21-05-59-07
1.0,113.33491878017033,23.148680783217284,2018-09-21-05-59-07
1.0,113.32967928990848,23.148940512849503,2018-09-21-05-59-07
1.0,113.33017827668034,23.148939568477996,2018-09-21-05-59-07
1.0,113.33541777565455,23.148929760915383,2018-09-21-05-59-07
1.0,113.32518846182096,23.14919896420632,2018-09-21-05-59-07
1.0,113.32818232318216,23.149193255495906,2018-09-21-05-59-07
1.0,113.33491874609443,23.149180586435207,2018-09-21-05-59-07
1.0,113.3279328159589,23.149443631683155,2018-09-21-05-59-07
1.0,113.32543791474653,23.149698290864265,2018-09-21-05-59-07
1.0,113.32768330910326,23.149694008163777,2018-09-21-05-59-07
1.0,113.33092670945172,23.14968785971215,2018-09-21-05-59-07
1.0,113.33167519801916,23.149686449632654,2018-09-21-05-59-07
1.0,113.32493892411787,23.14994914611472,2018-09-21-05-59-07
1.0,113.326685336107,23.149945811381638,2018-09-21-05-59-07
1.0,113.33192467829682,23.149935882207135,2018-09-21-05-59-07
1.0,113.32568736789922,23.15019761779381,2018-09-21-05-59-07
1.0,113.33167516396757,23.150186253123373,2018-09-21-05-59-07
1.0,113.33441966838657,23.15018111958979,2018-09-21-05-59-07
1.0,113.33666523537129,23.150176970864337,2018-09-21-05-59-07
1.0,113.32493889012025,23.150448949675884,2018-09-21-05-59-07
1.0,113.32518837682305,23.15044847285359,2018-09-21-05-59-07
1.0,113.33167514694154,23.150436154919905,2018-09-21-05-59-07
1.0,113.33417014764979,23.150431485417386,2018-09-21-05-59-07
1.0,113.33441965134966,23.150431021385863,2018-09-21-05-59-07
1.0,113.33491866090179,23.150430095074388,2018-09-21-05-59-07
1.0,113.32518835982297,23.15069837468539,2018-09-21-05-59-07
1.0,113.33092664135985,23.15068746683062,2018-09-21-05-59-07
1.0,113.3341701306137,23.15068138724769,2018-09-21-05-59-07
1.0,113.3344196343126,23.15068092321613,2018-09-21-05-59-07
1.0,113.33466913872454,23.150680459764338,2018-09-21-05-59-07
1.0,113.33491864386276,23.150679996904568,2018-09-21-05-59-07
1.0,113.33566716376785,23.15067861199975,2018-09-21-05-59-07
1.0,113.333421606629,23.150932684563074,2018-09-21-05-59-07
1.0,113.33417011357744,23.15093128911224,2018-09-21-05-59-07
1.0,113.33566714672573,23.15092851386405,2018-09-21-05-59-07
1.0,113.33591665490073,23.15092805349465,2018-09-21-05-59-07
1.0,113.32818218708658,23.151192469737392,2018-09-21-05-59-07
1.0,113.33017812350134,23.15118868434351,2018-09-21-05-59-07
1.0,113.33142559913054,23.151186330113475,2018-09-21-05-59-07
1.0,113.33417009654103,23.15118119101109,2018-09-21-05-59-07
1.0,113.33491860978421,23.151179800667716,2018-09-21-05-59-07
1.0,113.33516811566004,23.151179338412124,2018-09-21-05-59-07
1.0,113.33566712968343,23.15117841576265,2018-09-21-05-59-07
1.0,113.33666516718758,23.151176578252485,2018-09-21-05-59-07
1.0,113.33042760057933,23.151438114640868,2018-09-21-05-59-07
1.0,113.33342157256189,23.151432488395386,2018-09-21-05-59-07
1.0,113.33417007950443,23.1514310929443,2018-09-21-05-59-07
1.0,113.33441958320039,23.151430628912614,2018-09-21-05-59-07
1.0,113.33516809861953,23.15142924034517,2018-09-21-05-59-07
1.0,113.33541760524723,23.15142877870603,2018-09-21-05-59-07
1.0,113.32843164364306,23.151691799385194,2018-09-21-05-59-07
1.0,113.32942959301293,23.151939807332127,2018-09-21-05-59-07
1.0,113.328930591966,23.152190655780128,2018-09-21-05-59-07
1.0,113.33017805541745,23.152188292285718,2018-09-21-05-59-07
1.0,113.3339205254004,23.152181263549963,2018-09-21-05-59-07
1.0,113.33167501072724,23.152435370527684,2018-09-21-05-59-07
1.0,113.33317200345289,23.152432562701716,2018-09-21-05-59-07
1.0,113.33716410563665,23.15242517359508,2018-09-21-05-59-07
1.0,113.32868106655651,23.152690933633632,2018-09-21-05-59-07
1.0,113.33217398886445,23.152684334782233,2018-09-21-05-59-07
1.0,113.33491850754453,23.152679212783546,2018-09-21-05-59-07
1.0,113.33766311570206,23.152674163890335,2018-09-21-05-59-07
1.0,113.3299285107464,23.1529384706126,2018-09-21-05-59-07
1.0,113.33167497667199,23.15293517477489,2018-09-21-05-59-07
1.0,113.33217397183476,23.152934236923098,2018-09-21-05-59-07
1.0,113.33591651854995,23.152927269648277,2018-09-21-05-59-07
1.0,113.32868103252493,23.153190737951274,2018-09-21-05-59-07
1.0,113.33167495964412,23.153185076950585,2018-09-21-05-59-07
1.0,113.32718407532431,23.15344348800331,2018-09-21-05-59-07
1.0,113.33067695898997,23.153436860101177,2018-09-21-05-59-07
1.0,113.33217393777488,23.153434041309136,2018-09-21-05-59-07
1.0,113.32693456950214,23.15369386573956,2018-09-21-05-59-07
1.0,113.33017795328662,23.1536877052376,2018-09-21-05-59-07
1.0,113.32468916563462,23.153948055392217,2018-09-21-05-59-07
1.0,113.3291799646388,23.15393949764784,2018-09-21-05-59-07
1.0,113.33067692494136,23.153936664627157,2018-09-21-05-59-07
1.0,113.33442009425494,23.143933585634848,2018-09-21-05-59-07
1.0,113.33841225983033,23.143926248305227,2018-09-21-05-59-07
1.0,113.34165606604188,23.143920430421417,2018-09-21-05-59-07
1.0,113.3421551288365,23.14391954866468,2018-09-21-05-59-07
1.0,113.33691515586787,23.144178880195497,2018-09-21-05-59-07
1.0,113.33541808234568,23.144431537385014,2018-09-21-05-59-07
1.0,113.3386617433763,23.144425597741243,2018-09-21-05-59-07
1.0,113.340408393848,23.1444224528412,2018-09-21-05-59-07
1.0,113.34440093414014,23.144415431320446,2018-09-21-05-59-07
1.0,113.3349190527534,23.144682362302625,2018-09-21-05-59-07
1.0,113.33591708092811,23.144680517032466,2018-09-21-05-59-07
1.0,113.33766366125242,23.144677313424157,2018-09-21-05-59-07
1.0,113.34415137458963,23.144665763735375,2018-09-21-05-59-07
1.0,113.34440091706917,23.14466533234402,2018-09-21-05-59-07
1.0,113.334420026123,23.144933189670333,2018-09-21-05-59-07
1.0,113.33965978934278,23.144923597751774,2018-09-21-05-59-07
1.0,113.33491901868285,23.145182164451715,2018-09-21-05-59-07
1.0,113.33591704684976,23.145180319181218,2018-09-21-05-59-07
1.0,113.33491900164734,23.14543206557574,2018-09-21-05-59-07
1.0,113.33591702981033,23.145430220305077,2018-09-21-05-59-07
1.0,113.33616653879923,23.145429760589735,2018-09-21-05-59-07
1.0,113.33691507065302,23.145428385484458,2018-09-21-05-59-07
1.0,113.34015878409295,23.14567240504687,2018-09-21-05-59-07
1.0,113.3404083085655,23.14567195829196,2018-09-21-05-59-07
1.0,113.34115688820593,23.145670623300735,2018-09-21-05-59-07
1.0,113.34614768137621,23.14566194737919,2018-09-21-05-59-07
1.0,113.33516847347214,23.145931405668318,2018-09-21-05-59-07
1.0,113.33516845643514,23.14618130689166,2018-09-21-05-59-07
1.0,113.340408257394,23.146421661959387,2018-09-21-05-59-07
1.0,113.3441512550945,23.146415071824844,2018-09-21-05-59-07
1.0,113.33466941131331,23.14668203455203,2018-09-21-05-59-07
1.0,113.3349189164672,23.146681571692927,2018-09-21-05-59-07
1.0,113.33541792900687,23.146680647799744,2018-09-21-05-59-07
1.0,113.33816255558065,23.146675613955875,2018-09-21-05-59-07
1.0,113.33891110849581,23.146674256422678,2018-09-21-05-59-07
1.0,113.3404082403365,23.146671563248365,2018-09-21-05-59-07
1.0,113.33466939427777,23.146931935875315,2018-09-21-05-59-07
1.0,113.34040822327883,23.14692146457069,2018-09-21-05-59-07
2.0,113.33466937724205,23.147181837232004,2018-09-21-05-59-07
1.0,113.33716446362939,23.147177237297978,2018-09-21-05-59-07
1.0,113.34614757890503,23.147161355007754,2018-09-21-05-59-07
1.0,113.34664668563332,23.147160511001562,2018-09-21-05-59-07
1.0,113.33466936020618,23.147431738622153,2018-09-21-05-59-07
1.0,113.33716444658378,23.147427138687707,2018-09-21-05-59-07
1.0,113.33916057685803,23.14742350956093,2018-09-21-05-59-07
1.0,113.34040818916299,23.14742126731559,2018-09-21-05-59-07
1.0,113.3344198217112,23.147932004954374,2018-09-21-05-59-07
1.0,113.3356673512202,23.147929693740295,2018-09-21-05-59-07
1.0,113.33691488316566,23.148177300039585,2018-09-21-05-59-07
1.0,113.3396595676321,23.148172314515264,2018-09-21-05-59-07
1.0,113.3371643783997,23.148426744582324,2018-09-21-05-59-07
1.0,113.33491878017033,23.148680783217284,2018-09-21-05-59-07
1.0,113.33541777565455,23.148929760915383,2018-09-21-05-59-07
1.0,113.33491874609443,23.149180586435207,2018-09-21-05-59-07
1.0,113.34065759524016,23.149170132096838,2018-09-21-05-59-07
1.0,113.3471456610853,23.14915888370231,2018-09-21-05-59-07
1.0,113.33990898773402,23.14967127570322,2018-09-21-05-59-07
1.0,113.34589783966106,23.149910695853144,2018-09-21-05-59-07
1.0,113.33441966838657,23.15018111958979,2018-09-21-05-59-07
1.0,113.33666523537129,23.150176970864337,2018-09-21-05-59-07
1.0,113.34664648065154,23.150159329883248,2018-09-21-05-59-07
1.0,113.33441965134966,23.150431021385863,2018-09-21-05-59-07
1.0,113.33491866090179,23.150430095074388,2018-09-21-05-59-07
1.0,113.3344196343126,23.15068092321613,2018-09-21-05-59-07
1.0,113.33466913872454,23.150680459764338,2018-09-21-05-59-07
1.0,113.33491864386276,23.150679996904568,2018-09-21-05-59-07
1.0,113.33566716376785,23.15067861199975,2018-09-21-05-59-07
1.0,113.33566714672573,23.15092851386405,2018-09-21-05-59-07
1.0,113.33591665490073,23.15092805349465,2018-09-21-05-59-07
1.0,113.34215465102679,23.15091678807394,2018-09-21-05-59-07
1.0,113.34290325356527,23.15091547262327,2018-09-21-05-59-07
1.0,113.3446500339313,23.150912438438475,2018-09-21-05-59-07
1.0,113.33491860978421,23.151179800667716,2018-09-21-05-59-07
1.0,113.33516811566004,23.151179338412124,2018-09-21-05-59-07
1.0,113.33566712968343,23.15117841576265,2018-09-21-05-59-07
1.0,113.33666516718758,23.151176578252485,2018-09-21-05-59-07
1.0,113.33940984150678,23.1511715843355,2018-09-21-05-59-07
1.0,113.34190510203634,23.151167130379765,2018-09-21-05-59-07
1.0,113.33441958320039,23.151430628912614,2018-09-21-05-59-07
1.0,113.33516809861953,23.15142924034517,2018-09-21-05-59-07
1.0,113.33541760524723,23.15142877870603,2018-09-21-05-59-07
1.0,113.33990881714864,23.152170294512825,2018-09-21-05-59-07
1.0,113.33716410563665,23.15242517359508,2018-09-21-05-59-07
1.0,113.33491850754453,23.152679212783546,2018-09-21-05-59-07
1.0,113.33766311570206,23.152674163890335,2018-09-21-05-59-07
1.0,113.33591651854995,23.152927269648277,2018-09-21-05-59-07
1.0,113.34714540480769,23.152907412159898,2018-09-21-05-59-07
1.0,113.3471453706345,23.153407216540863,2018-09-21-05-59-07
1.0,113.34764515452311,23.143660221120978,2018-09-21-05-59-07
1.0,113.35313583892773,23.14365138032677,2018-09-21-05-59-07
1.0,113.35363503007206,23.143650609827006,2018-09-21-05-59-07
1.0,113.34789469834583,23.143909706561534,2018-09-21-05-59-07
1.0,113.35313582182704,23.14390128125049,2018-09-21-05-59-07
1.0,113.35488302056055,23.143898610574148,2018-09-21-05-59-07
1.0,113.35563184597062,23.143897488777558,2018-09-21-05-59-07
1.0,113.35588145798603,23.143897117961014,2018-09-21-05-59-07
1.0,113.35338539945892,23.144150796222835,2018-09-21-05-59-07
1.0,113.35513261016214,23.144148136050845,2018-09-21-05-59-07
1.0,113.3558814408764,23.14414701891696,2018-09-21-05-59-07
1.0,113.34440093414014,23.144415431320446,2018-09-21-05-59-07
1.0,113.35238701336507,23.14440224984896,2018-09-21-05-59-07
1.0,113.34415137458963,23.144665763735375,2018-09-21-05-59-07
1.0,113.34440091706917,23.14466533234402,2018-09-21-05-59-07
1.0,113.34839377314148,23.144658582243043,2018-09-21-05-59-07
1.0,113.35613102046158,23.144646451686086,2018-09-21-05-59-07
1.0,113.34814419232323,23.14490889632627,2018-09-21-05-59-07
1.0,113.34989116900472,23.144906031687267,2018-09-21-05-59-07
1.0,113.35213739102143,23.14490244367425,2018-09-21-05-59-07
1.0,113.35388454265214,23.14489973173604,2018-09-21-05-59-07
1.0,113.3566302021549,23.145395421234362,2018-09-21-05-59-07
1.0,113.34614768137621,23.14566194737919,2018-09-21-05-59-07
1.0,113.34964151103067,23.146155942844644,2018-09-21-05-59-07
1.0,113.3441512550945,23.146415071824844,2018-09-21-05-59-07
1.0,113.35413402270773,23.14664865849819,2018-09-21-05-59-07
1.0,113.35613086645739,23.146895562366705,2018-09-21-05-59-07
1.0,113.34614757890503,23.147161355007754,2018-09-21-05-59-07
1.0,113.34664668563332,23.147160511001562,2018-09-21-05-59-07
1.0,113.35113890062117,23.1471531356785,2018-09-21-05-59-07
1.0,113.35687966737214,23.14764416835951,2018-09-21-05-59-07
1.0,113.3471456610853,23.14915888370231,2018-09-21-05-59-07
1.0,113.34989084425285,23.149654158066795,2018-09-21-05-59-07
1.0,113.34589783966106,23.149910695853144,2018-09-21-05-59-07
1.0,113.35413380031746,23.149897378278876,2018-09-21-05-59-07
1.0,113.34664648065154,23.150159329883248,2018-09-21-05-59-07
1.0,113.3446500339313,23.150912438438475,2018-09-21-05-59-07
1.0,113.34864291110352,23.150905706869096,2018-09-21-05-59-07
1.0,113.34814376515644,23.15115643357704,2018-09-21-05-59-07
1.0,113.35138820878954,23.151151164592015,2018-09-21-05-59-07
1.0,113.35238655164024,23.151149589158425,2018-09-21-05-59-07
1.0,113.35488252440445,23.151145751816696,2018-09-21-05-59-07
1.0,113.34789416869124,23.151656651735873,2018-09-21-05-59-07
1.0,113.34864282564976,23.15215521669518,2018-09-21-05-59-07
1.0,113.34714540480769,23.152907412159898,2018-09-21-05-59-07
1.0,113.3471453706345,23.153407216540863,2018-09-21-05-59-07
1.0,113.34914187481976,23.15340390760103,2018-09-21-05-59-07
1.0,113.34914185772594,23.153653809843433,2018-09-21-05-59-07
1.0,113.3299285107464,23.1529384706126,2018-09-21-05-59-07
1.0,113.33167497667199,23.15293517477489,2018-09-21-05-59-07
1.0,113.33217397183476,23.152934236923098,2018-09-21-05-59-07
1.0,113.33591651854995,23.152927269648277,2018-09-21-05-59-07
1.0,113.32868103252493,23.153190737951274,2018-09-21-05-59-07
1.0,113.33167495964412,23.153185076950585,2018-09-21-05-59-07
1.0,113.32718407532431,23.15344348800331,2018-09-21-05-59-07
1.0,113.33067695898997,23.153436860101177,2018-09-21-05-59-07
1.0,113.33217393777488,23.153434041309136,2018-09-21-05-59-07
1.0,113.32693456950214,23.15369386573956,2018-09-21-05-59-07
1.0,113.33017795328662,23.1536877052376,2018-09-21-05-59-07
1.0,113.3291799646388,23.15393949764784,2018-09-21-05-59-07
1.0,113.33067692494136,23.153936664627157,2018-09-21-05-59-07
1.0,113.32942943984297,23.15418892691845,2018-09-21-05-59-07
1.0,113.33017791924168,23.154187509833637,2018-09-21-05-59-07
1.0,113.33117589864426,23.15418562563247,2018-09-21-05-59-07
1.0,113.3334213851809,23.154181411945697,2018-09-21-05-59-07
1.0,113.33716398628937,23.154174489062967,2018-09-21-05-59-07
1.0,113.32992840861857,23.154437884191736,2018-09-21-05-59-07
1.0,113.33042739630568,23.154436940547157,2018-09-21-05-59-07
1.0,113.33267286717692,23.15443271452452,2018-09-21-05-59-07
1.0,113.33716396923909,23.154424391412334,2018-09-21-05-59-07
1.0,113.32843143946364,23.154690625712796,2018-09-21-05-59-07
1.0,113.32893042179472,23.154689678066276,2018-09-21-05-59-07
1.0,113.33691443993344,23.15467475077926,2018-09-21-05-59-07
1.0,113.32593653221396,23.154945281431505,2018-09-21-05-59-07
1.0,113.32618601985253,23.15494480517592,2018-09-21-05-59-07
1.0,113.33217383559123,23.154933455305713,2018-09-21-05-59-07
1.0,113.33516786003491,23.154927871046684,2018-09-21-05-59-07
1.0,113.33566687402904,23.154926948395957,2018-09-21-05-59-07
1.0,113.33741344825077,23.154923739947883,2018-09-21-05-59-07
1.0,113.32568702782888,23.155195660304198,2018-09-21-05-59-07
1.0,113.32917987954438,23.15518900957705,2018-09-21-05-59-07
1.0,113.33217381856005,23.155183357761338,2018-09-21-05-59-07
1.0,113.33741343119902,23.15517364240263,2018-09-21-05-59-07
1.0,113.33167480638578,23.155434198104835,2018-09-21-05-59-07
1.0,113.33516782594873,23.155427675992186,2018-09-21-05-59-07
1.0,113.32917984550546,23.15568881459511,2018-09-21-05-59-07
1.0,113.32967883038503,23.155687868837983,2018-09-21-05-59-07
1.0,113.33167478935624,23.155684100631106,2018-09-21-05-59-07
1.0,113.33217378449717,23.155683162778402,2018-09-21-05-59-07
1.0,113.32518800278292,23.155946321150115,2018-09-21-05-59-07
1.0,113.32693439940145,23.156192890130765,2018-09-21-05-59-07
1.0,113.33167475529667,23.156183905789792,2018-09-21-05-59-07
1.0,113.33491826896191,23.15617784593182,2018-09-21-05-59-07
1.0,113.3351677748182,23.15617738367539,2018-09-21-05-59-07
1.0,113.32668489390174,23.15644326846453,2018-09-21-05-59-07
1.0,113.33167473826663,23.15643380842232,2018-09-21-05-59-07
1.0,113.33192423554416,23.156433339267398,2018-09-21-05-59-07
1.0,113.33466874680335,23.156428211424537,2018-09-21-05-59-07
1.0,113.3256869257948,23.156695075786665,2018-09-21-05-59-07
1.0,113.32718385417921,23.156692219942297,2018-09-21-05-59-07
1.0,113.3276828327692,23.156691269640078,2018-09-21-05-59-07
1.0,113.32518793476697,23.156945931755708,2018-09-21-05-59-07
1.0,113.32743332629137,23.15694164737824,2018-09-21-05-59-07
1.0,113.33666477507947,23.15692433151246,2018-09-21-05-59-07
1.0,113.32593637915298,23.157194404815225,2018-09-21-05-59-07
1.0,113.32643535468395,23.157193452476072,2018-09-21-05-59-07
1.0,113.33766280875483,23.15717240777167,2018-09-21-05-59-07
1.0,113.32793227153954,23.157440503073005,2018-09-21-05-59-07
1.0,113.33516768959731,23.157426897190984,2018-09-21-05-59-07
1.0,113.33691425237815,23.15742367934027,2018-09-21-05-59-07
1.0,113.3309261646421,23.157684732202522,2018-09-21-05-59-07
1.0,113.32693428032105,23.157942209312072,2018-09-21-05-59-07
1.0,113.32593629411328,23.158443919053006,2018-09-21-05-59-07
1.0,113.32868067515312,23.15843869177747,2018-09-21-05-59-07
1.0,113.32967864313696,23.158436798976858,2018-09-21-05-59-07
1.0,113.33167460202033,23.15843303076633,2018-09-21-05-59-07
1.0,113.3311755921379,23.158683873352604,2018-09-21-05-59-07
1.0,113.33242307854763,23.158681527637736,2018-09-21-05-59-07
1.0,113.32518779872709,23.158945154681273,2018-09-21-05-59-07
1.0,113.33117557510819,23.15893377634303,2018-09-21-05-59-07
1.0,113.33217356307217,23.158931898857194,2018-09-21-05-59-07
1.0,113.32518778172135,23.159195057708775,2018-09-21-05-59-07
1.0,113.3254372686071,23.15919458100836,2018-09-21-05-59-07
1.0,113.33142503719411,23.159433112399956,2018-09-21-05-59-07
1.0,113.33167451686097,23.159682545898736,2018-09-21-05-59-07
1.0,113.33217349493574,23.159931511179632,2018-09-21-05-59-07
1.0,113.33242299337255,23.15993104295022,2018-09-21-05-59-07
1.0,113.3339199971984,23.15992824411603,2018-09-21-05-59-07
1.0,113.33267247537944,23.160180478373483,2018-09-21-05-59-07
1.0,113.33292195800412,23.160429914326848,2018-09-21-05-59-07
1.0,113.32518767968347,23.1606944766347,2018-09-21-05-59-07
1.0,113.32768256051972,23.160689717217178,2018-09-21-05-59-07
1.0,113.32493814200406,23.161444663413423,2018-09-21-05-59-07
1.0,113.32892996224909,23.16143705594919,2018-09-21-05-59-07
1.0,113.32942894620354,23.161436109535533,2018-09-21-05-59-07
1.0,113.32967843884335,23.161435636822763,2018-09-21-05-59-07
1.0,113.33267237315688,23.161679898165996,2018-09-21-05-59-07
1.0,113.3266845196402,23.161941135486053,2018-09-21-05-59-07
1.0,113.32568650058833,23.162942654222906,2018-09-21-05-59-07
1.0,113.33591651854995,23.152927269648277,2018-09-21-05-59-07
1.0,113.34714540480769,23.152907412159898,2018-09-21-05-59-07
1.0,113.3471453706345,23.153407216540863,2018-09-21-05-59-07
1.0,113.33716398628937,23.154174489062967,2018-09-21-05-59-07
1.0,113.33716396923909,23.154424391412334,2018-09-21-05-59-07
1.0,113.33691443993344,23.15467475077926,2018-09-21-05-59-07
1.0,113.33516786003491,23.154927871046684,2018-09-21-05-59-07
1.0,113.33566687402904,23.154926948395957,2018-09-21-05-59-07
1.0,113.33741344825077,23.154923739947883,2018-09-21-05-59-07
1.0,113.33741343119902,23.15517364240263,2018-09-21-05-59-07
1.0,113.34714525102304,23.15515653297532,2018-09-21-05-59-07
1.0,113.33516782594873,23.155427675992186,2018-09-21-05-59-07
1.0,113.33791244299695,23.15542263454608,2018-09-21-05-59-07
1.0,113.347394757839,23.155905822649043,2018-09-21-05-59-07
1.0,113.33491826896191,23.15617784593182,2018-09-21-05-59-07
1.0,113.3351677748182,23.15617738367539,2018-09-21-05-59-07
1.0,113.33466874680335,23.156428211424537,2018-09-21-05-59-07
1.0,113.346895608875,23.156406464856364,2018-09-21-05-59-07
1.0,113.34714516558127,23.15640604577067,2018-09-21-05-59-07
1.0,113.34489918605246,23.15665976160249,2018-09-21-05-59-07
1.0,113.33666477507947,23.15692433151246,2018-09-21-05-59-07
1.0,113.34040754083507,23.15691754545197,2018-09-21-05-59-07
1.0,113.34464962405559,23.156910093564377,2018-09-21-05-59-07
1.0,113.34489916897147,23.156909664303903,2018-09-21-05-59-07
1.0,113.33766280875483,23.15717240777167,2018-09-21-05-59-07
1.0,113.34514869806476,23.157159138864472,2018-09-21-05-59-07
1.0,113.33516768959731,23.157426897190984,2018-09-21-05-59-07
1.0,113.33691425237815,23.15742367934027,2018-09-21-05-59-07
1.0,113.34365142257981,23.15741162672277,2018-09-21-05-59-07
1.0,113.3456477771586,23.15740818858287,2018-09-21-05-59-07
1.0,113.33915987753018,23.157669496026582,2018-09-21-05-59-07
1.0,113.3453982113449,23.157658517364773,2018-09-21-05-59-07
1.0,113.34040742137992,23.15866686536833,2018-09-21-05-59-07
1.0,113.34365133719345,23.15866114112502,2018-09-21-05-59-07
1.0,113.34090645625808,23.15891587746768,2018-09-21-05-59-07
1.0,113.34065691269859,23.1591662254959,2018-09-21-05-59-07
1.0,113.34639629448455,23.15940614089448,2018-09-21-05-59-07
1.0,113.34714494341304,23.159654783213043,2018-09-21-05-59-07
1.0,113.33940917616417,23.160917785707515,2018-09-21-05-59-07
1.0,113.34365114932874,23.161410075990435,2018-09-21-05-59-07
1.0,113.34390068931712,23.161409642510144,2018-09-21-05-59-07
1.0,113.33891005095698,23.162168203706567,2018-09-21-05-59-07
1.0,113.34115576189947,23.16216417551695,2018-09-21-05-59-07
1.0,113.34090620022445,23.162664426660857,2018-09-21-05-59-07
1.0,113.34365106392899,23.16265959329951,2018-09-21-05-59-07
1.0,113.34714540480769,23.152907412159898,2018-09-21-05-59-07
1.0,113.3471453706345,23.153407216540863,2018-09-21-05-59-07
1.0,113.34914187481976,23.15340390760103,2018-09-21-05-59-07
1.0,113.34914185772594,23.153653809843433,2018-09-21-05-59-07
1.0,113.34914182353779,23.154153614433042,2018-09-21-05-59-07
1.0,113.34964094694978,23.154402702113476,2018-09-21-05-59-07
1.0,113.35513190861951,23.15439410412117,2018-09-21-05-59-07
1.0,113.34714525102304,23.15515653297532,2018-09-21-05-59-07
1.0,113.34814349171477,23.15515486863139,2018-09-21-05-59-07
1.0,113.347394757839,23.155905822649043,2018-09-21-05-59-07
1.0,113.346895608875,23.156406464856364,2018-09-21-05-59-07
1.0,113.34714516558127,23.15640604577067,2018-09-21-05-59-07
1.0,113.34489918605246,23.15665976160249,2018-09-21-05-59-07
1.0,113.34464962405559,23.156910093564377,2018-09-21-05-59-07
1.0,113.34489916897147,23.156909664303903,2018-09-21-05-59-07
1.0,113.34514869806476,23.157159138864472,2018-09-21-05-59-07
1.0,113.3456477771586,23.15740818858287,2018-09-21-05-59-07
1.0,113.3453982113449,23.157658517364773,2018-09-21-05-59-07
1.0,113.35138767861318,23.15889814068403,2018-09-21-05-59-07
1.0,113.34639629448455,23.15940614089448,2018-09-21-05-59-07
1.0,113.34714494341304,23.159654783213043,2018-09-21-05-59-07
1.0,113.35388339631595,23.161643180285786,2018-09-21-05-59-07
1.0,113.35063873294796,23.161898175471784,2018-09-21-05-59-07
1.0,113.3266845196402,23.161941135486053,2018-09-21-05-59-07
1.0,113.32568650058833,23.162942654222906,2018-09-21-05-59-07
1.0,113.32518750960699,23.1631935111017,2018-09-21-05-59-07
1.0,113.3271834118046,23.163189701984415,2018-09-21-05-59-07
1.0,113.32743290090386,23.163189226714934,2018-09-21-05-59-07
1.0,113.32618544151707,23.16344150881019,2018-09-21-05-59-07
1.0,113.32643491237948,23.16369093641227,2018-09-21-05-59-07
1.0,113.3271833777711,23.163689509319692,2018-09-21-05-59-07
1.0,113.32793184609329,23.16368808422714,2018-09-21-05-59-07
1.0,113.33391974155923,23.163676795523553,2018-09-21-05-59-07
1.0,113.32518745858081,23.163943222161286,2018-09-21-05-59-07
1.0,113.32643489536552,23.16394084013571,2018-09-21-05-59-07
1.0,113.32768233928562,23.16393846273839,2018-09-21-05-59-07
1.0,113.32493795492468,23.16419360274669,2018-09-21-05-59-07
1.0,113.32718334373698,23.164189316803515,2018-09-21-05-59-07
1.0,113.33766233117383,23.164169699139514,2018-09-21-05-59-07
1.0,113.32718332671965,23.164439220601267,2018-09-21-05-59-07
1.0,113.32793177801224,23.164687699343272,2018-09-21-05-59-07
1.0,113.33791181188764,23.16466905196314,2018-09-21-05-59-07
1.0,113.33367015408125,23.164926779663688,2018-09-21-05-59-07
1.0,113.33541668475931,23.164923535655983,2018-09-21-05-59-07
1.0,113.3356661921004,23.164923074643305,2018-09-21-05-59-07
1.0,113.32768225418808,23.165187981913512,2018-09-21-05-59-07
1.0,113.33466815023218,23.16517482632599,2018-09-21-05-59-07
1.0,113.3349176553136,23.165174363463798,2018-09-21-05-59-07
1.0,113.32518735652394,23.16544264528609,2018-09-21-05-59-07
1.0,113.32643479327828,23.165440263259274,2018-09-21-05-59-07
1.0,113.3279317269497,23.165437411072407,2018-09-21-05-59-07
1.0,113.33466813318428,23.16542473027203,2018-09-21-05-59-07
1.0,113.33541665065782,23.165423343510344,2018-09-21-05-59-07
1.0,113.33466811613623,23.165674634255584,2018-09-21-05-59-07
1.0,113.3351671270348,23.165673709135294,2018-09-21-05-59-07
1.0,113.33142459432845,23.16593060489456,2018-09-21-05-59-07
1.0,113.33441859473588,23.165925001731058,2018-09-21-05-59-07
1.0,113.3259357667743,23.166190927668964,2018-09-21-05-59-07
1.0,113.33741268075696,23.166169386099263,2018-09-21-05-59-07
1.0,113.33491757006756,23.166423883569525,2018-09-21-05-59-07
1.0,113.33766217763782,23.16641883465098,2018-09-21-05-59-07
1.0,113.3346680479423,23.166674250566114,2018-09-21-05-59-07
1.0,113.32493776782518,23.166942546586636,2018-09-21-05-59-07
1.0,113.33491753596797,23.166923691875613,2018-09-21-05-59-07
1.0,113.33541649719284,23.167672480718537,2018-09-21-05-59-07
1.0,113.33591547852392,23.16817136801825,2018-09-21-05-59-07
1.0,113.32593559663081,23.168689970352787,2018-09-21-05-59-07
1.0,113.33441840720513,23.168673948459578,2018-09-21-05-59-07
1.0,113.32618506719747,23.16893939857264,2018-09-21-05-59-07
1.0,113.32643455505142,23.168938922487502,2018-09-21-05-59-07
1.0,113.33741249309591,23.1689183332398,2018-09-21-05-59-07
1.0,113.32593551155284,23.169939493124957,2018-09-21-05-59-07
1.0,113.33566585103591,23.16992115999224,2018-09-21-05-59-07
1.0,113.33541632666034,23.170171525673897,2018-09-21-05-59-07
1.0,113.33292125931627,23.17067597782207,2018-09-21-05-59-07
1.0,113.33292122522676,23.1711757874296,2018-09-21-05-59-07
1.0,113.33267170856394,23.17142615954749,2018-09-21-05-59-07
1.0,113.3374123224774,23.171417380112914,2018-09-21-05-59-07
1.0,113.32942824806042,23.171682179230093,2018-09-21-05-59-07
1.0,113.32718281612256,23.171936352124746,2018-09-21-05-59-07
1.0,113.32967772362673,23.17193161145578,2018-09-21-05-59-07
1.0,113.33891005095698,23.162168203706567,2018-09-21-05-59-07
1.0,113.34115576189947,23.16216417551695,2018-09-21-05-59-07
1.0,113.34090620022445,23.162664426660857,2018-09-21-05-59-07
1.0,113.34365106392899,23.16265959329951,2018-09-21-05-59-07
1.0,113.34015760683299,23.16291566788237,2018-09-21-05-59-07
1.0,113.34040711417191,23.16316512473441,2018-09-21-05-59-07
1.0,113.34215379746914,23.163411926131683,2018-09-21-05-59-07
1.0,113.34340147390205,23.163409738633526,2018-09-21-05-59-07
1.0,113.34015755562972,23.163665378823215,2018-09-21-05-59-07
1.0,113.34240331338977,23.163661390359366,2018-09-21-05-59-07
1.0,113.34265284751778,23.16366095186969,2018-09-21-05-59-07
1.0,113.34265283044034,23.163910855590416,2018-09-21-05-59-07
1.0,113.34539778420822,23.163906099357263,2018-09-21-05-59-07
1.0,113.33766233117383,23.164169699139514,2018-09-21-05-59-07
1.0,113.33791181188764,23.16466905196314,2018-09-21-05-59-07
1.0,113.34315185090296,23.16465969294259,2018-09-21-05-59-07
1.0,113.33541668475931,23.164923535655983,2018-09-21-05-59-07
1.0,113.3356661921004,23.164923074643305,2018-09-21-05-59-07
1.0,113.33841082719624,23.16491804848566,2018-09-21-05-59-07
1.0,113.3349176553136,23.165174363463798,2018-09-21-05-59-07
1.0,113.33541665065782,23.165423343510344,2018-09-21-05-59-07
1.0,113.3351671270348,23.165673709135294,2018-09-21-05-59-07
1.0,113.33841077600894,23.165667760321945,2018-09-21-05-59-07
1.0,113.34115552289235,23.165662827877128,2018-09-21-05-59-07
1.0,113.33741268075696,23.166169386099263,2018-09-21-05-59-07
1.0,113.34190407776272,23.166161309114468,2018-09-21-05-59-07
1.0,113.33491757006756,23.166423883569525,2018-09-21-05-59-07
1.0,113.33766217763782,23.16641883465098,2018-09-21-05-59-07
1.0,113.34115545459858,23.166662444183284,2018-09-21-05-59-07
1.0,113.33491753596797,23.166923691875613,2018-09-21-05-59-07
1.0,113.33541649719284,23.167672480718537,2018-09-21-05-59-07
1.0,113.33591547852392,23.16817136801825,2018-09-21-05-59-07
1.0,113.3473939202612,23.168151092513973,2018-09-21-05-59-07
1.0,113.33741249309591,23.1689183332398,2018-09-21-05-59-07
1.0,113.34240295474785,23.168909376378434,2018-09-21-05-59-07
1.0,113.34265248885643,23.168908937887867,2018-09-21-05-59-07
1.0,113.34714431093316,23.16890122372128,2018-09-21-05-59-07
1.0,113.34040670447698,23.169162822605077,2018-09-21-05-59-07
1.0,113.34015716302135,23.16941317391596,2018-09-21-05-59-07
1.0,113.34065619574204,23.169662185859355,2018-09-21-05-59-07
1.0,113.34539739115004,23.169653895298698,2018-09-21-05-59-07
1.0,113.33566585103591,23.16992115999224,2018-09-21-05-59-07
1.0,113.34015712887731,23.169912983135205,2018-09-21-05-59-07
1.0,113.33541632666034,23.170171525673897,2018-09-21-05-59-07
1.0,113.33841045178775,23.170415943199217,2018-09-21-05-59-07
1.0,113.34365050018575,23.17090643100664,2018-09-21-05-59-07
1.0,113.34489821216914,23.17090427408604,2018-09-21-05-59-07
1.0,113.3404065678906,23.171162060098865,2018-09-21-05-59-07
1.0,113.34365048309976,23.171156335827956,2018-09-21-05-59-07
1.0,113.34414956421398,23.171155469901205,2018-09-21-05-59-07
1.0,113.34489819507861,23.17115417890714,2018-09-21-05-59-07
1.0,113.3374123224774,23.171417380112914,2018-09-21-05-59-07
1.0,113.3416541883829,23.171409744466487,2018-09-21-05-59-07
1.0,113.34564680309259,23.171652707427548,2018-09-21-05-59-07
1.0,113.35388339631595,23.161643180285786,2018-09-21-05-59-07
1.0,113.35063873294796,23.161898175471784,2018-09-21-05-59-07
1.0,113.35138740491071,23.162896593421095,2018-09-21-05-59-07
1.0,113.35013946070471,23.163648304633583,2018-09-21-05-59-07
1.0,113.34539778420822,23.163906099357263,2018-09-21-05-59-07
1.0,113.35063856189403,23.16439721174013,2018-09-21-05-59-07
1.0,113.35363361000911,23.16439250301199,2018-09-21-05-59-07
1.0,113.35338399655093,23.164642791362024,2018-09-21-05-59-07
1.0,113.35088808913385,23.165146523278587,2018-09-21-05-59-07
1.0,113.3518864190573,23.165144936703655,2018-09-21-05-59-07
1.0,113.35238559359901,23.165144151786937,2018-09-21-05-59-07
1.0,113.35288477465478,23.165143372568284,2018-09-21-05-59-07
1.0,113.35288475754048,23.165393276511203,2018-09-21-05-59-07
1.0,113.35238555937353,23.16564395971046,2018-09-21-05-59-07
1.0,113.35388305398007,23.166641255795618,2018-09-21-05-59-07
1.0,113.3473939202612,23.168151092513973,2018-09-21-05-59-07
1.0,113.35637900971088,23.168386839080558,2018-09-21-05-59-07
1.0,113.34714431093316,23.16890122372128,2018-09-21-05-59-07
1.0,113.35587974619284,23.16888738489239,2018-09-21-05-59-07
1.0,113.34939036704232,23.16914741129064,2018-09-21-05-59-07
1.0,113.35088781539115,23.16914499090394,2018-09-21-05-59-07
1.0,113.34539739115004,23.169653895298698,2018-09-21-05-59-07
1.0,113.34939029862035,23.1701470297229,2018-09-21-05-59-07
1.0,113.35138689160286,23.170393717989157,2018-09-21-05-59-07
1.0,113.35163647485054,23.17039332202915,2018-09-21-05-59-07
1.0,113.35238523419793,23.170392142542035,2018-09-21-05-59-07
1.0,113.35413239689458,23.170389440773327,2018-09-21-05-59-07
1.0,113.35538042134735,23.17038755574164,2018-09-21-05-59-07
1.0,113.35712773020646,23.170384982271127,2018-09-21-05-59-07
1.0,113.35088771272656,23.17064441878189,2018-09-21-05-59-07
1.0,113.35188604257642,23.1706428322031,2018-09-21-05-59-07
1.0,113.35463158433721,23.170638586925286,2018-09-21-05-59-07
1.0,113.34489821216914,23.17090427408604,2018-09-21-05-59-07
1.0,113.35113727571172,23.170893924853473,2018-09-21-05-59-07
1.0,113.35587960917687,23.170886622056422,2018-09-21-05-59-07
1.0,113.34489819507861,23.17115417890714,2018-09-21-05-59-07
1.0,113.3496398011332,23.17114624208116,2018-09-21-05-59-07
1.0,113.35238518284888,23.171141856885324,2018-09-21-05-59-07
1.0,113.35038850586025,23.17139493472513,2018-09-21-05-59-07
1.0,113.35662842150872,23.171385328764423,2018-09-21-05-59-07
1.0,113.34564680309259,23.171652707427548,2018-09-21-05-59-07
1.0,113.35013891328981,23.171645242373746,2018-09-21-05-59-07
1.0,113.33292122522676,23.1711757874296,2018-09-21-05-59-07
1.0,113.33267170856394,23.17142615954749,2018-09-21-05-59-07
1.0,113.3374123224774,23.171417380112914,2018-09-21-05-59-07
1.0,113.32942824806042,23.171682179230093,2018-09-21-05-59-07
1.0,113.32718281612256,23.171936352124746,2018-09-21-05-59-07
1.0,113.32967772362673,23.17193161145578,2018-09-21-05-59-07
1.0,113.32718279910007,23.172186257104254,2018-09-21-05-59-07
1.0,113.32668380491711,23.17243711331908,2018-09-21-05-59-07
1.0,113.32768176054029,23.17243521181532,2018-09-21-05-59-07
1.0,113.33366964269479,23.17242391344535,2018-09-21-05-59-07
1.0,113.33416864783541,23.17242298368469,2018-09-21-05-59-07
1.0,113.33441815144886,23.172422519649498,2018-09-21-05-59-07
1.0,113.33666371765241,23.17241837089055,2018-09-21-05-59-07
1.0,113.33716274118012,23.172417456217783,2018-09-21-05-59-07
1.0,113.32543634999567,23.172689399607503,2018-09-21-05-59-07
1.0,113.32768174351546,23.172685116872785,2018-09-21-05-59-07
1.0,113.32843021388354,23.172683693294594,2018-09-21-05-59-07
1.0,113.33516664956646,23.17267103612775,2018-09-21-05-59-07
1.0,113.33666370059188,23.17266827594652,2018-09-21-05-59-07
1.0,113.33616466333643,23.172919098473294,2018-09-21-05-59-07
1.0,113.33691319487036,23.17291772335419,2018-09-21-05-59-07
1.0,113.32693324227523,23.17318635290611,2018-09-21-05-59-07
1.0,113.32793119921564,23.17318445231548,2018-09-21-05-59-07
1.0,113.32967763846231,23.173181136741714,2018-09-21-05-59-07
1.0,113.33217259187607,23.173176430653076,2018-09-21-05-59-07
1.0,113.32793118218929,23.17343435749037,2018-09-21-05-59-07
1.0,113.32867965368607,23.17343293472687,2018-09-21-05-59-07
1.0,113.32992711448023,23.1734305695474,2018-09-21-05-59-07
1.0,113.33466758756352,23.173421676654105,2018-09-21-05-59-07
1.0,113.32867963665655,23.173682839940895,2018-09-21-05-59-07
1.0,113.32917861966027,23.17368189289327,2018-09-21-05-59-07
1.0,113.3379111976158,23.173665615264426,2018-09-21-05-59-07
1.0,113.32643421467071,23.173937020153293,2018-09-21-05-59-07
1.0,113.32768165838877,23.173934642747703,2018-09-21-05-59-07
1.0,113.32892911091797,23.173932271515998,2018-09-21-05-59-07
1.0,113.33541607083026,23.173920100353538,2018-09-21-05-59-07
1.0,113.32668368576805,23.17418644954551,2018-09-21-05-59-07
1.0,113.32718266291421,23.1741854983486,2018-09-21-05-59-07
1.0,113.32743215196905,23.1741850230773,2018-09-21-05-59-07
1.0,113.32818062122145,23.1741835987204,2018-09-21-05-59-07
1.0,113.32942807773911,23.174181230390793,2018-09-21-05-59-07
1.0,113.32768162433693,23.174434453372896,2018-09-21-05-59-07
1.0,113.32793111408225,23.174433978583103,2018-09-21-05-59-07
1.0,113.32818060419343,23.17443350405263,2018-09-21-05-59-07
1.0,113.32843009468385,23.17443302979384,2018-09-21-05-59-07
1.0,113.32917856856464,23.17443160877123,2018-09-21-05-59-07
1.0,113.3269331401389,23.17468578454647,2018-09-21-05-59-07
1.0,113.32768160731077,23.174684358744685,2018-09-21-05-59-07
1.0,113.32818058716525,23.174683409424333,2018-09-21-05-59-07
1.0,113.32967753625951,23.174680568379344,2018-09-21-05-59-07
1.0,113.3351665131229,23.17467027798968,2018-09-21-05-59-07
1.0,113.3269331231156,23.174935689957916,2018-09-21-05-59-07
1.0,113.32793108002772,23.17493378936613,2018-09-21-05-59-07
1.0,113.32867955150637,23.174932366601883,2018-09-21-05-59-07
1.0,113.3349169902838,23.174920645659316,2018-09-21-05-59-07
1.0,113.32643412956513,23.175186547013542,2018-09-21-05-59-07
13.0,113.32718259481727,23.175185119915263,2018-09-21-05-59-07
1.0,113.32793106300022,23.175183694817,2018-09-21-05-59-07
1.0,113.33516647901034,23.175170088849423,2018-09-21-05-59-07
1.0,113.33666352997733,23.17516732866568,2018-09-21-05-59-07
1.0,113.32643411254351,23.1754364525043,2018-09-21-05-59-07
1.0,113.32768155623125,23.17543407509747,2018-09-21-05-59-07
1.0,113.33217243847979,23.175425578638762,2018-09-21-05-59-07
1.0,113.33317043567426,23.175423708649106,2018-09-21-05-59-07
1.0,113.33441794681679,23.175421382918195,2018-09-21-05-59-07
1.0,113.33666351291495,23.175417234154732,2018-09-21-05-59-07
1.0,113.32693307204467,23.17568540643,2018-09-21-05-59-07
1.0,113.32793102894469,23.175683505837714,2018-09-21-05-59-07
1.0,113.32892899169838,23.175681609394566,2018-09-21-05-59-07
1.0,113.33317041862543,23.175673614178443,2018-09-21-05-59-07
1.0,113.33366942104733,23.1756726822448,2018-09-21-05-59-07
1.0,113.33441792976302,23.175671288447322,2018-09-21-05-59-07
1.0,113.33317040157644,23.175923519747528,2018-09-21-05-59-07
1.0,113.33341990245641,23.17592305351532,2018-09-21-05-59-07
1.0,113.33516642784024,23.175919805436482,2018-09-21-05-59-07
1.0,113.33791104401399,23.175914763952584,2018-09-21-05-59-07
1.0,113.332421885717,23.176174827114455,2018-09-21-05-59-07
1.0,113.33267138469596,23.176174359363856,2018-09-21-05-59-07
1.0,113.33441789565501,23.176171099624877,2018-09-21-05-59-07
1.0,113.33142387869198,23.1764266084579,2018-09-21-05-59-07
1.0,113.33117434853062,23.17692688991089,2018-09-21-05-59-07
1.0,113.3324218345774,23.176924544180853,2018-09-21-05-59-07
1.0,113.33716243403006,23.176915753250285,2018-09-21-05-59-07
1.0,113.33791097574218,23.17691438662432,2018-09-21-05-59-07
1.0,113.3341683238422,23.177171186494697,2018-09-21-05-59-07
1.0,113.33641388298324,23.17716703207042,2018-09-21-05-59-07
1.0,113.3379109586738,23.177164292392163,2018-09-21-05-59-07
1.0,113.32718244158943,23.177434270764547,2018-09-21-05-59-07
1.0,113.33267129945753,23.177423888007652,2018-09-21-05-59-07
1.0,113.33666337640994,23.177416479500746,2018-09-21-05-59-07
1.0,113.33791094160527,23.177414198200083,2018-09-21-05-59-07
1.0,113.33092480187125,23.177677077793255,2018-09-21-05-59-07
1.0,113.33117429740446,23.177676607338086,2018-09-21-05-59-07
1.0,113.33267128240935,23.177673793856574,2018-09-21-05-59-07
1.0,113.33791092453656,23.177664104048127,2018-09-21-05-59-07
1.0,113.33117428036208,23.177926513227437,2018-09-21-05-59-07
1.0,113.32743187954917,23.178183513162683,2018-09-21-05-59-07
1.0,113.3311742462768,23.178426325126896,2018-09-21-05-59-07
1.0,113.3361642880014,23.178417020568606,2018-09-21-05-59-07
1.0,113.33666330815342,23.17841610313506,2018-09-21-05-59-07
1.0,113.3369128194713,23.17841564544674,2018-09-21-05-59-07
1.0,113.32718235645702,23.178683800416056,2018-09-21-05-59-07
1.0,113.32842978813288,23.178931332576454,2018-09-21-05-59-07
1.0,113.32917826195936,23.17892991155161,2018-09-21-05-59-07
1.0,113.33292069675402,23.178922856447727,2018-09-21-05-59-07
1.0,113.3369127853401,23.178915457505646,2018-09-21-05-59-07
1.0,113.32743181143753,23.17918313728692,2018-09-21-05-59-07
1.0,113.33317017992428,23.17917229578733,2018-09-21-05-59-07
1.0,113.32743179440921,23.179433043419102,2018-09-21-05-59-07
1.0,113.33142367417037,23.179425479374785,2018-09-21-05-59-07
1.0,113.33791080505094,23.17941344611249,2018-09-21-05-59-07
1.0,113.32793075647652,23.179681999763556,2018-09-21-05-59-07
1.0,113.3374117593178,23.179664262638177,2018-09-21-05-59-07
1.0,113.33716222923329,23.179914625122553,2018-09-21-05-59-07
1.0,113.3379107709107,23.179913258495073,2018-09-21-05-59-07
1.0,113.32842970297025,23.180180863439574,2018-09-21-05-59-07
1.0,113.3336691141043,23.180170988620645,2018-09-21-05-59-07
1.0,113.33591465970592,23.1801668232056,2018-09-21-05-59-07
1.0,113.3371622121658,23.18016453137494,2018-09-21-05-59-07
1.0,113.33766123906821,23.18016361955562,2018-09-21-05-59-07
1.0,113.32768119863272,23.18068209965162,2018-09-21-05-59-07
1.0,113.3281801784388,23.18068115032928,2018-09-21-05-59-07
1.0,113.33391858219068,23.180670336089456,2018-09-21-05-59-07
1.0,113.33691266587564,23.180664800988744,2018-09-21-05-59-07
1.0,113.33366906294187,23.180920707624065,2018-09-21-05-59-07
1.0,113.34365050018575,23.17090643100664,2018-09-21-05-59-07
1.0,113.34489821216914,23.17090427408604,2018-09-21-05-59-07
1.0,113.3404065678906,23.171162060098865,2018-09-21-05-59-07
1.0,113.34365048309976,23.171156335827956,2018-09-21-05-59-07
1.0,113.34414956421398,23.171155469901205,2018-09-21-05-59-07
1.0,113.34489819507861,23.17115417890714,2018-09-21-05-59-07
1.0,113.3374123224774,23.171417380112914,2018-09-21-05-59-07
1.0,113.3416541883829,23.171409744466487,2018-09-21-05-59-07
1.0,113.34564680309259,23.171652707427548,2018-09-21-05-59-07
1.0,113.33666371765241,23.17241837089055,2018-09-21-05-59-07
1.0,113.33716274118012,23.172417456217783,2018-09-21-05-59-07
1.0,113.34165412006625,23.172409364297053,2018-09-21-05-59-07
1.0,113.33516664956646,23.17267103612775,2018-09-21-05-59-07
1.0,113.33666370059188,23.17266827594652,2018-09-21-05-59-07
1.0,113.34539718604105,23.17265275338735,2018-09-21-05-59-07
1.0,113.33616466333643,23.172919098473294,2018-09-21-05-59-07
1.0,113.33691319487036,23.17291772335419,2018-09-21-05-59-07
1.0,113.33816076451147,23.172915445688048,2018-09-21-05-59-07
1.0,113.34614581887668,23.172901383921047,2018-09-21-05-59-07
1.0,113.34689448070938,23.172900119640627,2018-09-21-05-59-07
1.0,113.33841026405317,23.17316489752784,2018-09-21-05-59-07
1.0,113.34614580178031,23.173151289053656,2018-09-21-05-59-07
1.0,113.3478926984842,23.173148355594613,2018-09-21-05-59-07
1.0,113.33940832278896,23.173412997391104,2018-09-21-05-59-07
1.0,113.34365032931846,23.17340548097121,2018-09-21-05-59-07
1.0,113.34639533728689,23.173400771640992,2018-09-21-05-59-07
1.0,113.34689444651116,23.1733999299448,2018-09-21-05-59-07
1.0,113.3379111976158,23.173665615264426,2018-09-21-05-59-07
1.0,113.33915878533496,23.173663352726656,2018-09-21-05-59-07
1.0,113.34290169952558,23.173656692735108,2018-09-21-05-59-07
1.0,113.34489802416412,23.173653229259774,2018-09-21-05-59-07
1.0,113.34539711766602,23.17365237399684,2018-09-21-05-59-07
1.0,113.34689442941179,23.173649835155757,2018-09-21-05-59-07
1.0,113.347393544075,23.173648998166733,2018-09-21-05-59-07
1.0,113.33541607083026,23.173920100353538,2018-09-21-05-59-07
1.0,113.33890924884629,23.173913708912448,2018-09-21-05-59-07
1.0,113.34514755318567,23.17390270633103,2018-09-21-05-59-07
1.0,113.34539710057184,23.17390227924737,2018-09-21-05-59-07
1.0,113.34689441231225,23.173899740406025,2018-09-21-05-59-07
1.0,113.34714396895664,23.173899321317307,2018-09-21-05-59-07
1.0,113.33841019578104,23.174164518456195,2018-09-21-05-59-07
1.0,113.3389092317761,23.174163614203454,2018-09-21-05-59-07
1.0,113.3441493591473,23.174154330795982,2018-09-21-05-59-07
1.0,113.34789263007231,23.17414797651649,2018-09-21-05-59-07
1.0,113.3399072982025,23.174411720709955,2018-09-21-05-59-07
1.0,113.34115492523112,23.174409491325648,2018-09-21-05-59-07
1.0,113.34315118466077,23.174405972082813,2018-09-21-05-59-07
1.0,113.3441493420573,23.174404236125525,2018-09-21-05-59-07
1.0,113.34489797288651,23.174402945129795,2018-09-21-05-59-07
1.0,113.34514751899862,23.17440251695035,2018-09-21-05-59-07
1.0,113.346145716296,23.174400815305944,2018-09-21-05-59-07
1.0,113.34664482283026,23.174399971290367,2018-09-21-05-59-07
1.0,113.3351665131229,23.17467027798968,2018-09-21-05-59-07
1.0,113.33915871705003,23.174662973969475,2018-09-21-05-59-07
1.0,113.34365024387854,23.17465500742249,2018-09-21-05-59-07
1.0,113.34389978381843,23.17465457393994,2018-09-21-05-59-07
1.0,113.34464841094207,23.174653279762204,2018-09-21-05-59-07
1.0,113.34489795579364,23.17465285049869,2018-09-21-05-59-07
1.0,113.34539704928832,23.174651995235408,2018-09-21-05-59-07
1.0,113.34639525179726,23.174650298089915,2018-09-21-05-59-07
1.0,113.34664480573112,23.174649876658957,2018-09-21-05-59-07
1.0,113.34689436101266,23.174649456393293,2018-09-21-05-59-07
1.0,113.3349169902838,23.174920645659316,2018-09-21-05-59-07
1.0,113.34265207886737,23.17490665689758,2018-09-21-05-59-07
1.0,113.34340068804718,23.174905347339127,2018-09-21-05-59-07
1.0,113.34439885024626,23.174903615506576,2018-09-21-05-59-07
1.0,113.34464839384994,23.174903185170677,2018-09-21-05-59-07
1.0,113.3451474848109,23.174902327727587,2018-09-21-05-59-07
1.0,113.34539703219347,23.174901900643754,2018-09-21-05-59-07
1.0,113.34564658086097,23.174901474667266,2018-09-21-05-59-07
1.0,113.34689434391245,23.17489936180138,2018-09-21-05-59-07
1.0,113.33516647901034,23.175170088849423,2018-09-21-05-59-07
1.0,113.33666352997733,23.17516732866568,2018-09-21-05-59-07
1.0,113.34365020970141,23.175154818279367,2018-09-21-05-59-07
1.0,113.34464837675763,23.175153090618736,2018-09-21-05-59-07
1.0,113.3448979216074,23.175152661355135,2018-09-21-05-59-07
1.0,113.34639521760025,23.17515010894585,2018-09-21-05-59-07
1.0,113.33666351291495,23.175417234154732,2018-09-21-05-59-07
1.0,113.33915866583457,23.17541269031651,2018-09-21-05-59-07
1.0,113.33940818621014,23.175412240192895,2018-09-21-05-59-07
1.0,113.33965770756231,23.175411790892163,2018-09-21-05-59-07
1.0,113.34265204469726,23.175406467834023,2018-09-21-05-59-07
1.0,113.34290157992668,23.175406030320513,2018-09-21-05-59-07
1.0,113.34539699800328,23.175401711579255,2018-09-21-05-59-07
1.0,113.34789254455369,23.175397503556315,2018-09-21-05-59-07
1.0,113.3389091293514,23.175663046779334,2018-09-21-05-59-07
1.0,113.33990721282916,23.175661247954555,2018-09-21-05-59-07
1.0,113.3404062605321,23.17566035357565,2018-09-21-05-59-07
1.0,113.3414043683862,23.175658575364736,2018-09-21-05-59-07
1.0,113.34539698090794,23.175651617106524,2018-09-21-05-59-07
1.0,113.33516642784024,23.175919805436482,2018-09-21-05-59-07
1.0,113.33791104401399,23.175914763952584,2018-09-21-05-59-07
1.0,113.339907195754,23.17591115352251,2018-09-21-05-59-07
1.0,113.34664472023285,23.175899404096015,2018-09-21-05-59-07
1.0,113.33915861461762,23.176162407020804,2018-09-21-05-59-07
1.0,113.33940813499031,23.17616195689706,2018-09-21-05-59-07
1.0,113.34165386385502,23.176157944254147,2018-09-21-05-59-07
1.0,113.3448978532329,23.176152283544152,2018-09-21-05-59-07
1.0,113.34614557951235,23.17640005936535,2018-09-21-05-59-07
1.0,113.34689424130771,23.176398795083117,2018-09-21-05-59-07
1.0,113.3473933559515,23.176397958093144,2018-09-21-05-59-07
1.0,113.33865954260824,23.176663121024298,2018-09-21-05-59-07
1.0,113.33890906106494,23.17666266929086,2018-09-21-05-59-07
1.0,113.33940810084293,23.176661768232375,2018-09-21-05-59-07
1.0,113.33990714452747,23.176660870465405,2018-09-21-05-59-07
1.0,113.34639511500515,23.176649542466762,2018-09-21-05-59-07
1.0,113.34739333884835,23.17664786377939,2018-09-21-05-59-07
1.0,113.33716243403006,23.176915753250285,2018-09-21-05-59-07
1.0,113.33791097574218,23.17691438662432,2018-09-21-05-59-07
1.0,113.33841000801887,23.176913479272184,2018-09-21-05-59-07
1.0,113.33865952553715,23.176913026751997,2018-09-21-05-59-07
1.0,113.33965760511548,23.176911224658962,2018-09-21-05-59-07
1.0,113.34040617514512,23.176909881813568,2018-09-21-05-59-07
1.0,113.34414917114832,23.17690329160125,2018-09-21-05-59-07
1.0,113.34589599404681,23.1769002945055,2018-09-21-05-59-07
1.0,113.34764288113664,23.176897352804495,2018-09-21-05-59-07
1.0,113.33641388298324,23.17716703207042,2018-09-21-05-59-07
1.0,113.3379109586738,23.177164292392163,2018-09-21-05-59-07
1.0,113.33940806669489,23.177161579727542,2018-09-21-05-59-07
1.0,113.33965758804041,23.177161130426516,2018-09-21-05-59-07
1.0,113.34040615806722,23.177159787580994,2018-09-21-05-59-07
1.0,113.34589597694867,23.17715020027199,2018-09-21-05-59-07
1.0,113.33666337640994,23.177416479500746,2018-09-21-05-59-07
1.0,113.33791094160527,23.177414198200083,2018-09-21-05-59-07
1.0,113.33915852925266,23.17741193565916,2018-09-21-05-59-07
1.0,113.34664461762941,23.17739883833459,2018-09-21-05-59-07
1.0,113.33791092453656,23.177664104048127,2018-09-21-05-59-07
1.0,113.33915851217917,23.177661841506993,2018-09-21-05-59-07
1.0,113.3384099397367,23.177913102583883,2018-09-21-05-59-07
1.0,113.33890897570308,23.17791219832988,2018-09-21-05-59-07
1.0,113.34215280681832,23.177906402857108,2018-09-21-05-59-07
1.0,113.34240233976146,23.177905963398693,2018-09-21-05-59-07
1.0,113.34240232267541,23.178155869326392,2018-09-21-05-59-07
1.0,113.34389954455158,23.178153253282442,2018-09-21-05-59-07
1.0,113.3361642880014,23.178417020568606,2018-09-21-05-59-07
1.0,113.33666330815342,23.17841610313506,2018-09-21-05-59-07
1.0,113.3369128194713,23.17841564544674,2018-09-21-05-59-07
1.0,113.33915846095769,23.178411559291792,2018-09-21-05-59-07
1.0,113.34664454922377,23.17839846196211,2018-09-21-05-59-07
1.0,113.34439859385779,23.178652201414994,2018-09-21-05-59-07
1.0,113.3369127853401,23.178915457505646,2018-09-21-05-59-07
1.0,113.34639496110121,23.178898695449398,2018-09-21-05-59-07
1.0,113.34639494399993,23.179148601537882,2018-09-21-05-59-07
1.0,113.33791080505094,23.17941344611249,2018-09-21-05-59-07
1.0,113.34040600435861,23.17940894129753,2018-09-21-05-59-07
1.0,113.34240223724264,23.179405399570268,2018-09-21-05-59-07
1.0,113.3374117593178,23.179664262638177,2018-09-21-05-59-07
1.0,113.33840982023648,23.179662444930422,2018-09-21-05-59-07
1.0,113.33890885618946,23.17966154067583,2018-09-21-05-59-07
1.0,113.33965741728062,23.179660190314884,2018-09-21-05-59-07
1.0,113.33716222923329,23.179914625122553,2018-09-21-05-59-07
1.0,113.3379107709107,23.179913258495073,2018-09-21-05-59-07
1.0,113.33816028658188,23.179912804437244,2018-09-21-05-59-07
1.0,113.33890883911542,23.179911446887257,2018-09-21-05-59-07
1.0,113.33591465970592,23.1801668232056,2018-09-21-05-59-07
1.0,113.3371622121658,23.18016453137494,2018-09-21-05-59-07
1.0,113.33766123906821,23.18016361955562,2018-09-21-05-59-07
1.0,113.33915834143507,23.180160902204097,2018-09-21-05-59-07
1.0,113.33890880496683,23.180411259432155,2018-09-21-05-59-07
1.0,113.33691266587564,23.180664800988744,2018-09-21-05-59-07
1.0,113.33816023536737,23.180662523316094,2018-09-21-05-59-07
1.0,113.34589573755697,23.180648885234856,2018-09-21-05-59-07
1.0,113.33840973487415,23.180911976395144,2018-09-21-05-59-07
1.0,113.33940781056319,23.18091017108021,2018-09-21-05-59-07
1.0,113.35088771272656,23.17064441878189,2018-09-21-05-59-07
1.0,113.35188604257642,23.1706428322031,2018-09-21-05-59-07
1.0,113.35463158433721,23.170638586925286,2018-09-21-05-59-07
1.0,113.34489821216914,23.17090427408604,2018-09-21-05-59-07
1.0,113.35113727571172,23.170893924853473,2018-09-21-05-59-07
1.0,113.35587960917687,23.170886622056422,2018-09-21-05-59-07
1.0,113.34489819507861,23.17115417890714,2018-09-21-05-59-07
1.0,113.3496398011332,23.17114624208116,2018-09-21-05-59-07
1.0,113.35238518284888,23.171141856885324,2018-09-21-05-59-07
1.0,113.35038850586025,23.17139493472513,2018-09-21-05-59-07
1.0,113.35662842150872,23.171385328764423,2018-09-21-05-59-07
1.0,113.34564680309259,23.171652707427548,2018-09-21-05-59-07
1.0,113.35013891328981,23.171645242373746,2018-09-21-05-59-07
1.0,113.35038847163975,23.171894744559523,2018-09-21-05-59-07
1.0,113.35088762716812,23.171893943076356,2018-09-21-05-59-07
1.0,113.35113720726127,23.171893544366423,2018-09-21-05-59-07
1.0,113.35063803152029,23.172144248119977,2018-09-21-05-59-07
1.0,113.35313388836838,23.17214030988532,2018-09-21-05-59-07
1.0,113.34539718604105,23.17265275338735,2018-09-21-05-59-07
1.0,113.34614581887668,23.172901383921047,2018-09-21-05-59-07
1.0,113.34689448070938,23.172900119640627,2018-09-21-05-59-07
1.0,113.34614580178031,23.173151289053656,2018-09-21-05-59-07
1.0,113.3478926984842,23.173148355594613,2018-09-21-05-59-07
1.0,113.34639533728689,23.173400771640992,2018-09-21-05-59-07
1.0,113.34689444651116,23.1733999299448,2018-09-21-05-59-07
1.0,113.34839180722645,23.17339743346722,2018-09-21-05-59-07
1.0,113.35288420979423,23.173390222793376,2018-09-21-05-59-07
1.0,113.34489802416412,23.173653229259774,2018-09-21-05-59-07
1.0,113.34539711766602,23.17365237399684,2018-09-21-05-59-07
1.0,113.34689442941179,23.173649835155757,2018-09-21-05-59-07
1.0,113.347393544075,23.173648998166733,2018-09-21-05-59-07
1.0,113.35038835186273,23.17364408020932,2018-09-21-05-59-07
1.0,113.35088750737927,23.173643278725542,2018-09-21-05-59-07
1.0,113.34514755318567,23.17390270633103,2018-09-21-05-59-07
1.0,113.34539710057184,23.17390227924737,2018-09-21-05-59-07
1.0,113.34689441231225,23.173899740406025,2018-09-21-05-59-07
1.0,113.34714396895664,23.173899321317307,2018-09-21-05-59-07
1.0,113.35138665200753,23.173892387923832,2018-09-21-05-59-07
1.0,113.34789263007231,23.17414797651649,2018-09-21-05-59-07
1.0,113.34489797288651,23.174402945129795,2018-09-21-05-59-07
1.0,113.34514751899862,23.17440251695035,2018-09-21-05-59-07
1.0,113.346145716296,23.174400815305944,2018-09-21-05-59-07
1.0,113.34664482283026,23.174399971290367,2018-09-21-05-59-07
1.0,113.34464841094207,23.174653279762204,2018-09-21-05-59-07
1.0,113.34489795579364,23.17465285049869,2018-09-21-05-59-07
1.0,113.34539704928832,23.174651995235408,2018-09-21-05-59-07
1.0,113.34639525179726,23.174650298089915,2018-09-21-05-59-07
1.0,113.34664480573112,23.174649876658957,2018-09-21-05-59-07
1.0,113.34689436101266,23.174649456393293,2018-09-21-05-59-07
1.0,113.3483917217016,23.174646959914416,2018-09-21-05-59-07
1.0,113.34464839384994,23.174903185170677,2018-09-21-05-59-07
1.0,113.3451474848109,23.174902327727587,2018-09-21-05-59-07
1.0,113.34539703219347,23.174901900643754,2018-09-21-05-59-07
1.0,113.34564658086097,23.174901474667266,2018-09-21-05-59-07
1.0,113.34689434391245,23.17489936180138,2018-09-21-05-59-07
1.0,113.34464837675763,23.175153090618736,2018-09-21-05-59-07
1.0,113.3448979216074,23.175152661355135,2018-09-21-05-59-07
1.0,113.34639521760025,23.17515010894585,2018-09-21-05-59-07
1.0,113.34539699800328,23.175401711579255,2018-09-21-05-59-07
1.0,113.34789254455369,23.175397503556315,2018-09-21-05-59-07
1.0,113.34539698090794,23.175651617106524,2018-09-21-05-59-07
1.0,113.34664472023285,23.175899404096015,2018-09-21-05-59-07
1.0,113.34889076773871,23.175895665032236,2018-09-21-05-59-07
1.0,113.3448978532329,23.176152283544152,2018-09-21-05-59-07
1.0,113.35088733623809,23.176142332999532,2018-09-21-05-59-07
1.0,113.34614557951235,23.17640005936535,2018-09-21-05-59-07
1.0,113.34689424130771,23.176398795083117,2018-09-21-05-59-07
1.0,113.3473933559515,23.176397958093144,2018-09-21-05-59-07
1.0,113.35562962041362,23.176384907941344,2018-09-21-05-59-07
1.0,113.34639511500515,23.176649542466762,2018-09-21-05-59-07
1.0,113.34739333884835,23.17664786377939,2018-09-21-05-59-07
1.0,113.34589599404681,23.1769002945055,2018-09-21-05-59-07
1.0,113.34764288113664,23.176897352804495,2018-09-21-05-59-07
1.0,113.34589597694867,23.17715020027199,2018-09-21-05-59-07
1.0,113.34839155063933,23.17714601578059,2018-09-21-05-59-07
1.0,113.34664461762941,23.17739883833459,2018-09-21-05-59-07
1.0,113.34988892869647,23.177643375787248,2018-09-21-05-59-07
1.0,113.34664454922377,23.17839846196211,2018-09-21-05-59-07
1.0,113.34639496110121,23.178898695449398,2018-09-21-05-59-07
1.0,113.34639494399993,23.179148601537882,2018-09-21-05-59-07
1.0,113.34589573755697,23.180648885234856,2018-09-21-05-59-07
