count,wgs_lng,wgs_lat,time
1.0,113.32818268038238,23.143945328362673,2018-10-05-06-00-35
1.0,113.33092710092825,23.14394012923361,2018-10-05-06-00-35
1.0,113.33242408329887,23.143937313081434,2018-10-05-06-00-35
1.0,113.33292308213228,23.14393637808479,2018-10-05-06-00-35
1.0,113.33541811641913,23.143931735433277,2018-10-05-06-00-35
1.0,113.33641615083957,23.143929895291038,2018-10-05-06-00-35
1.0,113.33691515586787,23.144178880195497,2018-10-05-06-00-35
1.0,113.32468981152583,23.144451792771385,2018-10-05-06-00-35
1.0,113.33392105344214,23.144434316215474,2018-10-05-06-00-35
1.0,113.3306775547327,23.144690303069957,2018-10-05-06-00-35
1.0,113.33217453372656,23.14468748428664,2018-10-05-06-00-35
1.0,113.33417053943379,23.14468375264274,2018-10-05-06-00-35
1.0,113.3354180653087,23.14468143841011,2018-10-05-06-00-35
1.0,113.33017854896526,23.14494114701672,2018-10-05-06-00-35
1.0,113.33591706388901,23.144930418090365,2018-10-05-06-00-35
1.0,113.32618668300049,23.145198636268063,2018-10-05-06-00-35
1.0,113.3344200090896,23.14518309076144,2018-10-05-06-00-35
1.0,113.33491901868285,23.145182164451715,2018-10-05-06-00-35
1.0,113.33516852458216,23.145181702197124,2018-10-05-06-00-35
1.0,113.33691508769633,23.145178484360766,2018-10-05-06-00-35
1.0,113.33017851493197,23.145440949233347,2018-10-05-06-00-35
1.0,113.33317248032272,23.145435317591446,2018-10-05-06-00-35
1.0,113.33566752161391,23.14543068067356,2018-10-05-06-00-35
1.0,113.32468972655386,23.145701298235267,2018-10-05-06-00-35
1.0,113.3254381867334,23.145699867783097,2018-10-05-06-00-35
1.0,113.33142597365399,23.145688496165754,2018-10-05-06-00-35
1.0,113.33591701277074,23.145680121461996,2018-10-05-06-00-35
1.0,113.32543816973546,23.14594976897488,2018-10-05-06-00-35
1.0,113.3256876569067,23.14594929241234,2018-10-05-06-00-35
1.0,113.3259371443231,23.145948815997837,2018-10-05-06-00-35
1.0,113.32718458555183,23.14594643657864,2018-10-05-06-00-35
1.0,113.3291805091444,23.145942641706625,2018-10-05-06-00-35
1.0,113.33042797501874,23.145940279946615,2018-10-05-06-00-35
1.0,113.3344199579884,23.145932794233005,2018-10-05-06-00-35
1.0,113.33466946241896,23.145932330782006,2018-10-05-06-00-35
1.0,113.32967947708693,23.146191597176987,2018-10-05-06-00-35
1.0,113.33042795800051,23.146190181170745,2018-10-05-06-00-35
1.0,113.32893098329674,23.14644291755344,2018-10-05-06-00-35
1.0,113.32918047511778,23.14644244418853,2018-10-05-06-00-35
1.0,113.33092693073189,23.146439140317753,2018-10-05-06-00-35
1.0,113.3261865809942,23.146698043517993,2018-10-05-06-00-35
1.0,113.32893096628419,23.14669281884434,2018-10-05-06-00-35
1.0,113.33566743641914,23.146680186790118,2018-10-05-06-00-35
1.0,113.32543810174207,23.14694937407433,2018-10-05-06-00-35
1.0,113.32868145787181,23.146943193842354,2018-10-05-06-00-35
1.0,113.32893094927148,23.146942720168585,2018-10-05-06-00-35
1.0,113.3306774015612,23.146939413789877,2018-10-05-06-00-35
1.0,113.33167538529091,23.14693753285411,2018-10-05-06-00-35
1.0,113.33342187914182,23.146934258806255,2018-10-05-06-00-35
1.0,113.3339208831236,23.14693332795587,2018-10-05-06-00-35
1.0,113.32568757190948,23.147198798869805,2018-10-05-06-00-35
1.0,113.32718450052433,23.147195943034863,2018-10-05-06-00-35
1.0,113.33017839581024,23.147190258035963,2018-10-05-06-00-35
1.0,113.32643601792972,23.14744727151077,2018-10-05-06-00-35
1.0,113.33242382790866,23.14768583094869,2018-10-05-06-00-35
1.0,113.3281824082365,23.147943747698818,2018-10-05-06-00-35
1.0,113.33042782184872,23.148189392164873,2018-10-05-06-00-35
1.0,113.33117630723541,23.14818797960367,2018-10-05-06-00-35
1.0,113.3354178267735,23.148180056240864,2018-10-05-06-00-35
1.0,113.33142578640235,23.148437411098392,2018-10-05-06-00-35
1.0,113.33367127860292,23.1484332017537,2018-10-05-06-00-35
1.0,113.33192476342865,23.148686373905377,2018-10-05-06-00-35
1.0,113.32967928990848,23.148940512849503,2018-10-05-06-00-35
1.0,113.33017827668034,23.148939568477996,2018-10-05-06-00-35
1.0,113.33491876313246,23.14893068480932,2018-10-05-06-00-35
1.0,113.32992876603973,23.14918994211137,2018-10-05-06-00-35
1.0,113.33092674349666,23.149188056357264,2018-10-05-06-00-35
1.0,113.32468947161301,23.14944981962296,2018-10-05-06-00-35
1.0,113.33117622212016,23.149437487567244,2018-10-05-06-00-35
1.0,113.32468943761808,23.149949623047902,2018-10-05-06-00-35
1.0,113.33541770749362,23.14992936762227,2018-10-05-06-00-35
1.0,113.33591672307212,23.149928446242868,2018-10-05-06-00-35
1.0,113.33566716376785,23.15067861199975,2018-10-05-06-00-35
1.0,113.32918015183182,23.151190574471396,2018-10-05-06-00-35
1.0,113.33142559913054,23.151186330113475,2018-10-05-06-00-35
1.0,113.32793266285819,23.151692748166923,2018-10-05-06-00-35
1.0,113.33292255422315,23.151683323337885,2018-10-05-06-00-35
1.0,113.32992857882829,23.15193886225558,2018-10-05-06-00-35
1.0,113.32967906867161,23.152189236658298,2018-10-05-06-00-35
1.0,113.32992856180806,23.15218876429291,2018-10-05-06-00-35
1.0,113.32967905165222,23.152439138730244,2018-10-05-06-00-35
1.0,113.33017803839606,23.15243819435758,2018-10-05-06-00-35
1.0,113.33092652219266,23.15243678060855,2018-10-05-06-00-35
1.0,113.33217398886445,23.152684334782233,2018-10-05-06-00-35
1.0,113.33766311570206,23.152674163890335,2018-10-05-06-00-35
1.0,113.33017797030884,23.153437802991984,2018-10-05-06-00-35
1.0,113.33042746439956,23.153437331355132,2018-10-05-06-00-35
1.0,113.3284315075261,23.153691016379444,2018-10-05-06-00-35
1.0,113.32543762571385,23.153946624935955,2018-10-05-06-00-35
1.0,113.33092642004286,23.153936193768356,2018-10-05-06-00-35
1.0,113.33541811641913,23.143931735433277,2018-10-05-06-00-35
1.0,113.33641615083957,23.143929895291038,2018-10-05-06-00-35
1.0,113.33691515586787,23.144178880195497,2018-10-05-06-00-35
1.0,113.34040841090399,23.144172551849785,2018-10-05-06-00-35
1.0,113.34065793641068,23.144172105966064,2018-10-05-06-00-35
1.0,113.34165603192068,23.14442023237105,2018-10-05-06-00-35
1.0,113.34490002281572,23.14441457173143,2018-10-05-06-00-35
1.0,113.3354180653087,23.14468143841011,2018-10-05-06-00-35
1.0,113.34040837679183,23.14467235386546,2018-10-05-06-00-35
1.0,113.34739552668886,23.144660241711776,2018-10-05-06-00-35
1.0,113.33591706388901,23.144930418090365,2018-10-05-06-00-35
1.0,113.34015883526011,23.144922701677384,2018-10-05-06-00-35
1.0,113.3344200090896,23.14518309076144,2018-10-05-06-00-35
1.0,113.33491901868285,23.145182164451715,2018-10-05-06-00-35
1.0,113.33516852458216,23.145181702197124,2018-10-05-06-00-35
1.0,113.33691508769633,23.145178484360766,2018-10-05-06-00-35
1.0,113.3399092947456,23.145173050381292,2018-10-05-06-00-35
1.0,113.33566752161391,23.14543068067356,2018-10-05-06-00-35
1.0,113.33591701277074,23.145680121461996,2018-10-05-06-00-35
1.0,113.3344199579884,23.145932794233005,2018-10-05-06-00-35
1.0,113.33466946241896,23.145932330782006,2018-10-05-06-00-35
1.0,113.3396597211271,23.145923202310925,2018-10-05-06-00-35
1.0,113.34090730943188,23.146420771074098,2018-10-05-06-00-35
1.0,113.34190542626416,23.146419000137463,2018-10-05-06-00-35
1.0,113.33566743641914,23.146680186790118,2018-10-05-06-00-35
1.0,113.33891109144382,23.146924157745254,2018-10-05-06-00-35
1.0,113.33866153877096,23.147424412219173,2018-10-05-06-00-35
1.0,113.34165581011659,23.14766894826538,2018-10-05-06-00-35
1.0,113.3354178267735,23.148180056240864,2018-10-05-06-00-35
1.0,113.33491876313246,23.14893068480932,2018-10-05-06-00-35
1.0,113.3409070876469,23.149669490446716,2018-10-05-06-00-35
1.0,113.33541770749362,23.14992936762227,2018-10-05-06-00-35
1.0,113.33591672307212,23.149928446242868,2018-10-05-06-00-35
1.0,113.34564828960644,23.149911120706356,2018-10-05-06-00-35
1.0,113.34265375238267,23.15041610644062,2018-10-05-06-00-35
1.0,113.33566716376785,23.15067861199975,2018-10-05-06-00-35
1.0,113.33940987562006,23.15067178057386,2018-10-05-06-00-35
1.0,113.34539868961377,23.150661252061248,2018-10-05-06-00-35
1.0,113.345398672535,23.150911153923897,2018-10-05-06-00-35
1.0,113.34664641231893,23.151158937264604,2018-10-05-06-00-35
1.0,113.34614728853731,23.151409683203354,2018-10-05-06-00-35
1.0,113.33891075036908,23.151922191285927,2018-10-05-06-00-35
1.0,113.33766311570206,23.152674163890335,2018-10-05-06-00-35
1.0,113.34440037070968,23.152662182773593,2018-10-05-06-00-35
1.0,113.34240399631314,23.15366527139113,2018-10-05-06-00-35
1.0,113.34290306578792,23.15366439539335,2018-10-05-06-00-35
1.0,113.34764512035879,23.144160023003053,2018-10-05-06-00-35
1.0,113.34490002281572,23.14441457173143,2018-10-05-06-00-35
1.0,113.34739552668886,23.144660241711776,2018-10-05-06-00-35
1.0,113.35588140665665,23.144646820927253,2018-10-05-06-00-35
1.0,113.35638061895813,23.144895985085352,2018-10-05-06-00-35
1.0,113.35163820246999,23.145153132488044,2018-10-05-06-00-35
1.0,113.35638060184628,23.145145886172667,2018-10-05-06-00-35
1.0,113.35663021926769,23.145145520114085,2018-10-05-06-00-35
1.0,113.34914237046773,23.14615675750866,2018-10-05-06-00-35
1.0,113.35712923710096,23.148393509986146,2018-10-05-06-00-35
1.0,113.35363465378238,23.149148437792817,2018-10-05-06-00-35
1.0,113.34564828960644,23.149911120706356,2018-10-05-06-00-35
1.0,113.35363458535736,23.15014804462315,2018-10-05-06-00-35
1.0,113.35388418343376,23.15014766158533,2018-10-05-06-00-35
1.0,113.34539868961377,23.150661252061248,2018-10-05-06-00-35
1.0,113.345398672535,23.150911153923897,2018-10-05-06-00-35
1.0,113.34664641231893,23.151158937264604,2018-10-05-06-00-35
1.0,113.34614728853731,23.151409683203354,2018-10-05-06-00-35
1.0,113.34889240933049,23.151904904134774,2018-10-05-06-00-35
1.0,113.35288564726172,23.152398319939426,2018-10-05-06-00-35
1.0,113.34440037070968,23.152662182773593,2018-10-05-06-00-35
1.0,113.347894100337,23.152656259942294,2018-10-05-06-00-35
1.0,113.34989063911524,23.152652981030933,2018-10-05-06-00-35
1.0,113.34864274019179,23.153404727385812,2018-10-05-06-00-35
1.0,113.33017797030884,23.153437802991984,2018-10-05-06-00-35
1.0,113.33042746439956,23.153437331355132,2018-10-05-06-00-35
1.0,113.3284315075261,23.153691016379444,2018-10-05-06-00-35
1.0,113.32543762571385,23.153946624935955,2018-10-05-06-00-35
1.0,113.33092642004286,23.153936193768356,2018-10-05-06-00-35
1.0,113.33017791924168,23.154187509833637,2018-10-05-06-00-35
1.0,113.33292238389569,23.15418234492128,2018-10-05-06-00-35
1.0,113.3354174177799,23.154177702252667,2018-10-05-06-00-35
1.0,113.33192437178775,23.154434119197695,2018-10-05-06-00-35
1.0,113.32843143946364,23.154690625712796,2018-10-05-06-00-35
1.0,113.32893042179472,23.154689678066276,2018-10-05-06-00-35
1.0,113.32942940580337,23.154688731654854,2018-10-05-06-00-35
1.0,113.33691443993344,23.15467475077926,2018-10-05-06-00-35
1.0,113.33741346530235,23.15467383752833,2018-10-05-06-00-35
1.0,113.32843142244761,23.154940528133846,2018-10-05-06-00-35
1.0,113.3291798965636,23.154939107120924,2018-10-05-06-00-35
1.0,113.3369144228838,23.154924653198897,2018-10-05-06-00-35
1.0,113.3284314054314,23.155190430590096,2018-10-05-06-00-35
1.0,113.33716391808726,23.155174098671175,2018-10-05-06-00-35
1.0,113.32618598583812,23.15544461012441,2018-10-05-06-00-35
1.0,113.33117581350902,23.155435137735722,2018-10-05-06-00-35
1.0,113.33516782594873,23.155427675992186,2018-10-05-06-00-35
1.0,113.33541733256081,23.15542721435238,2018-10-05-06-00-35
1.0,113.32893035372156,23.155689287961554,2018-10-05-06-00-35
1.0,113.32518800278292,23.155946321150115,2018-10-05-06-00-35
1.0,113.32693441641227,23.155942987532928,2018-10-05-06-00-35
1.0,113.33766289402338,23.15592289443611,2018-10-05-06-00-35
1.0,113.32568695980682,23.156195270484087,2018-10-05-06-00-35
1.0,113.33142525858467,23.156184375389238,2018-10-05-06-00-35
1.0,113.3351677748182,23.15617738367539,2018-10-05-06-00-35
1.0,113.33541728142734,23.15617692203546,2018-10-05-06-00-35
1.0,113.32818182978501,23.15644041765704,2018-10-05-06-00-35
1.0,113.33117574539783,23.15643474805354,2018-10-05-06-00-35
1.0,113.33566675471081,23.1566762663235,2018-10-05-06-00-35
1.0,113.33616577180861,23.15667534623591,2018-10-05-06-00-35
3.0,113.32518793476697,23.156945931755708,2018-10-05-06-00-35
1.0,113.32543742166183,23.156945455055663,2018-10-05-06-00-35
1.0,113.33142520749705,23.156934083393597,2018-10-05-06-00-35
1.0,113.3364152474613,23.157174692625368,2018-10-05-06-00-35
1.0,113.32618584977384,23.157443831335165,2018-10-05-06-00-35
1.0,113.3314251734378,23.157433888907956,2018-10-05-06-00-35
1.0,113.3366646898269,23.158173845562263,2018-10-05-06-00-35
1.0,113.32618578173769,23.15844344279684,2018-10-05-06-00-35
1.0,113.33142510531728,23.15843350036615,2018-10-05-06-00-35
1.0,113.3334210955524,23.15842975670508,2018-10-05-06-00-35
1.0,113.33367059716137,23.15842929100648,2018-10-05-06-00-35
1.0,113.33242306151296,23.15893143062795,2018-10-05-06-00-35
1.0,113.3301775787556,23.159185563574024,2018-10-05-06-00-35
1.0,113.335666584242,23.159175294963852,2018-10-05-06-00-35
1.0,113.3339199971984,23.15992824411603,2018-10-05-06-00-35
1.0,113.3349180133014,23.159926389167655,2018-10-05-06-00-35
1.0,113.33092599435409,23.160183762289805,2018-10-05-06-00-35
1.0,113.33441898678035,23.16017721865317,2018-10-05-06-00-35
1.0,113.33391996311533,23.160428050494296,2018-10-05-06-00-35
1.0,113.32818154048708,23.16068876790146,2018-10-05-06-00-35
1.0,113.32618561163571,23.160942473977073,2018-10-05-06-00-35
1.0,113.3264350825099,23.16119190121124,2018-10-05-06-00-35
1.0,113.32868048792906,23.161187626271172,2018-10-05-06-00-35
1.0,113.33042693660222,23.161184317455035,2018-10-05-06-00-35
1.0,113.32568658563794,23.16169313671475,2018-10-05-06-00-35
1.0,113.3259360729906,23.161692660297643,2018-10-05-06-00-35
1.0,113.32593605598,23.161942563725624,2018-10-05-06-00-35
1.0,113.33516736571988,23.16217505676099,2018-10-05-06-00-35
1.0,113.3359158877886,23.162173673736554,2018-10-05-06-00-35
1.0,113.32568651759858,23.16269275064755,2018-10-05-06-00-35
1.0,113.34240399631314,23.15366527139113,2018-10-05-06-00-35
1.0,113.34290306578792,23.15366439539335,2018-10-05-06-00-35
1.0,113.3354174177799,23.154177702252667,2018-10-05-06-00-35
1.0,113.33841154366061,23.15442211745314,2018-10-05-06-00-35
1.0,113.33691443993344,23.15467475077926,2018-10-05-06-00-35
1.0,113.33741346530235,23.15467383752833,2018-10-05-06-00-35
1.0,113.34689572848613,23.154657147189727,2018-10-05-06-00-35
1.0,113.3369144228838,23.154924653198897,2018-10-05-06-00-35
1.0,113.34689571139933,23.154907049607665,2018-10-05-06-00-35
1.0,113.33716391808726,23.155174098671175,2018-10-05-06-00-35
1.0,113.34689569431235,23.1551569520608,2018-10-05-06-00-35
1.0,113.33516782594873,23.155427675992186,2018-10-05-06-00-35
1.0,113.33541733256081,23.15542721435238,2018-10-05-06-00-35
1.0,113.34664612187542,23.15540727481153,2018-10-05-06-00-35
1.0,113.33766289402338,23.15592289443611,2018-10-05-06-00-35
1.0,113.33816192465214,23.1559219855781,2018-10-05-06-00-35
1.0,113.347394757839,23.155905822649043,2018-10-05-06-00-35
1.0,113.3351677748182,23.15617738367539,2018-10-05-06-00-35
1.0,113.33541728142734,23.15617692203546,2018-10-05-06-00-35
1.0,113.34090664399217,23.156166946563545,2018-10-05-06-00-35
1.0,113.34539831384214,23.15615910104943,2018-10-05-06-00-35
1.0,113.33566675471081,23.1566762663235,2018-10-05-06-00-35
1.0,113.33616577180861,23.15667534623591,2018-10-05-06-00-35
1.0,113.33791235772527,23.156672147526404,2018-10-05-06-00-35
1.0,113.34464964113566,23.156660190862922,2018-10-05-06-00-35
1.0,113.34040754083507,23.15691754545197,2018-10-05-06-00-35
1.0,113.34065706629376,23.156917099566094,2018-10-05-06-00-35
1.0,113.34365145673317,23.15691182121253,2018-10-05-06-00-35
1.0,113.3364152474613,23.157174692625368,2018-10-05-06-00-35
1.0,113.33965890233068,23.157918499453434,2018-10-05-06-00-35
1.0,113.3366646898269,23.158173845562263,2018-10-05-06-00-35
1.0,113.34464953865267,23.15815960760741,2018-10-05-06-00-35
1.0,113.34739458693741,23.158404850196014,2018-10-05-06-00-35
1.0,113.335666584242,23.159175294963852,2018-10-05-06-00-35
1.0,113.3349180133014,23.159926389167655,2018-10-05-06-00-35
1.0,113.34614669056907,23.16015627287432,2018-10-05-06-00-35
1.0,113.34614662221678,23.16115588591402,2018-10-05-06-00-35
1.0,113.33516736571988,23.16217505676099,2018-10-05-06-00-35
1.0,113.3359158877886,23.162173673736554,2018-10-05-06-00-35
1.0,113.3436510980894,23.16215978626552,2018-10-05-06-00-35
1.0,113.34265293290247,23.16241143382201,2018-10-05-06-00-35
1.0,113.34440037070968,23.152662182773593,2018-10-05-06-00-35
1.0,113.347894100337,23.152656259942294,2018-10-05-06-00-35
1.0,113.34989063911524,23.152652981030933,2018-10-05-06-00-35
1.0,113.34864274019179,23.153404727385812,2018-10-05-06-00-35
1.0,113.35088885880505,23.15390088377123,2018-10-05-06-00-35
1.0,113.3476444198426,23.154405991127344,2018-10-05-06-00-35
1.0,113.34914180644347,23.154403516780363,2018-10-05-06-00-35
1.0,113.34689572848613,23.154657147189727,2018-10-05-06-00-35
1.0,113.34764440275332,23.154655893510007,2018-10-05-06-00-35
1.0,113.35213672406542,23.15464861108149,2018-10-05-06-00-35
1.0,113.34689571139933,23.154907049607665,2018-10-05-06-00-35
1.0,113.34689569431235,23.1551569520608,2018-10-05-06-00-35
1.0,113.34664612187542,23.15540727481153,2018-10-05-06-00-35
1.0,113.347394757839,23.155905822649043,2018-10-05-06-00-35
1.0,113.34539831384214,23.15615910104943,2018-10-05-06-00-35
1.0,113.34464964113566,23.156660190862922,2018-10-05-06-00-35
1.0,113.35038948086242,23.157150418053295,2018-10-05-06-00-35
1.0,113.34464953865267,23.15815960760741,2018-10-05-06-00-35
1.0,113.34739458693741,23.158404850196014,2018-10-05-06-00-35
1.0,113.34614669056907,23.16015627287432,2018-10-05-06-00-35
1.0,113.34614662221678,23.16115588591402,2018-10-05-06-00-35
1.0,113.35038917302585,23.161648673461272,2018-10-05-06-00-35
1.0,113.32593605598,23.161942563725624,2018-10-05-06-00-35
1.0,113.33516736571988,23.16217505676099,2018-10-05-06-00-35
1.0,113.3359158877886,23.162173673736554,2018-10-05-06-00-35
1.0,113.32568651759858,23.16269275064755,2018-10-05-06-00-35
1.0,113.32668443456951,23.163190653177683,2018-10-05-06-00-35
1.0,113.32743290090386,23.163189226714934,2018-10-05-06-00-35
1.0,113.32768239034213,23.163188751680043,2018-10-05-06-00-35
1.0,113.32818137028936,23.163187802363495,2018-10-05-06-00-35
1.0,113.32593595391289,23.16344198506718,2018-10-05-06-00-35
1.0,113.32618544151707,23.16344150881019,2018-10-05-06-00-35
1.0,113.32718339478794,23.16343960563351,2018-10-05-06-00-35
1.0,113.33616531145198,23.16342273188672,2018-10-05-06-00-35
1.0,113.32593593690112,23.16369188875357,2018-10-05-06-00-35
1.0,113.3271833777711,23.163689509319692,2018-10-05-06-00-35
1.0,113.32743286686836,23.16368903405013,2018-10-05-06-00-35
1.0,113.33367022225475,23.163927164402285,2018-10-05-06-00-35
1.0,113.32718334373698,23.164189316803515,2018-10-05-06-00-35
1.0,113.33616526029373,23.16417244305223,2018-10-05-06-00-35
1.0,113.32793179503275,23.16443779550834,2018-10-05-06-00-35
1.0,113.3346681672799,23.164924922417416,2018-10-05-06-00-35
1.0,113.33516717818435,23.16492399729738,2018-10-05-06-00-35
1.0,113.33766227999666,23.164919410639484,2018-10-05-06-00-35
1.0,113.32543686039527,23.16519226463707,2018-10-05-06-00-35
1.0,113.32593583482702,23.16519131165366,2018-10-05-06-00-35
1.0,113.33541666770866,23.16517343956443,2018-10-05-06-00-35
1.0,113.32643479327828,23.165440263259274,2018-10-05-06-00-35
1.0,113.32543680936205,23.165941976592404,2018-10-05-06-00-35
1.0,113.32768220312757,23.16593769386773,2018-10-05-06-00-35
1.0,113.3259357667743,23.166190927668964,2018-10-05-06-00-35
1.0,113.33566608978808,23.166422498656814,2018-10-05-06-00-35
1.0,113.33267203237169,23.166677973748474,2018-10-05-06-00-35
1.0,113.33716313357087,23.16666965059945,2018-10-05-06-00-35
1.0,113.32493776782518,23.166942546586636,2018-10-05-06-00-35
1.0,113.32693366777877,23.166938736131698,2018-10-05-06-00-35
1.0,113.33541654834934,23.16692276797566,2018-10-05-06-00-35
1.0,113.32668414529806,23.167439020294097,2018-10-05-06-00-35
1.0,113.32543669027872,23.167691305807775,2018-10-05-06-00-35
1.0,113.33466797974572,23.167673867481348,2018-10-05-06-00-35
1.0,113.33491748481735,23.16767340461874,2018-10-05-06-00-35
1.0,113.32868001126776,23.16818493421864,2018-10-05-06-00-35
1.0,113.32593561364591,23.168440065913266,2018-10-05-06-00-35
1.0,113.33441840720513,23.168673948459578,2018-10-05-06-00-35
1.0,113.32618506719747,23.16893939857264,2018-10-05-06-00-35
1.0,113.32593552856876,23.169689588493732,2018-10-05-06-00-35
1.0,113.32618501614765,23.16968911223571,2018-10-05-06-00-35
1.0,113.33217281342465,23.169927666937017,2018-10-05-06-00-35
1.0,113.33691338253956,23.170168769450516,2018-10-05-06-00-35
1.0,113.33317075957034,23.170675511072325,2018-10-05-06-00-35
1.0,113.3306757668921,23.170930104652832,2018-10-05-06-00-35
1.0,113.3329212422716,23.170925882606475,2018-10-05-06-00-35
1.0,113.33791136826859,23.17116656489992,2018-10-05-06-00-35
1.0,113.32593539243668,23.171688826624667,2018-10-05-06-00-35
1.0,113.32618488000745,23.17168835036631,2018-10-05-06-00-35
1.0,113.32942824806042,23.171682179230093,2018-10-05-06-00-35
1.0,113.33042622126646,23.171680290496695,2018-10-05-06-00-35
1.0,113.32593537541942,23.171938731565444,2018-10-05-06-00-35
1.0,113.32618486298918,23.171938255307047,2018-10-05-06-00-35
1.0,113.33416868193645,23.17192317368901,2018-10-05-06-00-35
1.0,113.33516736571988,23.16217505676099,2018-10-05-06-00-35
1.0,113.3359158877886,23.162173673736554,2018-10-05-06-00-35
1.0,113.3436510980894,23.16215978626552,2018-10-05-06-00-35
1.0,113.34265293290247,23.16241143382201,2018-10-05-06-00-35
1.0,113.34115571068642,23.162913886124556,2018-10-05-06-00-35
1.0,113.33616531145198,23.16342273188672,2018-10-05-06-00-35
1.0,113.33841092956634,23.16341862582169,2018-10-05-06-00-35
1.0,113.34040709710321,23.163415028381294,2018-10-05-06-00-35
1.0,113.34065662253742,23.163414582494315,2018-10-05-06-00-35
1.0,113.34689509616291,23.163903560526244,2018-10-05-06-00-35
1.0,113.33616526029373,23.16417244305223,2018-10-05-06-00-35
1.0,113.34165464945022,23.16466232668574,2018-10-05-06-00-35
1.0,113.33516717818435,23.16492399729738,2018-10-05-06-00-35
1.0,113.33766227999666,23.164919410639484,2018-10-05-06-00-35
1.0,113.33841082719624,23.16491804848566,2018-10-05-06-00-35
1.0,113.33541666770866,23.16517343956443,2018-10-05-06-00-35
1.0,113.33566608978808,23.166422498656814,2018-10-05-06-00-35
1.0,113.33716313357087,23.16666965059945,2018-10-05-06-00-35
1.0,113.33541654834934,23.16692276797566,2018-10-05-06-00-35
1.0,113.34115540337649,23.167412156809547,2018-10-05-06-00-35
1.0,113.33491748481735,23.16767340461874,2018-10-05-06-00-35
1.0,113.34115538630213,23.16766206109415,2018-10-05-06-00-35
1.0,113.34015726544945,23.167913747177952,2018-10-05-06-00-35
1.0,113.34589652400633,23.169153235326068,2018-10-05-06-00-35
1.0,113.34739383477145,23.16940061488494,2018-10-05-06-00-35
1.0,113.34564692274404,23.169903373951026,2018-10-05-06-00-35
1.0,113.34714424254322,23.169900842001415,2018-10-05-06-00-35
1.0,113.33691338253956,23.170168769450516,2018-10-05-06-00-35
1.0,113.34614600692561,23.17015243003464,2018-10-05-06-00-35
1.0,113.34365051727156,23.170656526224047,2018-10-05-06-00-35
1.0,113.3458964214461,23.170652663209218,2018-10-05-06-00-35
1.0,113.34240281810295,23.170908613561263,2018-10-05-06-00-35
1.0,113.34514775829389,23.170903845907194,2018-10-05-06-00-35
1.0,113.3471441741506,23.170900460897602,2018-10-05-06-00-35
1.0,113.33791136826859,23.17116656489992,2018-10-05-06-00-35
1.0,113.34439910659705,23.171155038505315,2018-10-05-06-00-35
1.0,113.34290185328356,23.17140754723928,2018-10-05-06-00-35
1.0,113.34464863312456,23.17140451302998,2018-10-05-06-00-35
1.0,113.34489817798793,23.171404083767023,2018-10-05-06-00-35
1.0,113.342153233892,23.17165876759958,2018-10-05-06-00-35
1.0,113.3453972544134,23.171653133403478,2018-10-05-06-00-35
1.0,113.34739368087936,23.171649757576123,2018-10-05-06-00-35
1.0,113.34215321681107,23.171908672537644,2018-10-05-06-00-35
1.0,113.35038917302585,23.161648673461272,2018-10-05-06-00-35
1.0,113.34689509616291,23.163903560526244,2018-10-05-06-00-35
1.0,113.3511377034662,23.164646316795732,2018-10-05-06-00-35
1.0,113.35363359289288,23.164642406842542,2018-10-05-06-00-35
1.0,113.35388317380527,23.164891927670013,2018-10-05-06-00-35
1.0,113.3518864190573,23.165144936703655,2018-10-05-06-00-35
1.0,113.3536335586599,23.165142214615766,2018-10-05-06-00-35
1.0,113.35388315668789,23.165141831575287,2018-10-05-06-00-35
1.0,113.35413275641524,23.165141450024727,2018-10-05-06-00-35
1.0,113.35263516619322,23.165393665402824,2018-10-05-06-00-35
1.0,113.3508879693767,23.1668958516713,2018-10-05-06-00-35
1.0,113.35363331901024,23.168640873248997,2018-10-05-06-00-35
1.0,113.35288451792263,23.168891935676548,2018-10-05-06-00-35
1.0,113.34589652400633,23.169153235326068,2018-10-05-06-00-35
1.0,113.34814253433112,23.169149463880135,2018-10-05-06-00-35
1.0,113.34739383477145,23.16940061488494,2018-10-05-06-00-35
1.0,113.34564692274404,23.169903373951026,2018-10-05-06-00-35
1.0,113.34714424254322,23.169900842001415,2018-10-05-06-00-35
1.0,113.3503886085177,23.16989550615212,2018-10-05-06-00-35
1.0,113.34614600692561,23.17015243003464,2018-10-05-06-00-35
1.0,113.35038859140856,23.17014541081771,2018-10-05-06-00-35
1.0,113.35563004862571,23.17013727865223,2018-10-05-06-00-35
1.0,113.34939028151443,23.170396934427224,2018-10-05-06-00-35
1.0,113.3458964214461,23.170652663209218,2018-10-05-06-00-35
1.0,113.34514775829389,23.170903845907194,2018-10-05-06-00-35
1.0,113.3471441741506,23.170900460897602,2018-10-05-06-00-35
1.0,113.35188602546174,23.170892736984264,2018-10-05-06-00-35
1.0,113.35238518284888,23.171141856885324,2018-10-05-06-00-35
1.0,113.34464863312456,23.17140451302998,2018-10-05-06-00-35
1.0,113.34489817798793,23.171404083767023,2018-10-05-06-00-35
1.0,113.35188599123184,23.171392546662815,2018-10-05-06-00-35
1.0,113.3551307444634,23.171387548882034,2018-10-05-06-00-35
1.0,113.35662842150872,23.171385328764423,2018-10-05-06-00-35
1.0,113.3453972544134,23.171653133403478,2018-10-05-06-00-35
1.0,113.34739368087936,23.171649757576123,2018-10-05-06-00-35
1.0,113.33791136826859,23.17116656489992,2018-10-05-06-00-35
1.0,113.32593539243668,23.171688826624667,2018-10-05-06-00-35
1.0,113.32618488000745,23.17168835036631,2018-10-05-06-00-35
1.0,113.32942824806042,23.171682179230093,2018-10-05-06-00-35
1.0,113.33042622126646,23.171680290496695,2018-10-05-06-00-35
1.0,113.32593537541942,23.171938731565444,2018-10-05-06-00-35
1.0,113.32618486298918,23.171938255307047,2018-10-05-06-00-35
1.0,113.33416868193645,23.17192317368901,2018-10-05-06-00-35
1.0,113.32568587109186,23.172189112964,2018-10-05-06-00-35
1.0,113.32618484597074,23.17218816028672,2018-10-05-06-00-35
1.0,113.33466767282803,23.172172151176824,2018-10-05-06-00-35
1.0,113.33516668367568,23.172171226054363,2018-10-05-06-00-35
1.0,113.33791130000948,23.172166184577378,2018-10-05-06-00-35
1.0,113.32568585407529,23.172439017982743,2018-10-05-06-00-35
1.0,113.32618482895214,23.172438065305382,2018-10-05-06-00-35
1.0,113.32668380491711,23.17243711331908,2018-10-05-06-00-35
1.0,113.32793125029367,23.172434737025853,2018-10-05-06-00-35
1.0,113.32992718261677,23.17243094908421,2018-10-05-06-00-35
1.0,113.33017667614509,23.17243047707366,2018-10-05-06-00-35
1.0,113.33391914492181,23.172423448287397,2018-10-05-06-00-35
1.0,113.33716274118012,23.172417456217783,2018-10-05-06-00-35
1.0,113.32543634999567,23.172689399607503,2018-10-05-06-00-35
1.0,113.32568583705854,23.17268892304054,2018-10-05-06-00-35
1.0,113.32643429977213,23.17268749427734,2018-10-05-06-00-35
1.0,113.3271827650546,23.1726860671803,2018-10-05-06-00-35
1.0,113.32768174351546,23.172685116872785,2018-10-05-06-00-35
1.0,113.3344181343971,23.17267242470584,2018-10-05-06-00-35
1.0,113.33616468039519,23.17266919337814,2018-10-05-06-00-35
1.0,113.3374122371619,23.17266690500219,2018-10-05-06-00-35
1.0,113.32543633297978,23.172939304704443,2018-10-05-06-00-35
1.0,113.3351666325116,23.17292094122307,2018-10-05-06-00-35
1.0,113.32518682913471,23.17318968654326,2018-10-05-06-00-35
1.0,113.32618477789532,23.173187780595878,2018-10-05-06-00-35
1.0,113.32743222006737,23.173185402141613,2018-10-05-06-00-35
1.0,113.32768170946528,23.17318492710507,2018-10-05-06-00-35
1.0,113.32793119921564,23.17318445231548,2018-10-05-06-00-35
1.0,113.32942814586964,23.17318160945643,2018-10-05-06-00-35
1.0,113.32967763846231,23.173181136741714,2018-10-05-06-00-35
1.0,113.33716268999221,23.17316717150279,2018-10-05-06-00-35
1.0,113.33741220303452,23.17316671523123,2018-10-05-06-00-35
1.0,113.33766171694865,23.173166259685825,2018-10-05-06-00-35
1.0,113.32743220304303,23.173435307316588,2018-10-05-06-00-35
1.0,113.33541610494312,23.173420289888412,2018-10-05-06-00-35
1.0,113.33691316074652,23.173417533661762,2018-10-05-06-00-35
1.0,113.32768167541444,23.173684737494195,2018-10-05-06-00-35
1.0,113.32867963665655,23.173682839940895,2018-10-05-06-00-35
1.0,113.33491707555822,23.173671119003526,2018-10-05-06-00-35
1.0,113.32867961962684,23.17393274519424,2018-10-05-06-00-35
1.0,113.32892911091797,23.173932271515998,2018-10-05-06-00-35
1.0,113.32992708041095,23.173930380014358,2018-10-05-06-00-35
1.0,113.33466755345654,23.173921487119483,2018-10-05-06-00-35
1.0,113.32867960259698,23.17418265048696,2018-10-05-06-00-35
3.0,113.32643418062898,23.1744368307789,2018-10-05-06-00-35
1.0,113.32793111408225,23.174433978583103,2018-10-05-06-00-35
1.0,113.32867958556695,23.174432555819102,2018-10-05-06-00-35
1.0,113.33716260467567,23.174416697762716,2018-10-05-06-00-35
1.0,113.33741211771316,23.174416241490942,2018-10-05-06-00-35
1.0,113.32618467577718,23.174687212236982,2018-10-05-06-00-35
1.0,113.32718262886607,23.17468530905286,2018-10-05-06-00-35
1.0,113.32768160731077,23.174684358744685,2018-10-05-06-00-35
1.0,113.32793109705507,23.174683883954845,2018-10-05-06-00-35
1.0,113.32768157325792,23.17518416960692,2018-10-05-06-00-35
6.0,113.32917851746751,23.175181325004505,2018-10-05-06-00-35
4.0,113.32668360065657,23.175435976603215,2018-10-05-06-00-35
1.0,113.32743206684242,23.175434550134387,2018-10-05-06-00-35
1.0,113.32768155623125,23.17543407509747,2018-10-05-06-00-35
36.0,113.32693307204467,23.17568540643,2018-10-05-06-00-35
60.0,113.3269330550207,23.17593531200012,2018-10-05-06-00-35
1.0,113.3251866249411,23.176188551250668,2018-10-05-06-00-35
1.0,113.33491688794898,23.176420078953257,2018-10-05-06-00-35
1.0,113.32568556476795,23.176687409319793,2018-10-05-06-00-35
1.0,113.33641391710822,23.176667220574245,2018-10-05-06-00-35
1.0,113.33641390004581,23.17691712630232,2018-10-05-06-00-35
1.0,113.33766146095756,23.17691484143206,2018-10-05-06-00-35
1.0,113.33791097574218,23.17691438662432,2018-10-05-06-00-35
1.0,113.33691288773169,23.177416021812594,2018-10-05-06-00-35
1.0,113.33791094160527,23.177414198200083,2018-10-05-06-00-35
1.0,113.33117429740446,23.177676607338086,2018-10-05-06-00-35
1.0,113.33766140975483,23.177664558855994,2018-10-05-06-00-35
1.0,113.33591481326361,23.177917668391597,2018-10-05-06-00-35
2.0,113.33741187879112,23.177914920290462,2018-10-05-06-00-35
1.0,113.32992679079521,23.17817877538563,2018-10-05-06-00-35
1.0,113.337162348701,23.17816528249141,2018-10-05-06-00-35
1.0,113.33591477914085,23.178417480289472,2018-10-05-06-00-35
1.0,113.33666329108888,23.178666009144358,2018-10-05-06-00-35
1.0,113.3371623145682,23.178665094469494,2018-10-05-06-00-35
1.0,113.33741182758928,23.17866463819701,2018-10-05-06-00-35
1.0,113.33766134148219,23.17866418265068,2018-10-05-06-00-35
1.0,113.33192270206843,23.178924728390367,2018-10-05-06-00-35
1.0,113.33217219983646,23.178924259688593,2018-10-05-06-00-35
1.0,113.33641376354053,23.17891637357215,2018-10-05-06-00-35
1.0,113.33791083919053,23.17891363389213,2018-10-05-06-00-35
1.0,113.33117419514764,23.179176043278776,2018-10-05-06-00-35
1.0,113.33217218278925,23.179174165779482,2018-10-05-06-00-35
1.0,113.33766130734486,23.179163994790176,2018-10-05-06-00-35
1.0,113.32718230537557,23.179433518691273,2018-10-05-06-00-35
1.0,113.33142367417037,23.179425479374785,2018-10-05-06-00-35
1.0,113.33192266797585,23.179424540612732,2018-10-05-06-00-35
1.0,113.32967719554014,23.179678684182253,2018-10-05-06-00-35
1.0,113.33092466553546,23.179676326037956,2018-10-05-06-00-35
1.0,113.33142365712581,23.17967538554686,2018-10-05-06-00-35
1.0,113.33341962963395,23.179921548069853,2018-10-05-06-00-35
1.0,113.3344176398236,23.17991968856807,2018-10-05-06-00-35
1.0,113.3379107709107,23.179913258495073,2018-10-05-06-00-35
1.0,113.32518635264566,23.180187046471254,2018-10-05-06-00-35
1.0,113.32543583944624,23.18018656976737,2018-10-05-06-00-35
1.0,113.33167311965265,23.18017472840945,2018-10-05-06-00-35
1.0,113.33791075384032,23.180163164747334,2018-10-05-06-00-35
1.0,113.33341959552814,23.180421360616595,2018-10-05-06-00-35
1.0,113.33217208050253,23.18067360317724,2018-10-05-06-00-35
1.0,113.33791071969905,23.180662977374052,2018-10-05-06-00-35
1.0,113.3266832261166,23.18093390753728,2018-10-05-06-00-35
1.0,113.33791070262818,23.180912883748622,2018-10-05-06-00-35
1.0,113.34240281810295,23.170908613561263,2018-10-05-06-00-35
1.0,113.34514775829389,23.170903845907194,2018-10-05-06-00-35
1.0,113.3471441741506,23.170900460897602,2018-10-05-06-00-35
1.0,113.33791136826859,23.17116656489992,2018-10-05-06-00-35
1.0,113.34439910659705,23.171155038505315,2018-10-05-06-00-35
1.0,113.34290185328356,23.17140754723928,2018-10-05-06-00-35
1.0,113.34464863312456,23.17140451302998,2018-10-05-06-00-35
1.0,113.34489817798793,23.171404083767023,2018-10-05-06-00-35
1.0,113.342153233892,23.17165876759958,2018-10-05-06-00-35
1.0,113.3453972544134,23.171653133403478,2018-10-05-06-00-35
1.0,113.34739368087936,23.171649757576123,2018-10-05-06-00-35
1.0,113.34215321681107,23.171908672537644,2018-10-05-06-00-35
1.0,113.33516668367568,23.172171226054363,2018-10-05-06-00-35
1.0,113.33791130000948,23.172166184577378,2018-10-05-06-00-35
1.0,113.33716274118012,23.172417456217783,2018-10-05-06-00-35
1.0,113.34015695814708,23.172412031550355,2018-10-05-06-00-35
1.0,113.33616468039519,23.17266919337814,2018-10-05-06-00-35
1.0,113.3374122371619,23.17266690500219,2018-10-05-06-00-35
1.0,113.34764317188507,23.17264896085825,2018-10-05-06-00-35
1.0,113.3351666325116,23.17292094122307,2018-10-05-06-00-35
1.0,113.33716268999221,23.17316717150279,2018-10-05-06-00-35
1.0,113.33741220303452,23.17316671523123,2018-10-05-06-00-35
1.0,113.33766171694865,23.173166259685825,2018-10-05-06-00-35
1.0,113.34514760446498,23.173152990697208,2018-10-05-06-00-35
1.0,113.34539715185387,23.173152563613673,2018-10-05-06-00-35
1.0,113.34589625049894,23.173151712780278,2018-10-05-06-00-35
1.0,113.34639535438431,23.173150866469214,2018-10-05-06-00-35
1.0,113.33541610494312,23.173420289888412,2018-10-05-06-00-35
1.0,113.33691316074652,23.173417533661762,2018-10-05-06-00-35
1.0,113.34539713476003,23.173402468785625,2018-10-05-06-00-35
1.0,113.34564668343293,23.173402042809396,2018-10-05-06-00-35
1.0,113.34589623340331,23.173401617952145,2018-10-05-06-00-35
1.0,113.34614578468378,23.17340119422548,2018-10-05-06-00-35
1.0,113.34664489122518,23.173400350210247,2018-10-05-06-00-35
1.0,113.33491707555822,23.173671119003526,2018-10-05-06-00-35
1.0,113.338160713311,23.173665161207644,2018-10-05-06-00-35
1.0,113.33841022991743,23.173664707913385,2018-10-05-06-00-35
1.0,113.33865974744816,23.173664255393746,2018-10-05-06-00-35
1.0,113.34365031223082,23.173655386182723,2018-10-05-06-00-35
1.0,113.34414939332675,23.17365452025512,2018-10-05-06-00-35
1.0,113.34489802416412,23.173653229259774,2018-10-05-06-00-35
1.0,113.34614576758709,23.173651099436565,2018-10-05-06-00-35
1.0,113.33816069624385,23.173915066459404,2018-10-05-06-00-35
1.0,113.33841021284931,23.173914613165103,2018-10-05-06-00-35
1.0,113.33965781000313,23.17391235855441,2018-10-05-06-00-35
1.0,113.34240261311552,23.173907473990734,2018-10-05-06-00-35
1.0,113.34365029514301,23.173905291433552,2018-10-05-06-00-35
1.0,113.34539710057184,23.17390227924737,2018-10-05-06-00-35
1.0,113.34589619921154,23.173901428413718,2018-10-05-06-00-35
1.0,113.34714396895664,23.173899321317307,2018-10-05-06-00-35
1.0,113.33841019578104,23.174164518456195,2018-10-05-06-00-35
1.0,113.34315120174708,23.1741560667531,2018-10-05-06-00-35
1.0,113.34464844512584,23.17415346906381,2018-10-05-06-00-35
1.0,113.34689439521256,23.17414964569567,2018-10-05-06-00-35
1.0,113.33716260467567,23.174416697762716,2018-10-05-06-00-35
1.0,113.33741211771316,23.174416241490942,2018-10-05-06-00-35
1.0,113.34315118466077,23.174405972082813,2018-10-05-06-00-35
1.0,113.34664482283026,23.174399971290367,2018-10-05-06-00-35
1.0,113.34714393475531,23.174399131935942,2018-10-05-06-00-35
1.0,113.34340070513474,23.17465544193044,2018-10-05-06-00-35
1.0,113.34365024387854,23.17465500742249,2018-10-05-06-00-35
1.0,113.34389978381843,23.17465457393994,2018-10-05-06-00-35
1.0,113.34414932496716,23.174654141494546,2018-10-05-06-00-35
1.0,113.34489795579364,23.17465285049869,2018-10-05-06-00-35
1.0,113.34514750190483,23.1746524223192,2018-10-05-06-00-35
1.0,113.34564659795672,23.174651569258966,2018-10-05-06-00-35
1.0,113.34664480573112,23.174649876658957,2018-10-05-06-00-35
1.0,113.3473934756688,23.174648619403925,2018-10-05-06-00-35
1.0,113.33865966210112,23.174913782046392,2018-10-05-06-00-35
1.0,113.34414930787685,23.174904046903105,2018-10-05-06-00-35
1.0,113.34564658086097,23.174901474667266,2018-10-05-06-00-35
1.0,113.34614568210108,23.174900626082835,2018-10-05-06-00-35
1.0,113.33940820328307,23.175162334704304,2018-10-05-06-00-35
1.0,113.34414929078638,23.17515395235125,2018-10-05-06-00-35
1.0,113.34564656376506,23.175151380115157,2018-10-05-06-00-35
1.0,113.34315111631383,23.175405593797006,2018-10-05-06-00-35
1.0,113.34589609663219,23.175400860745086,2018-10-05-06-00-35
1.0,113.34614564790552,23.17540043701808,2018-10-05-06-00-35
1.0,113.3473934243624,23.175398335746735,2018-10-05-06-00-35
1.0,113.34015673617279,23.17566080033563,2018-10-05-06-00-35
1.0,113.34589607953504,23.17565076627227,2018-10-05-06-00-35
1.0,113.33816055970055,23.175914309895425,2018-10-05-06-00-35
1.0,113.33865959382048,23.17591340408077,2018-10-05-06-00-35
1.0,113.34489787032678,23.17590237793725,2018-10-05-06-00-35
1.0,113.3381605426319,23.176164215503473,2018-10-05-06-00-35
1.0,113.34365014134512,23.17615444046924,2018-10-05-06-00-35
1.0,113.34764293244871,23.176147635745835,2018-10-05-06-00-35
1.0,113.33491688794898,23.176420078953257,2018-10-05-06-00-35
1.0,113.33890907813681,23.176412763603164,2018-10-05-06-00-35
1.0,113.33915859754495,23.176412312668546,2018-10-05-06-00-35
1.0,113.34090526111252,23.176409179503278,2018-10-05-06-00-35
1.0,113.3443987476954,23.17640304879089,2018-10-05-06-00-35
1.0,113.34639513210475,23.176399636780346,2018-10-05-06-00-35
1.0,113.33641391710822,23.176667220574245,2018-10-05-06-00-35
1.0,113.33816050849407,23.176664026839205,2018-10-05-06-00-35
1.0,113.33841002508899,23.17666357354444,2018-10-05-06-00-35
1.0,113.33865954260824,23.176663121024298,2018-10-05-06-00-35
1.0,113.33940810084293,23.176661768232375,2018-10-05-06-00-35
1.0,113.33965762219036,23.176661318931433,2018-10-05-06-00-35
1.0,113.34090524403308,23.176659085190636,2018-10-05-06-00-35
1.0,113.34489781904463,23.176652094877596,2018-10-05-06-00-35
1.0,113.34539691252486,23.17665123961363,2018-10-05-06-00-35
1.0,113.33641390004581,23.17691712630232,2018-10-05-06-00-35
1.0,113.33766146095756,23.17691484143206,2018-10-05-06-00-35
1.0,113.33791097574218,23.17691438662432,2018-10-05-06-00-35
1.0,113.3381604914249,23.17691393256699,2018-10-05-06-00-35
1.0,113.33915856339914,23.176912124083813,2018-10-05-06-00-35
1.0,113.34739332174503,23.176897769505597,2018-10-05-06-00-35
1.0,113.33915854632599,23.177162029851452,2018-10-05-06-00-35
1.0,113.34115473735241,23.17715845257377,2018-10-05-06-00-35
1.0,113.34589597694867,23.17715020027199,2018-10-05-06-00-35
1.0,113.34614552821573,23.17714977654468,2018-10-05-06-00-35
1.0,113.3466446347304,23.17714893252816,2018-10-05-06-00-35
1.0,113.33691288773169,23.177416021812594,2018-10-05-06-00-35
1.0,113.33791094160527,23.177414198200083,2018-10-05-06-00-35
1.0,113.3394080496206,23.17741148553521,2018-10-05-06-00-35
1.0,113.33990709329946,23.177410587767987,2018-10-05-06-00-35
1.0,113.34015661663645,23.17741014014877,2018-10-05-06-00-35
1.0,113.34564640989431,23.177400530936488,2018-10-05-06-00-35
1.0,113.33766140975483,23.177664558855994,2018-10-05-06-00-35
1.0,113.3396575538898,23.17766094208189,2018-10-05-06-00-35
1.0,113.34090517571362,23.17765870834025,2018-10-05-06-00-35
1.0,113.34190329207846,23.177656937382416,2018-10-05-06-00-35
1.0,113.34539684413912,23.177650862760174,2018-10-05-06-00-35
1.0,113.33591481326361,23.177917668391597,2018-10-05-06-00-35
2.0,113.33741187879112,23.177914920290462,2018-10-05-06-00-35
1.0,113.33865945725117,23.17791265006353,2018-10-05-06-00-35
1.0,113.34639502950463,23.1778990714994,2018-10-05-06-00-35
1.0,113.34689413869692,23.177898229801656,2018-10-05-06-00-35
1.0,113.337162348701,23.17816528249141,2018-10-05-06-00-35
1.0,113.33840992266575,23.17816300851226,2018-10-05-06-00-35
1.0,113.3421527897332,23.17815630878485,2018-10-05-06-00-35
1.0,113.33591477914085,23.178417480289472,2018-10-05-06-00-35
1.0,113.34265183966257,23.178405336802193,2018-10-05-06-00-35
1.0,113.33666329108888,23.178666009144358,2018-10-05-06-00-35
1.0,113.3371623145682,23.178665094469494,2018-10-05-06-00-35
1.0,113.33741182758928,23.17866463819701,2018-10-05-06-00-35
1.0,113.33766134148219,23.17866418265068,2018-10-05-06-00-35
1.0,113.3386594060349,23.178662367969444,2018-10-05-06-00-35
1.0,113.33641376354053,23.17891637357215,2018-10-05-06-00-35
1.0,113.33791083919053,23.17891363389213,2018-10-05-06-00-35
1.0,113.33840987145186,23.178912726539323,2018-10-05-06-00-35
1.0,113.34240227141625,23.178905587351426,2018-10-05-06-00-35
1.0,113.33766130734486,23.179163994790176,2018-10-05-06-00-35
1.0,113.33840985438023,23.17916263262917,2018-10-05-06-00-35
1.0,113.33915840973471,23.17916127743966,2018-10-05-06-00-35
1.0,113.33940793009599,23.179160827315414,2018-10-05-06-00-35
1.0,113.33915839266005,23.179411183569883,2018-10-05-06-00-35
1.0,113.33890885618946,23.17966154067583,2018-10-05-06-00-35
1.0,113.3379107709107,23.179913258495073,2018-10-05-06-00-35
1.0,113.33890883911542,23.179911446887257,2018-10-05-06-00-35
1.0,113.33791075384032,23.180163164747334,2018-10-05-06-00-35
1.0,113.33890882204122,23.180161353139347,2018-10-05-06-00-35
1.0,113.33915834143507,23.180160902204097,2018-10-05-06-00-35
1.0,113.33840976901958,23.180412163687002,2018-10-05-06-00-35
1.0,113.34389939071984,23.180402408448796,2018-10-05-06-00-35
1.0,113.33791071969905,23.180662977374052,2018-10-05-06-00-35
1.0,113.33840975194695,23.18066207002066,2018-10-05-06-00-35
1.0,113.3438993736266,23.18065231478152,2018-10-05-06-00-35
1.0,113.33791070262818,23.180912883748622,2018-10-05-06-00-35
1.0,113.33890877081758,23.18091107214013,2018-10-05-06-00-35
1.0,113.3458964214461,23.170652663209218,2018-10-05-06-00-35
1.0,113.34514775829389,23.170903845907194,2018-10-05-06-00-35
1.0,113.3471441741506,23.170900460897602,2018-10-05-06-00-35
1.0,113.35188602546174,23.170892736984264,2018-10-05-06-00-35
1.0,113.35238518284888,23.171141856885324,2018-10-05-06-00-35
1.0,113.34464863312456,23.17140451302998,2018-10-05-06-00-35
1.0,113.34489817798793,23.171404083767023,2018-10-05-06-00-35
1.0,113.35188599123184,23.171392546662815,2018-10-05-06-00-35
1.0,113.3551307444634,23.171387548882034,2018-10-05-06-00-35
1.0,113.35662842150872,23.171385328764423,2018-10-05-06-00-35
1.0,113.3453972544134,23.171653133403478,2018-10-05-06-00-35
1.0,113.34739368087936,23.171649757576123,2018-10-05-06-00-35
1.0,113.34939017887544,23.171896363465937,2018-10-05-06-00-35
1.0,113.34889100723372,23.172396990700015,2018-10-05-06-00-35
1.0,113.3526346869476,23.172390991238693,2018-10-05-06-00-35
1.0,113.34764317188507,23.17264896085825,2018-10-05-06-00-35
1.0,113.34889099012803,23.172646895753896,2018-10-05-06-00-35
1.0,113.34514760446498,23.173152990697208,2018-10-05-06-00-35
1.0,113.34539715185387,23.173152563613673,2018-10-05-06-00-35
1.0,113.34589625049894,23.173151712780278,2018-10-05-06-00-35
1.0,113.34639535438431,23.173150866469214,2018-10-05-06-00-35
1.0,113.3481422606964,23.173147941328136,2018-10-05-06-00-35
1.0,113.34539713476003,23.173402468785625,2018-10-05-06-00-35
1.0,113.34564668343293,23.173402042809396,2018-10-05-06-00-35
1.0,113.34589623340331,23.173401617952145,2018-10-05-06-00-35
1.0,113.34614578468378,23.17340119422548,2018-10-05-06-00-35
1.0,113.34664489122518,23.173400350210247,2018-10-05-06-00-35
1.0,113.34988921958596,23.17339498182593,2018-10-05-06-00-35
1.0,113.35013879351992,23.17339457775014,2018-10-05-06-00-35
1.0,113.34489802416412,23.173653229259774,2018-10-05-06-00-35
1.0,113.34614576758709,23.173651099436565,2018-10-05-06-00-35
1.0,113.35063792884868,23.17364367879393,2018-10-05-06-00-35
1.0,113.34539710057184,23.17390227924737,2018-10-05-06-00-35
1.0,113.34589619921154,23.173901428413718,2018-10-05-06-00-35
1.0,113.34714396895664,23.173899321317307,2018-10-05-06-00-35
1.0,113.35138665200753,23.173892387923832,2018-10-05-06-00-35
1.0,113.34464844512584,23.17415346906381,2018-10-05-06-00-35
1.0,113.34689439521256,23.17414964569567,2018-10-05-06-00-35
1.0,113.34839175591203,23.174147149217315,2018-10-05-06-00-35
1.0,113.34664482283026,23.174399971290367,2018-10-05-06-00-35
1.0,113.34714393475531,23.174399131935942,2018-10-05-06-00-35
1.0,113.3486413038717,23.174396642759078,2018-10-05-06-00-35
1.0,113.34489795579364,23.17465285049869,2018-10-05-06-00-35
1.0,113.34514750190483,23.1746524223192,2018-10-05-06-00-35
1.0,113.34564659795672,23.174651569258966,2018-10-05-06-00-35
1.0,113.34664480573112,23.174649876658957,2018-10-05-06-00-35
1.0,113.3473934756688,23.174648619403925,2018-10-05-06-00-35
1.0,113.34564658086097,23.174901474667266,2018-10-05-06-00-35
1.0,113.34614568210108,23.174900626082835,2018-10-05-06-00-35
1.0,113.35538011305633,23.174885847055805,2018-10-05-06-00-35
1.0,113.34564656376506,23.175151380115157,2018-10-05-06-00-35
1.0,113.34589609663219,23.175400860745086,2018-10-05-06-00-35
1.0,113.34614564790552,23.17540043701808,2018-10-05-06-00-35
1.0,113.3473934243624,23.175398335746735,2018-10-05-06-00-35
1.0,113.34589607953504,23.17565076627227,2018-10-05-06-00-35
1.0,113.34864121833917,23.175646169996195,2018-10-05-06-00-35
1.0,113.34489787032678,23.17590237793725,2018-10-05-06-00-35
1.0,113.34764293244871,23.176147635745835,2018-10-05-06-00-35
1.0,113.34639513210475,23.176399636780346,2018-10-05-06-00-35
1.0,113.34489781904463,23.176652094877596,2018-10-05-06-00-35
1.0,113.34539691252486,23.17665123961363,2018-10-05-06-00-35
1.0,113.34739332174503,23.176897769505597,2018-10-05-06-00-35
1.0,113.34589597694867,23.17715020027199,2018-10-05-06-00-35
1.0,113.34614552821573,23.17714977654468,2018-10-05-06-00-35
1.0,113.3466446347304,23.17714893252816,2018-10-05-06-00-35
1.0,113.34564640989431,23.177400530936488,2018-10-05-06-00-35
1.0,113.34539684413912,23.177650862760174,2018-10-05-06-00-35
1.0,113.34639502950463,23.1778990714994,2018-10-05-06-00-35
1.0,113.34689413869692,23.177898229801656,2018-10-05-06-00-35
1.0,113.34963932206148,23.178143592989844,2018-10-05-06-00-35
