count,wgs_lng,wgs_lat,time
1.0,113.32593728031809,23.143949607388393,2018-09-28-05-00-14
1.0,113.32643625595622,23.14394865505362,2018-09-28-05-00-14
1.0,113.32743421076417,23.14394675270455,2018-09-28-05-00-14
1.0,113.33067760578687,23.14394060009075,2018-09-28-05-00-14
1.0,113.33092710092825,23.14394012923361,2018-09-28-05-00-14
1.0,113.33491910385798,23.14393265932554,2018-09-28-05-00-14
1.0,113.3281826633745,23.144195229323355,2018-09-28-05-00-14
1.0,113.33117657957618,23.14418955974423,2018-09-28-05-00-14
1.0,113.32568775889786,23.14444988575754,2018-09-28-05-00-14
1.0,113.32593724632034,23.144449409343284,2018-09-28-05-00-14
1.0,113.33292303105131,23.144686081062872,2018-09-28-05-00-14
1.0,113.33566757272877,23.14468097740082,2018-09-28-05-00-14
1.0,113.33741414722853,23.144677768964772,2018-09-28-05-00-14
1.0,113.32668565918588,23.14519768429077,2018-09-28-05-00-14
1.0,113.32693514772004,23.145197208592187,2018-09-28-05-00-14
1.0,113.32918056018305,23.145192938232437,2018-09-28-05-00-14
1.0,113.33392100234832,23.145184019390243,2018-09-28-05-00-14
1.0,113.33491901868285,23.145182164451715,2018-09-28-05-00-14
1.0,113.33566753865236,23.14518077954966,2018-09-28-05-00-14
1.0,113.32668564218322,23.145447585416168,2018-09-28-05-00-14
1.0,113.32918054317034,23.14544283935742,2018-09-28-05-00-14
1.0,113.32918052615744,23.14569274051546,2018-09-28-05-00-14
1.0,113.33092698179256,23.145689436645554,2018-09-28-05-00-14
1.0,113.32868150890644,23.146193489969477,2018-09-28-05-00-14
1.0,113.33117644341112,23.14618876861054,2018-09-28-05-00-14
1.0,113.32868149189507,23.146443391227127,2018-09-28-05-00-14
27.0,113.32918047511778,23.14644244418853,2018-09-28-05-00-14
1.0,113.33641598042672,23.146428906366012,2018-09-28-05-00-14
2.0,113.32918045810423,23.14669234547939,2018-09-28-05-00-14
1.0,113.33367139782776,23.146683891786118,2018-09-28-05-00-14
1.0,113.3344199068857,23.146682498003152,2018-09-28-05-00-14
1.0,113.33641596338451,23.14667880765566,2018-09-28-05-00-14
1.0,113.33417038613752,23.14693286335742,2018-09-28-05-00-14
1.0,113.33591692757027,23.14692962774451,2018-09-28-05-00-14
1.0,113.33716448067483,23.14692733594171,2018-09-28-05-00-14
1.0,113.32718450052433,23.147195943034863,2018-09-28-05-00-14
1.0,113.33167536826704,23.147187434211297,2018-09-28-05-00-14
1.0,113.33541787789093,23.14743035186949,2018-09-28-05-00-14
1.0,113.33566738530027,23.14742989085974,2018-09-28-05-00-14
1.0,113.33591689348891,23.147429430490924,2018-09-28-05-00-14
1.0,113.33566736826032,23.147679792283235,2018-09-28-05-00-14
1.0,113.3349188312829,23.14793107864373,2018-09-28-05-00-14
1.0,113.32918033900471,23.148441655452206,2018-09-28-05-00-14
1.0,113.33142578640235,23.148437411098392,2018-09-28-05-00-14
1.0,113.32493900910904,23.148699637807166,2018-09-28-05-00-14
1.0,113.33142576937847,23.148687312657213,2018-09-28-05-00-14
1.0,113.3316752661203,23.14868684305901,2018-09-28-05-00-14
1.0,113.33192476342865,23.148686373905377,2018-09-28-05-00-14
1.0,113.32568745290641,23.148948109317057,2018-09-28-05-00-14
1.0,113.3274338536274,23.149194679840388,2018-09-28-05-00-14
1.0,113.32967927289125,23.149190414476262,2018-09-28-05-00-14
1.0,113.33441973653251,23.149181512746267,2018-09-28-05-00-14
1.0,113.33616628317324,23.149178281446066,2018-09-28-05-00-14
1.0,113.32668537011814,23.149446007957355,2018-09-28-05-00-14
1.0,113.32893077913518,23.14944173525739,2018-09-28-05-00-14
1.0,113.33117622212016,23.149437487567244,2018-09-28-05-00-14
1.0,113.32468945461564,23.14969972131842,2018-09-28-05-00-14
1.0,113.3271843304568,23.14969495846368,2018-09-28-05-00-14
1.0,113.33142570128129,23.14968691923102,2018-09-28-05-00-14
1.0,113.32643584789083,23.149946287278503,2018-09-28-05-00-14
1.0,113.326685336107,23.149945811381638,2018-09-28-05-00-14
1.0,113.32768329209358,23.149943909892762,2018-09-28-05-00-14
1.0,113.32893074510591,23.149941538680928,2018-09-28-05-00-14
1.0,113.33142568425659,23.149936820959386,2018-09-28-05-00-14
1.0,113.33766330325427,23.1499252426284,2018-09-28-05-00-14
1.0,113.32868123670441,23.150191914118086,2018-09-28-05-00-14
1.0,113.33142566723171,23.150186722721823,2018-09-28-05-00-14
1.0,113.32768325807372,23.15044371345302,2018-09-28-05-00-14
1.0,113.33292262234946,23.15068371567282,2018-09-28-05-00-14
1.0,113.3291801348151,23.151440476405437,2018-09-28-05-00-14
1.0,113.33516809861953,23.15142924034517,2018-09-28-05-00-14
1.0,113.32918011779823,23.15169037837389,2018-09-28-05-00-14
1.0,113.3249387711233,23.152198263219876,2018-09-28-05-00-14
1.0,113.32793262883398,23.152192552207715,2018-09-28-05-00-14
1.0,113.328930591966,23.152190655780128,2018-09-28-05-00-14
1.0,113.33591656968274,23.152177563331584,2018-09-28-05-00-14
1.0,113.33192449099214,23.15268480347964,2018-09-28-05-00-14
1.0,113.33167497667199,23.15293517477489,2018-09-28-05-00-14
1.0,113.32967900059306,23.153188845154144,2018-09-28-05-00-14
1.0,113.33516797933132,23.153178554843187,2018-09-28-05-00-14
1.0,113.32518817281114,23.1534472971077,2018-09-28-05-00-14
1.0,113.3336709379155,23.1534312394079,2018-09-28-05-00-14
1.0,113.32893048986524,23.153690068733255,2018-09-28-05-00-14
1.0,113.3324234192063,23.153683475326048,2018-09-28-05-00-14
1.0,113.32818199993777,23.153941392915655,2018-09-28-05-00-14
1.0,113.33491910385798,23.14393265932554,2018-09-28-05-00-14
1.0,113.34115700761997,23.143921315900812,2018-09-28-05-00-14
1.0,113.34165606604188,23.143920430421417,2018-09-28-05-00-14
1.0,113.3421551288365,23.14391954866468,2018-09-28-05-00-14
1.0,113.34739557793347,23.143910538741054,2018-09-28-05-00-14
1.0,113.33566757272877,23.14468097740082,2018-09-28-05-00-14
1.0,113.33741414722853,23.144677768964772,2018-09-28-05-00-14
1.0,113.34340273736045,23.144916965212538,2018-09-28-05-00-14
1.0,113.33491901868285,23.145182164451715,2018-09-28-05-00-14
1.0,113.33566753865236,23.14518077954966,2018-09-28-05-00-14
1.0,113.34140643393079,23.145420278945373,2018-09-28-05-00-14
1.0,113.33866165812701,23.145675103193476,2018-09-28-05-00-14
1.0,113.33891117670207,23.14567465146526,2018-09-28-05-00-14
1.0,113.34090736060902,23.145671067406923,2018-09-28-05-00-14
1.0,113.33965970407277,23.14617310353351,2018-09-28-05-00-14
1.0,113.33641598042672,23.146428906366012,2018-09-28-05-00-14
1.0,113.3344199068857,23.146682498003152,2018-09-28-05-00-14
1.0,113.33641596338451,23.14667880765566,2018-09-28-05-00-14
1.0,113.33591692757027,23.14692962774451,2018-09-28-05-00-14
1.0,113.33716448067483,23.14692733594171,2018-09-28-05-00-14
1.0,113.33791302273364,23.14692596933086,2018-09-28-05-00-14
1.0,113.33866155582233,23.147174510829696,2018-09-28-05-00-14
1.0,113.33541787789093,23.14743035186949,2018-09-28-05-00-14
1.0,113.33566738530027,23.14742989085974,2018-09-28-05-00-14
1.0,113.33591689348891,23.147429430490924,2018-09-28-05-00-14
1.0,113.33841202113983,23.147424864734393,2018-09-28-05-00-14
1.0,113.33566736826032,23.147679792283235,2018-09-28-05-00-14
1.0,113.33791297158817,23.147675673499723,2018-09-28-05-00-14
1.0,113.33866152171944,23.147674313642167,2018-09-28-05-00-14
1.0,113.3391605598046,23.14767341098384,2018-09-28-05-00-14
1.0,113.34140628037952,23.147669390546337,2018-09-28-05-00-14
1.0,113.34489980085645,23.147663287618556,2018-09-28-05-00-14
1.0,113.3349188312829,23.14793107864373,2018-09-28-05-00-14
1.0,113.34015863058242,23.14792151694984,2018-09-28-05-00-14
1.0,113.3384119699876,23.148174569104256,2018-09-28-05-00-14
1.0,113.3396595164641,23.14892201918764,2018-09-28-05-00-14
1.0,113.34739523627432,23.148908564182424,2018-09-28-05-00-14
1.0,113.33441973653251,23.149181512746267,2018-09-28-05-00-14
1.0,113.33616628317324,23.149178281446066,2018-09-28-05-00-14
20.0,113.34614740810635,23.149660370404646,2018-09-28-05-00-14
1.0,113.34639696079411,23.149659947824244,2018-09-28-05-00-14
1.0,113.33766330325427,23.1499252426284,2018-09-28-05-00-14
1.0,113.34390147484056,23.149914125357654,2018-09-28-05-00-14
1.0,113.34539874084909,23.149911546678553,2018-09-28-05-00-14
1.0,113.34639694371243,23.149909849550077,2018-09-28-05-00-14
1.0,113.34489956179178,23.151161911076066,2018-09-28-05-00-14
1.0,113.34639685830153,23.151159358691515,2018-09-28-05-00-14
1.0,113.33516809861953,23.15142924034517,2018-09-28-05-00-14
1.0,113.34315275590106,23.15141483993297,2018-09-28-05-00-14
1.0,113.33591656968274,23.152177563331584,2018-09-28-05-00-14
1.0,113.34290316821445,23.152164982454302,2018-09-28-05-00-14
1.0,113.34464994854848,23.152161948268013,2018-09-28-05-00-14
1.0,113.33516797933132,23.153178554843187,2018-09-28-05-00-14
1.0,113.35263665443868,23.143652156655907,2018-09-28-05-00-14
1.0,113.34739557793347,23.143910538741054,2018-09-28-05-00-14
1.0,113.3566303048291,23.143896015006653,2018-09-28-05-00-14
1.0,113.35263658604144,23.144651760547685,2018-09-28-05-00-14
1.0,113.35538216730234,23.14489746518007,2018-09-28-05-00-14
1.0,113.35638061895813,23.144895985085352,2018-09-28-05-00-14
1.0,113.3566302363803,23.144895619026812,2018-09-28-05-00-14
1.0,113.35363491035233,23.145399916981553,2018-09-28-05-00-14
1.0,113.34939194000745,23.146156349531218,2018-09-28-05-00-14
1.0,113.3541340398135,23.14639875721159,2018-09-28-05-00-14
1.0,113.3551324390802,23.14664714742387,2018-09-28-05-00-14
1.0,113.34489980085645,23.147663287618556,2018-09-28-05-00-14
1.0,113.35113886642813,23.14765293848668,2018-09-28-05-00-14
1.0,113.34739523627432,23.148908564182424,2018-09-28-05-00-14
20.0,113.34614740810635,23.149660370404646,2018-09-28-05-00-14
1.0,113.34639696079411,23.149659947824244,2018-09-28-05-00-14
1.0,113.34539874084909,23.149911546678553,2018-09-28-05-00-14
1.0,113.34639694371243,23.149909849550077,2018-09-28-05-00-14
1.0,113.35588103019508,23.15014465182352,2018-09-28-05-00-14
1.0,113.34489956179178,23.151161911076066,2018-09-28-05-00-14
1.0,113.34639685830153,23.151159358691515,2018-09-28-05-00-14
1.0,113.35488252440445,23.151145751816696,2018-09-28-05-00-14
1.0,113.34464994854848,23.152161948268013,2018-09-28-05-00-14
1.0,113.34839324341729,23.15240553054715,2018-09-28-05-00-14
1.0,113.34914194319337,23.152404298979484,2018-09-28-05-00-14
1.0,113.347894100337,23.152656259942294,2018-09-28-05-00-14
1.0,113.35538163685366,23.152644414493665,2018-09-28-05-00-14
1.0,113.35038977154709,23.152902076348987,2018-09-28-05-00-14
1.0,113.33167497667199,23.15293517477489,2018-09-28-05-00-14
1.0,113.32967900059306,23.153188845154144,2018-09-28-05-00-14
1.0,113.33516797933132,23.153178554843187,2018-09-28-05-00-14
1.0,113.32518817281114,23.1534472971077,2018-09-28-05-00-14
1.0,113.3336709379155,23.1534312394079,2018-09-28-05-00-14
1.0,113.32893048986524,23.153690068733255,2018-09-28-05-00-14
1.0,113.3324234192063,23.153683475326048,2018-09-28-05-00-14
1.0,113.32818199993777,23.153941392915655,2018-09-28-05-00-14
1.0,113.32917994762025,23.154189399963514,2018-09-28-05-00-14
1.0,113.32818196590856,23.15444119758236,2018-09-28-05-00-14
1.0,113.32942942282325,23.15443882926911,2018-09-28-05-00-14
1.0,113.33392037206795,23.154430383442808,2018-09-28-05-00-14
1.0,113.32893042179472,23.154689678066276,2018-09-28-05-00-14
1.0,113.3344193616968,23.154679357195825,2018-09-28-05-00-14
1.0,113.33267283311108,23.15493251933007,2018-09-28-05-00-14
1.0,113.33766296223521,23.154923284405545,2018-09-28-05-00-14
1.0,113.33167482341516,23.155184295613875,2018-09-28-05-00-14
1.0,113.33691440583398,23.155174555653733,2018-09-28-05-00-14
1.0,113.32593649820157,23.155445086380077,2018-09-28-05-00-14
1.0,113.33267279904457,23.155432324276404,2018-09-28-05-00-14
1.0,113.33766292812963,23.155423089350208,2018-09-28-05-00-14
1.0,113.33541728142734,23.15617692203546,2018-09-28-05-00-14
1.0,113.32643540571183,23.15644374436247,2018-09-28-05-00-14
1.0,113.32668489390174,23.15644326846453,2018-09-28-05-00-14
1.0,113.33466874680335,23.156428211424537,2018-09-28-05-00-14
1.0,113.3264353887027,23.1566936470314,2018-09-28-05-00-14
1.0,113.32793230557074,23.156940697557484,2018-09-28-05-00-14
1.0,113.33491821783282,23.156927553934427,2018-09-28-05-00-14
1.0,113.3271837861289,23.15769183097394,2018-09-28-05-00-14
1.0,113.33042717498213,23.157685674316607,2018-09-28-05-00-14
1.0,113.3249383630719,23.15819592263864,2018-09-28-05-00-14
1.0,113.32518784974329,23.158195445815064,2018-09-28-05-00-14
1.0,113.32967866016034,23.158186896058197,2018-09-28-05-00-14
1.0,113.33067663550129,23.15818500879124,2018-09-28-05-00-14
1.0,113.33117562619682,23.1581840674798,2018-09-28-05-00-14
1.0,113.33392011648382,23.158178922932905,2018-09-28-05-00-14
1.0,113.32543728561386,23.1589446779809,2018-09-28-05-00-14
1.0,113.33267256056031,23.15893096288022,2018-09-28-05-00-14
1.0,113.33641512811214,23.15892401279749,2018-09-28-05-00-14
1.0,113.32518776471545,23.15944496077242,2018-09-28-05-00-14
1.0,113.33317150941419,23.159679738065527,2018-09-28-05-00-14
1.0,113.33416951720345,23.15967787638081,2018-09-28-05-00-14
1.0,113.32518771369676,23.160194670180754,2018-09-28-05-00-14
1.0,113.32518766267657,23.16094437991636,2018-09-28-05-00-14
1.0,113.3259361070113,23.161192853551714,2018-09-28-05-00-14
1.0,113.32942896322791,23.16118620618147,2018-09-28-05-00-14
1.0,113.33391989494723,23.161427663688286,2018-09-28-05-00-14
1.0,113.33042690254528,23.161684124199475,2018-09-28-05-00-14
1.0,113.3251875946473,23.161943993408826,2018-09-28-05-00-14
1.0,113.32593605598,23.161942563725624,2018-09-28-05-00-14
1.0,113.32892992820385,23.161936862767465,2018-09-28-05-00-14
1.0,113.3326723561192,23.16192980159286,2018-09-28-05-00-14
1.0,113.32543704750427,23.16244332367439,2018-09-28-05-00-14
1.0,113.32543703049518,23.162693227212863,2018-09-28-05-00-14
1.0,113.33516797933132,23.153178554843187,2018-09-28-05-00-14
1.0,113.34689577974554,23.15390744014654,2018-09-28-05-00-14
1.0,113.33791251121129,23.154423024797705,2018-09-28-05-00-14
1.0,113.33816200992611,23.154672473128443,2018-09-28-05-00-14
1.0,113.33766296223521,23.154923284405545,2018-09-28-05-00-14
1.0,113.34739482619493,23.154906212625114,2018-09-28-05-00-14
1.0,113.33691440583398,23.155174555653733,2018-09-28-05-00-14
1.0,113.34664613896167,23.155157372323103,2018-09-28-05-00-14
1.0,113.34689569431235,23.1551569520608,2018-09-28-05-00-14
1.0,113.33766292812963,23.155423089350208,2018-09-28-05-00-14
1.0,113.33541728142734,23.15617692203546,2018-09-28-05-00-14
1.0,113.33466874680335,23.156428211424537,2018-09-28-05-00-14
1.0,113.346895608875,23.156406464856364,2018-09-28-05-00-14
1.0,113.34340193499978,23.156662353015783,2018-09-28-05-00-14
1.0,113.33491821783282,23.156927553934427,2018-09-28-05-00-14
1.0,113.34340191792425,23.15691225571745,2018-09-28-05-00-14
1.0,113.33965895351673,23.157168791025178,2018-09-28-05-00-14
1.0,113.33641512811214,23.15892401279749,2018-09-28-05-00-14
1.0,113.34614669056907,23.16015627287432,2018-09-28-05-00-14
1.0,113.34365114932874,23.161410075990435,2018-09-28-05-00-14
1.0,113.34290248525727,23.16216109281202,2018-09-28-05-00-14
1.0,113.34315202169329,23.16216065629077,2018-09-28-05-00-14
1.0,113.347894100337,23.152656259942294,2018-09-28-05-00-14
1.0,113.35538163685366,23.152644414493665,2018-09-28-05-00-14
1.0,113.35038977154709,23.152902076348987,2018-09-28-05-00-14
1.0,113.34689577974554,23.15390744014654,2018-09-28-05-00-14
1.0,113.34964098114169,23.153902897454035,2018-09-28-05-00-14
1.0,113.34989055363411,23.15390249206825,2018-09-28-05-00-14
1.0,113.35038965185926,23.154651392289466,2018-09-28-05-00-14
1.0,113.34739482619493,23.154906212625114,2018-09-28-05-00-14
1.0,113.34664613896167,23.155157372323103,2018-09-28-05-00-14
1.0,113.34689569431235,23.1551569520608,2018-09-28-05-00-14
1.0,113.34814349171477,23.15515486863139,2018-09-28-05-00-14
1.0,113.34839305541196,23.15515445560216,2018-09-28-05-00-14
1.0,113.35163746715793,23.155898911248627,2018-09-28-05-00-14
1.0,113.346895608875,23.156406464856364,2018-09-28-05-00-14
1.0,113.35712868928978,23.156390376768094,2018-09-28-05-00-14
1.0,113.35063902370115,23.15764982222006,2018-09-28-05-00-14
1.0,113.34614669056907,23.16015627287432,2018-09-28-05-00-14
1.0,113.35088839704306,23.160648258653055,2018-09-28-05-00-14
1.0,113.34939086302138,23.161900195784554,2018-09-28-05-00-14
1.0,113.35288494578857,23.16264433519065,2018-09-28-05-00-14
1.0,113.3251875946473,23.161943993408826,2018-09-28-05-00-14
1.0,113.32593605598,23.161942563725624,2018-09-28-05-00-14
1.0,113.32892992820385,23.161936862767465,2018-09-28-05-00-14
1.0,113.3326723561192,23.16192980159286,2018-09-28-05-00-14
1.0,113.32543704750427,23.16244332367439,2018-09-28-05-00-14
1.0,113.32543703049518,23.162693227212863,2018-09-28-05-00-14
1.0,113.32543699647653,23.163193034400624,2018-09-28-05-00-14
1.0,113.32793188013282,23.163188276892107,2018-09-28-05-00-14
1.0,113.33516729752748,23.163174670982368,2018-09-28-05-00-14
1.0,113.32618544151707,23.16344150881019,2018-09-28-05-00-14
1.0,113.32668440054007,23.163690460513127,2018-09-28-05-00-14
1.0,113.32743286686836,23.16368903405013,2018-09-28-05-00-14
1.0,113.33342073770945,23.163677726379518,2018-09-28-05-00-14
1.0,113.33367023929772,23.163677260680046,2018-09-28-05-00-14
1.0,113.32618540749134,23.16394131622002,2018-09-28-05-00-14
1.0,113.3266843835251,23.163940364236527,2018-09-28-05-00-14
1.0,113.33441873110918,23.163925770610685,2018-09-28-05-00-14
1.0,113.3274328328322,23.164188841533868,2018-09-28-05-00-14
1.0,113.33117521744569,23.164181747563013,2018-09-28-05-00-14
1.0,113.33641477001557,23.164171983999086,2018-09-28-05-00-14
1.0,113.33441869701686,23.164425578166536,2018-09-28-05-00-14
1.0,113.32718330970216,23.164689124436322,2018-09-28-05-00-14
1.0,113.32768227120792,23.164938078003775,2018-09-28-05-00-14
1.0,113.33367015408125,23.164926779663688,2018-09-28-05-00-14
1.0,113.32768225418808,23.165187981913512,2018-09-28-05-00-14
1.0,113.32668426441566,23.165689691344728,2018-09-28-05-00-14
1.0,113.32568629645228,23.165941500026555,2018-09-28-05-00-14
1.0,113.3259357667743,23.166190927668964,2018-09-28-05-00-14
1.0,113.3266842303829,23.166189499427283,2018-09-28-05-00-14
1.0,113.33666414411154,23.166170757040323,2018-09-28-05-00-14
1.0,113.33516705883305,23.16667332544549,2018-09-28-05-00-14
1.0,113.33566607273544,23.166672402790834,2018-09-28-05-00-14
1.0,113.32768210100204,23.167437118793643,2018-09-28-05-00-14
1.0,113.3271831054793,23.16768797338636,2018-09-28-05-00-14
1.0,113.32568616034827,23.167940733566834,2018-09-28-05-00-14
1.0,113.33566598746972,23.16792192402893,2018-09-28-05-00-14
1.0,113.3254366562534,23.16819111449632,2018-09-28-05-00-14
1.0,113.33042645974439,23.16818162539438,2018-09-28-05-00-14
1.0,113.32518715239225,23.16844149559969,2018-09-28-05-00-14
1.0,113.33042644271133,23.168431529794983,2018-09-28-05-00-14
1.0,113.3306759372418,23.168431058538534,2018-09-28-05-00-14
1.0,113.32518713538019,23.168691400039336,2018-09-28-05-00-14
1.0,113.3356659363083,23.168671637228165,2018-09-28-05-00-14
1.0,113.33541641192868,23.168922002717647,2018-09-28-05-00-14
1.0,113.33292131044927,23.169926263700646,2018-09-28-05-00-14
1.0,113.3339193154105,23.16992439986176,2018-09-28-05-00-14
1.0,113.3306757668921,23.170930104652832,2018-09-28-05-00-14
1.0,113.32967777472338,23.171181896751914,2018-09-28-05-00-14
1.0,113.33042625533673,23.171180480733234,2018-09-28-05-00-14
1.0,113.3336697279363,23.17117438874763,2018-09-28-05-00-14
1.0,113.33292120818174,23.171425692291503,2018-09-28-05-00-14
1.0,113.34290248525727,23.16216109281202,2018-09-28-05-00-14
1.0,113.34315202169329,23.16216065629077,2018-09-28-05-00-14
1.0,113.34215383161947,23.16291211887553,2018-09-28-05-00-14
1.0,113.34365104684854,23.16290949687185,2018-09-28-05-00-14
1.0,113.33516729752748,23.163174670982368,2018-09-28-05-00-14
1.0,113.33841092956634,23.16341862582169,2018-09-28-05-00-14
1.0,113.34315193630022,23.16341017415317,2018-09-28-05-00-14
1.0,113.33641477001557,23.164171983999086,2018-09-28-05-00-14
1.0,113.34240326215973,23.164411101633288,2018-09-28-05-00-14
1.0,113.33915938271404,23.164916693303354,2018-09-28-05-00-14
1.0,113.33666414411154,23.166170757040323,2018-09-28-05-00-14
1.0,113.33516705883305,23.16667332544549,2018-09-28-05-00-14
1.0,113.33566607273544,23.166672402790834,2018-09-28-05-00-14
1.0,113.33566598746972,23.16792192402893,2018-09-28-05-00-14
1.0,113.3356659363083,23.168671637228165,2018-09-28-05-00-14
1.0,113.34215343885023,23.16865991136028,2018-09-28-05-00-14
1.0,113.33541641192868,23.168922002717647,2018-09-28-05-00-14
1.0,113.343151560521,23.168908063853063,2018-09-28-05-00-14
1.0,113.34015718009312,23.169163269363956,2018-09-28-05-00-14
1.0,113.34290195578134,23.169908118658512,2018-09-28-05-00-14
1.0,113.34564692274404,23.169903373951026,2018-09-28-05-00-14
1.0,113.34240281810295,23.170908613561263,2018-09-28-05-00-14
1.0,113.34340096142817,23.170906865513945,2018-09-28-05-00-14
1.0,113.34365050018575,23.17090643100664,2018-09-28-05-00-14
1.0,113.34689461749561,23.1709008799858,2018-09-28-05-00-14
1.0,113.34215325097279,23.17140886270041,2018-09-28-05-00-14
1.0,113.34489817798793,23.171404083767023,2018-09-28-05-00-14
1.0,113.34315137260101,23.171657015615455,2018-09-28-05-00-14
1.0,113.3434009101725,23.171656580094403,2018-09-28-05-00-14
1.0,113.34939086302138,23.161900195784554,2018-09-28-05-00-14
1.0,113.35288494578857,23.16264433519065,2018-09-28-05-00-14
1.0,113.34988993804632,23.162898997771837,2018-09-28-05-00-14
1.0,113.3541328077693,23.164391738421216,2018-09-28-05-00-14
1.0,113.3526351833067,23.165143761459866,2018-09-28-05-00-14
1.0,113.35288477465478,23.165143372568284,2018-09-28-05-00-14
1.0,113.35238555937353,23.16564395971046,2018-09-28-05-00-14
1.0,113.35313431630927,23.16589269706437,2018-09-28-05-00-14
1.0,113.35363345595692,23.166641638836364,2018-09-28-05-00-14
1.0,113.34988952753376,23.16889669469963,2018-09-28-05-00-14
1.0,113.35388289990702,23.1688903946809,2018-09-28-05-00-14
1.0,113.34814253433112,23.169149463880135,2018-09-28-05-00-14
1.0,113.34839209797956,23.16914905084848,2018-09-28-05-00-14
1.0,113.34564692274404,23.169903373951026,2018-09-28-05-00-14
1.0,113.35013899883471,23.170395718272506,2018-09-28-05-00-14
1.0,113.35238523419793,23.170392142542035,2018-09-28-05-00-14
1.0,113.34988940778274,23.17064602709062,2018-09-28-05-00-14
1.0,113.34689461749561,23.1709008799858,2018-09-28-05-00-14
1.0,113.35238518284888,23.171141856885324,2018-09-28-05-00-14
1.0,113.34489817798793,23.171404083767023,2018-09-28-05-00-14
1.0,113.34914064363623,23.171396961613027,2018-09-28-05-00-14
1.0,113.35013893039913,23.17139533747595,2018-09-28-05-00-14
1.0,113.35188599123184,23.171392546662815,2018-09-28-05-00-14
1.0,113.35238516573219,23.171391761743898,2018-09-28-05-00-14
1.0,113.32967777472338,23.171181896751914,2018-09-28-05-00-14
1.0,113.33042625533673,23.171180480733234,2018-09-28-05-00-14
1.0,113.3336697279363,23.17117438874763,2018-09-28-05-00-14
1.0,113.33292120818174,23.171425692291503,2018-09-28-05-00-14
1.0,113.32668380491711,23.17243711331908,2018-09-28-05-00-14
1.0,113.32743227113934,23.17243568685174,2018-09-28-05-00-14
1.0,113.33017667614509,23.17243047707366,2018-09-28-05-00-14
1.0,113.32668378789631,23.172687018376713,2018-09-28-05-00-14
1.0,113.32768174351546,23.172685116872785,2018-09-28-05-00-14
1.0,113.3344181343971,23.17267242470584,2018-09-28-05-00-14
1.0,113.33466763872272,23.172671961250376,2018-09-28-05-00-14
1.0,113.33691321193203,23.172667818259164,2018-09-28-05-00-14
1.0,113.32618479491443,23.172937875459912,2018-09-28-05-00-14
1.0,113.3341686137337,23.172922793836563,2018-09-28-05-00-14
1.0,113.32693324227523,23.17318635290611,2018-09-28-05-00-14
1.0,113.32768170946528,23.17318492710507,2018-09-28-05-00-14
1.0,113.32892916200959,23.173182555873986,2018-09-28-05-00-14
1.0,113.32942814586964,23.17318160945643,2018-09-28-05-00-14
1.0,113.33416859668259,23.173172698971204,2018-09-28-05-00-14
1.0,113.32718271398515,23.173435782587763,2018-09-28-05-00-14
1.0,113.33142408318956,23.173427743288183,2018-09-28-05-00-14
1.0,113.33716267292924,23.17341707667614,2018-09-28-05-00-14
1.0,113.32793116516278,23.173684262704523,2018-09-28-05-00-14
1.0,113.32867963665655,23.173682839940895,2018-09-28-05-00-14
1.0,113.32892912794868,23.173682366262696,2018-09-28-05-00-14
1.0,113.3329210547692,23.173674837802466,2018-09-28-05-00-14
1.0,113.326184726837,23.173937496239255,2018-09-28-05-00-14
1.0,113.32867961962684,23.17393274519424,2018-09-28-05-00-14
1.0,113.32693317418502,23.174185973842125,2018-09-28-05-00-14
1.0,113.32718266291421,23.1741854983486,2018-09-28-05-00-14
1.0,113.33591506916302,23.174169084257617,2018-09-28-05-00-14
1.0,113.32768162433693,23.174434453372896,2018-09-28-05-00-14
1.0,113.32793111408225,23.174433978583103,2018-09-28-05-00-14
1.0,113.32668365172395,23.174686260249935,2018-09-28-05-00-14
1.0,113.3269331401389,23.17468578454647,2018-09-28-05-00-14
1.0,113.32818058716525,23.174683409424333,2018-09-28-05-00-14
1.0,113.32668363470165,23.174936165661425,2018-09-28-05-00-14
1.0,113.32768159028443,23.174934264156008,2018-09-28-05-00-14
1.0,113.32867955150637,23.174932366601883,2018-09-28-05-00-14
1.0,113.33167347758112,23.174926705557898,2018-09-28-05-00-14
1.0,113.33691305837097,23.174916965528535,2018-09-28-05-00-14
1.0,113.32743208386808,23.175184644643796,2018-09-28-05-00-14
1.0,113.33516647901034,23.175170088849423,2018-09-28-05-00-14
1.0,113.32643411254351,23.1754364525043,2018-09-28-05-00-14
1.0,113.32668360065657,23.175435976603215,2018-09-28-05-00-14
1.0,113.32693308906848,23.175435500899628,2018-09-28-05-00-14
1.0,113.32743206684242,23.175434550134387,2018-09-28-05-00-14
1.0,113.32843002656608,23.175432651517916,2018-09-28-05-00-14
1.0,113.32892900873024,23.175431703864522,2018-09-28-05-00-14
1.0,113.3274320498166,23.175684455664676,2018-09-28-05-00-14
1.0,113.32892899169838,23.175681609394566,2018-09-28-05-00-14
1.0,113.3366634958524,23.175667139683487,2018-09-28-05-00-14
1.0,113.33791106108153,23.17566485838429,2018-09-28-05-00-14
1.0,113.32568561582568,23.17593769236977,2018-09-28-05-00-14
1.0,113.3259351031206,23.175937215950313,2018-09-28-05-00-14
1.0,113.32668356661081,23.175935787703796,2018-09-28-05-00-14
1.0,113.33366940399637,23.175922587813805,2018-09-28-05-00-14
1.0,113.33416840910941,23.175921658051976,2018-09-28-05-00-14
1.0,113.33791104401399,23.175914763952584,2018-09-28-05-00-14
1.0,113.33666346172683,23.17616695086029,2018-09-28-05-00-14
1.0,113.33766151215879,23.17616512436829,2018-09-28-05-00-14
1.0,113.33391887210517,23.17642193391265,2018-09-28-05-00-14
1.0,113.33466738291165,23.176420541817325,2018-09-28-05-00-14
1.0,113.33716246816053,23.176415941834343,2018-09-28-05-00-14
1.0,113.33791100987843,23.17641457520863,2018-09-28-05-00-14
1.0,113.33791099281038,23.17666448089649,2018-09-28-05-00-14
1.0,113.33641390004581,23.17691712630232,2018-09-28-05-00-14
1.0,113.33791097574218,23.17691438662432,2018-09-28-05-00-14
1.0,113.3341683238422,23.177171186494697,2018-09-28-05-00-14
1.0,113.32867938119355,23.17743142289968,2018-09-28-05-00-14
1.0,113.33791094160527,23.177414198200083,2018-09-28-05-00-14
1.0,113.32768135189824,23.17843294409576,2018-09-28-05-00-14
1.0,113.3311742462768,23.178426325126896,2018-09-28-05-00-14
1.0,113.33566527107298,23.178417940663476,2018-09-28-05-00-14
1.0,113.3369128194713,23.17841564544674,2018-09-28-05-00-14
1.0,113.32718235645702,23.178683800416056,2018-09-28-05-00-14
1.0,113.3276813348694,23.178682850106558,2018-09-28-05-00-14
1.0,113.33192271911447,23.17867482233988,2018-09-28-05-00-14
1.0,113.33292071380403,23.17867295039741,2018-09-28-05-00-14
1.0,113.33466722940697,23.178669694456246,2018-09-28-05-00-14
1.0,113.33666329108888,23.178666009144358,2018-09-28-05-00-14
1.0,113.32568541158575,23.17893656233377,2018-09-28-05-00-14
1.0,113.32668336232229,23.17893465766581,2018-09-28-05-00-14
1.0,113.32743182846569,23.178933231195245,2018-09-28-05-00-14
1.0,113.33292069675402,23.178922856447727,2018-09-28-05-00-14
1.0,113.33341969784357,23.178921923463896,2018-09-28-05-00-14
1.0,113.33791083919053,23.17891363389213,2018-09-28-05-00-14
1.0,113.33766130734486,23.179163994790176,2018-09-28-05-00-14
1.0,113.33791082212082,23.17916353998206,2018-09-28-05-00-14
1.0,113.32718230537557,23.179433518691273,2018-09-28-05-00-14
1.0,113.32743179440921,23.179433043419102,2018-09-28-05-00-14
1.0,113.3341681703507,23.179420340220673,2018-09-28-05-00-14
1.0,113.33741177638592,23.179414356467106,2018-09-28-05-00-14
1.0,113.32743177738071,23.17968294959184,2018-09-28-05-00-14
1.0,113.32768126675239,23.17968247455422,2018-09-28-05-00-14
1.0,113.33217214869435,23.179673978082825,2018-09-28-05-00-14
1.0,113.3374117593178,23.179664262638177,2018-09-28-05-00-14
1.0,113.32693278261449,23.17993380657191,2018-09-28-05-00-14
1.0,113.33217213164664,23.17992388429538,2018-09-28-05-00-14
1.0,113.3344176398236,23.17991968856807,2018-09-28-05-00-14
1.0,113.3369127170757,23.179915082109265,2018-09-28-05-00-14
1.0,113.33142362303622,23.180175198012886,2018-09-28-05-00-14
1.0,113.33317011171795,23.180171920555786,2018-09-28-05-00-14
1.0,113.33766122199863,23.18041352584864,2018-09-28-05-00-14
1.0,113.33242157885698,23.180673134944378,2018-09-28-05-00-14
1.0,113.33766118785896,23.180913338557033,2018-09-28-05-00-14
1.0,113.34240281810295,23.170908613561263,2018-09-28-05-00-14
1.0,113.34340096142817,23.170906865513945,2018-09-28-05-00-14
1.0,113.34365050018575,23.17090643100664,2018-09-28-05-00-14
1.0,113.34689461749561,23.1709008799858,2018-09-28-05-00-14
1.0,113.34215325097279,23.17140886270041,2018-09-28-05-00-14
1.0,113.34489817798793,23.171404083767023,2018-09-28-05-00-14
1.0,113.34315137260101,23.171657015615455,2018-09-28-05-00-14
1.0,113.3434009101725,23.171656580094403,2018-09-28-05-00-14
1.0,113.34340087600121,23.17215639000904,2018-09-28-05-00-14
1.0,113.34589630178485,23.172401997499726,2018-09-28-05-00-14
1.0,113.33691321193203,23.172667818259164,2018-09-28-05-00-14
1.0,113.33965789536587,23.1726628326895,2018-09-28-05-00-14
1.0,113.34714405445706,23.172649795458796,2018-09-28-05-00-14
1.0,113.33816076451147,23.172915445688048,2018-09-28-05-00-14
1.0,113.34539716894754,23.172902658480936,2018-09-28-05-00-14
1.0,113.34614581887668,23.172901383921047,2018-09-28-05-00-14
1.0,113.34764315478357,23.17289886595145,2018-09-28-05-00-14
1.0,113.34040643129352,23.173161300074288,2018-09-28-05-00-14
1.0,113.34340080765664,23.173156010306652,2018-09-28-05-00-14
1.0,113.34689446361035,23.173150024773104,2018-09-28-05-00-14
1.0,113.3473935782771,23.173149187784254,2018-09-28-05-00-14
1.0,113.3478926984842,23.173148355594613,2018-09-28-05-00-14
1.0,113.33716267292924,23.17341707667614,2018-09-28-05-00-14
1.0,113.33940832278896,23.173412997391104,2018-09-28-05-00-14
1.0,113.34090546605283,23.17341031435266,2018-09-28-05-00-14
1.0,113.34389986926293,23.17340504748887,2018-09-28-05-00-14
1.0,113.34514758737204,23.173402895869202,2018-09-28-05-00-14
1.0,113.34614578468378,23.17340119422548,2018-09-28-05-00-14
1.0,113.34315123591921,23.173656256211896,2018-09-28-05-00-14
1.0,113.34389985217436,23.173654952700343,2018-09-28-05-00-14
1.0,113.34514757027894,23.173652801080458,2018-09-28-05-00-14
1.0,113.34589621630751,23.173651523163272,2018-09-28-05-00-14
1.0,113.34689442941179,23.173649835155757,2018-09-28-05-00-14
1.0,113.34240261311552,23.173907473990734,2018-09-28-05-00-14
1.0,113.34265214720557,23.173907035499315,2018-09-28-05-00-14
1.0,113.34539710057184,23.17390227924737,2018-09-28-05-00-14
1.0,113.34564664924295,23.173901853271055,2018-09-28-05-00-14
1.0,113.34589619921154,23.173901428413718,2018-09-28-05-00-14
1.0,113.33591506916302,23.174169084257617,2018-09-28-05-00-14
1.0,113.34240259603216,23.17415737928115,2018-09-28-05-00-14
1.0,113.34539708347751,23.174152184537274,2018-09-28-05-00-14
1.0,113.34639528599362,23.174150487392126,2018-09-28-05-00-14
1.0,113.34689439521256,23.17414964569567,2018-09-28-05-00-14
1.0,113.34789263007231,23.17414797651649,2018-09-28-05-00-14
1.0,113.34439888442854,23.17440380472908,2018-09-28-05-00-14
1.0,113.346145716296,23.174400815305944,2018-09-28-05-00-14
1.0,113.34664482283026,23.174399971290367,2018-09-28-05-00-14
1.0,113.34789261296892,23.174397881845387,2018-09-28-05-00-14
1.0,113.34315116757429,23.174655877452004,2018-09-28-05-00-14
1.0,113.34589614792262,23.1746511444015,2018-09-28-05-00-14
1.0,113.34689436101266,23.174649456393293,2018-09-28-05-00-14
1.0,113.33691305837097,23.174916965528535,2018-09-28-05-00-14
1.0,113.33990726405366,23.174911531488977,2018-09-28-05-00-14
1.0,113.34315115048764,23.174905782860733,2018-09-28-05-00-14
1.0,113.34564658086097,23.174901474667266,2018-09-28-05-00-14
1.0,113.34639523469883,23.17490020349809,2018-09-28-05-00-14
1.0,113.33516647901034,23.175170088849423,2018-09-28-05-00-14
1.0,113.33841012750622,23.17516414001536,2018-09-28-05-00-14
1.0,113.3448979216074,23.175152661355135,2018-09-28-05-00-14
1.0,113.34539701509846,23.175151806091684,2018-09-28-05-00-14
1.0,113.33890914642261,23.17541314125096,2018-09-28-05-00-14
1.0,113.33915866583457,23.17541269031651,2018-09-28-05-00-14
1.0,113.33940818621014,23.175412240192895,2018-09-28-05-00-14
1.0,113.33965770756231,23.175411790892163,2018-09-28-05-00-14
1.0,113.34015675324873,23.17541089480747,2018-09-28-05-00-14
1.0,113.34090532942864,23.175409557152424,2018-09-28-05-00-14
1.0,113.34115485691393,23.175409113041198,2018-09-28-05-00-14
1.0,113.34315111631383,23.175405593797006,2018-09-28-05-00-14
1.0,113.34489790451403,23.17540256684279,2018-09-28-05-00-14
1.0,113.34789254455369,23.175397503556315,2018-09-28-05-00-14
1.0,113.3366634958524,23.175667139683487,2018-09-28-05-00-14
1.0,113.33791106108153,23.17566485838429,2018-09-28-05-00-14
1.0,113.34514743352806,23.175652044190485,2018-09-28-05-00-14
1.0,113.34564652957273,23.17565119112991,2018-09-28-05-00-14
1.0,113.34589607953504,23.17565076627227,2018-09-28-05-00-14
1.0,113.33791104401399,23.175914763952584,2018-09-28-05-00-14
1.0,113.33816055970055,23.175914309895425,2018-09-28-05-00-14
1.0,113.33841007629836,23.175913856600786,2018-09-28-05-00-14
1.0,113.33965767341404,23.175911601988407,2018-09-28-05-00-14
1.0,113.34489787032678,23.17590237793725,2018-09-28-05-00-14
1.0,113.33666346172683,23.17616695086029,2018-09-28-05-00-14
1.0,113.33766151215879,23.17616512436829,2018-09-28-05-00-14
1.0,113.33965765633964,23.176161507596206,2018-09-28-05-00-14
1.0,113.34065575176396,23.176159718862056,2018-09-28-05-00-14
1.0,113.3448978532329,23.176152283544152,2018-09-28-05-00-14
1.0,113.34514739933866,23.17615185536441,2018-09-28-05-00-14
1.0,113.3466447031327,23.17614930970262,2018-09-28-05-00-14
1.0,113.33716246816053,23.176415941834343,2018-09-28-05-00-14
1.0,113.33791100987843,23.17641457520863,2018-09-28-05-00-14
1.0,113.33841004215894,23.176413667856664,2018-09-28-05-00-14
1.0,113.33890907813681,23.176412763603164,2018-09-28-05-00-14
1.0,113.33915859754495,23.176412312668546,2018-09-28-05-00-14
1.0,113.34090526111252,23.176409179503278,2018-09-28-05-00-14
1.0,113.3443987476954,23.17640304879089,2018-09-28-05-00-14
1.0,113.3458960282426,23.17640048309253,2018-09-28-05-00-14
1.0,113.33791099281038,23.17666448089649,2018-09-28-05-00-14
1.0,113.33816050849407,23.176664026839205,2018-09-28-05-00-14
1.0,113.33890906106494,23.17666266929086,2018-09-28-05-00-14
1.0,113.33915858047213,23.1766622183562,2018-09-28-05-00-14
1.0,113.33965762219036,23.176661318931433,2018-09-28-05-00-14
1.0,113.3401566678673,23.176660422846314,2018-09-28-05-00-14
1.0,113.34090524403308,23.176659085190636,2018-09-28-05-00-14
1.0,113.34439873060299,23.176652954477653,2018-09-28-05-00-14
1.0,113.34464827420031,23.176652524141453,2018-09-28-05-00-14
1.0,113.34639511500515,23.176649542466762,2018-09-28-05-00-14
1.0,113.34689422420632,23.17664870076945,2018-09-28-05-00-14
1.0,113.33641390004581,23.17691712630232,2018-09-28-05-00-14
1.0,113.33791097574218,23.17691438662432,2018-09-28-05-00-14
1.0,113.3389090439929,23.176912575018516,2018-09-28-05-00-14
1.0,113.34115475443313,23.176908546806473,2018-09-28-05-00-14
1.0,113.33816047435558,23.177163838334796,2018-09-28-05-00-14
1.0,113.33840999094858,23.177163385039947,2018-09-28-05-00-14
1.0,113.33915854632599,23.177162029851452,2018-09-28-05-00-14
1.0,113.34040615806722,23.177159787580994,2018-09-28-05-00-14
1.0,113.34165379552566,23.177157567083103,2018-09-28-05-00-14
1.0,113.34564642699173,23.177150625129887,2018-09-28-05-00-14
1.0,113.33791094160527,23.177414198200083,2018-09-28-05-00-14
1.0,113.33890900984832,23.177412386593947,2018-09-28-05-00-14
1.0,113.3394080496206,23.17741148553521,2018-09-28-05-00-14
1.0,113.34015661663645,23.17741014014877,2018-09-28-05-00-14
1.0,113.34614551111652,23.177399682351197,2018-09-28-05-00-14
1.0,113.34739328753791,23.177397581078132,2018-09-28-05-00-14
1.0,113.33915851217917,23.177661841506993,2018-09-28-05-00-14
1.0,113.3384099397367,23.177913102583883,2018-09-28-05-00-14
1.0,113.34539682704226,23.177900768647127,2018-09-28-05-00-14
1.0,113.34040608975396,23.178159411051958,2018-09-28-05-00-14
1.0,113.3421527897332,23.17815630878485,2018-09-28-05-00-14
1.0,113.34589590855438,23.178149823739204,2018-09-28-05-00-14
1.0,113.33566527107298,23.178417940663476,2018-09-28-05-00-14
1.0,113.3369128194713,23.17841564544674,2018-09-28-05-00-14
1.0,113.3421527726479,23.178406214752876,2018-09-28-05-00-14
1.0,113.34564634150296,23.1784001545647,2018-09-28-05-00-14
1.0,113.33666329108888,23.178666009144358,2018-09-28-05-00-14
1.0,113.33791083919053,23.17891363389213,2018-09-28-05-00-14
1.0,113.33816035486556,23.178913179834467,2018-09-28-05-00-14
1.0,113.33890890741058,23.178911822284984,2018-09-28-05-00-14
1.0,113.3391584268092,23.178911371349944,2018-09-28-05-00-14
1.0,113.33766130734486,23.179163994790176,2018-09-28-05-00-14
1.0,113.33791082212082,23.17916353998206,2018-09-28-05-00-14
1.0,113.3381603377949,23.17916308592435,2018-09-28-05-00-14
1.0,113.3386593718899,23.179162180108605,2018-09-28-05-00-14
1.0,113.33915840973471,23.17916127743966,2018-09-28-05-00-14
1.0,113.33940793009599,23.179160827315414,2018-09-28-05-00-14
1.0,113.34290132361566,23.179154617434136,2018-09-28-05-00-14
1.0,113.33741177638592,23.179414356467106,2018-09-28-05-00-14
1.0,113.33990695668405,23.1794098356777,2018-09-28-05-00-14
1.0,113.3374117593178,23.179664262638177,2018-09-28-05-00-14
1.0,113.33890885618946,23.17966154067583,2018-09-28-05-00-14
1.0,113.33990693960637,23.17965974184835,2018-09-28-05-00-14
1.0,113.3369127170757,23.179915082109265,2018-09-28-05-00-14
1.0,113.33865932067116,23.179911898621242,2018-09-28-05-00-14
1.0,113.33965740020373,23.179910096526186,2018-09-28-05-00-14
1.0,113.33816026951055,23.180162710689462,2018-09-28-05-00-14
1.0,113.33766122199863,23.18041352584864,2018-09-28-05-00-14
1.0,113.33865926945089,23.18066161749984,2018-09-28-05-00-14
1.0,113.33766118785896,23.180913338557033,2018-09-28-05-00-14
1.0,113.33840973487415,23.180911976395144,2018-09-28-05-00-14
1.0,113.33865925237713,23.180911523874283,2018-09-28-05-00-14
1.0,113.33890877081758,23.18091107214013,2018-09-28-05-00-14
1.0,113.33915829020856,23.180910621204752,2018-09-28-05-00-14
1.0,113.34988940778274,23.17064602709062,2018-09-28-05-00-14
1.0,113.34689461749561,23.1709008799858,2018-09-28-05-00-14
1.0,113.35238518284888,23.171141856885324,2018-09-28-05-00-14
1.0,113.34489817798793,23.171404083767023,2018-09-28-05-00-14
1.0,113.34914064363623,23.171396961613027,2018-09-28-05-00-14
1.0,113.35013893039913,23.17139533747595,2018-09-28-05-00-14
1.0,113.35188599123184,23.171392546662815,2018-09-28-05-00-14
1.0,113.35238516573219,23.171391761743898,2018-09-28-05-00-14
1.0,113.34963974981036,23.17189595677488,2018-09-28-05-00-14
1.0,113.34589630178485,23.172401997499726,2018-09-28-05-00-14
1.0,113.34714405445706,23.172649795458796,2018-09-28-05-00-14
1.0,113.34889099012803,23.172646895753896,2018-09-28-05-00-14
1.0,113.34539716894754,23.172902658480936,2018-09-28-05-00-14
1.0,113.34614581887668,23.172901383921047,2018-09-28-05-00-14
1.0,113.34764315478357,23.17289886595145,2018-09-28-05-00-14
1.0,113.35188588853812,23.172891976632126,2018-09-28-05-00-14
1.0,113.34689446361035,23.173150024773104,2018-09-28-05-00-14
1.0,113.3473935782771,23.173149187784254,2018-09-28-05-00-14
1.0,113.3478926984842,23.173148355594613,2018-09-28-05-00-14
1.0,113.34914052389148,23.17314629671731,2018-09-28-05-00-14
1.0,113.35038838608557,23.173144269827887,2018-09-28-05-00-14
1.0,113.35138670335215,23.17314267229326,2018-09-28-05-00-14
1.0,113.34514758737204,23.173402895869202,2018-09-28-05-00-14
1.0,113.34614578468378,23.17340119422548,2018-09-28-05-00-14
1.0,113.34514757027894,23.173652801080458,2018-09-28-05-00-14
1.0,113.34589621630751,23.173651523163272,2018-09-28-05-00-14
1.0,113.34689442941179,23.173649835155757,2018-09-28-05-00-14
1.0,113.34539710057184,23.17390227924737,2018-09-28-05-00-14
1.0,113.34564664924295,23.173901853271055,2018-09-28-05-00-14
1.0,113.34589619921154,23.173901428413718,2018-09-28-05-00-14
1.0,113.35138665200753,23.173892387923832,2018-09-28-05-00-14
1.0,113.34539708347751,23.174152184537274,2018-09-28-05-00-14
1.0,113.34639528599362,23.174150487392126,2018-09-28-05-00-14
1.0,113.34689439521256,23.17414964569567,2018-09-28-05-00-14
1.0,113.34789263007231,23.17414797651649,2018-09-28-05-00-14
1.0,113.346145716296,23.174400815305944,2018-09-28-05-00-14
1.0,113.34664482283026,23.174399971290367,2018-09-28-05-00-14
1.0,113.34789261296892,23.174397881845387,2018-09-28-05-00-14
1.0,113.34814217517676,23.174397467578697,2018-09-28-05-00-14
1.0,113.34589614792262,23.1746511444015,2018-09-28-05-00-14
1.0,113.34689436101266,23.174649456393293,2018-09-28-05-00-14
1.0,113.34864128676553,23.174646548127324,2018-09-28-05-00-14
1.0,113.34564658086097,23.174901474667266,2018-09-28-05-00-14
1.0,113.34639523469883,23.17490020349809,2018-09-28-05-00-14
1.0,113.3448979216074,23.175152661355135,2018-09-28-05-00-14
1.0,113.34539701509846,23.175151806091684,2018-09-28-05-00-14
1.0,113.34489790451403,23.17540256684279,2018-09-28-05-00-14
1.0,113.34789254455369,23.175397503556315,2018-09-28-05-00-14
1.0,113.34514743352806,23.175652044190485,2018-09-28-05-00-14
1.0,113.34564652957273,23.17565119112991,2018-09-28-05-00-14
1.0,113.34589607953504,23.17565076627227,2018-09-28-05-00-14
1.0,113.34489787032678,23.17590237793725,2018-09-28-05-00-14
1.0,113.34914033570456,23.175895255770055,2018-09-28-05-00-14
1.0,113.3448978532329,23.176152283544152,2018-09-28-05-00-14
1.0,113.34514739933866,23.17615185536441,2018-09-28-05-00-14
1.0,113.3466447031327,23.17614930970262,2018-09-28-05-00-14
1.0,113.3458960282426,23.17640048309253,2018-09-28-05-00-14
1.0,113.3563784615435,23.176383800211358,2018-09-28-05-00-14
1.0,113.34464827420031,23.176652524141453,2018-09-28-05-00-14
1.0,113.34639511500515,23.176649542466762,2018-09-28-05-00-14
1.0,113.34689422420632,23.17664870076945,2018-09-28-05-00-14
1.0,113.34564642699173,23.177150625129887,2018-09-28-05-00-14
1.0,113.34614551111652,23.177399682351197,2018-09-28-05-00-14
1.0,113.34739328753791,23.177397581078132,2018-09-28-05-00-14
1.0,113.34539682704226,23.177900768647127,2018-09-28-05-00-14
1.0,113.34589590855438,23.178149823739204,2018-09-28-05-00-14
1.0,113.34564634150296,23.1784001545647,2018-09-28-05-00-14
1.0,113.34988879179053,23.179642624006195,2018-09-28-05-00-14
1.0,113.35338295219242,23.179886997731344,2018-09-28-05-00-14
