count,wgs_lng,wgs_lat,time
1.0,113.32543830571424,23.143950560364775,2018-09-22-06-03-03
1.0,113.32943013750798,23.14394296005812,2018-09-22-06-03-03
1.0,113.33067760578687,23.14394060009075,2018-09-22-06-03-03
1.0,113.33117659659607,23.143939658784046,2018-09-22-06-03-03
1.0,113.33192508689157,23.143938250004137,2018-09-22-06-03-03
1.0,113.33591713204439,23.14393081405588,2018-09-22-06-03-03
1.0,113.337663712389,23.143927610448454,2018-09-22-06-03-03
1.0,113.32643623895542,23.144198556014594,2018-09-22-06-03-03
1.0,113.32693521573303,23.144197604420256,2018-09-22-06-03-03
1.0,113.3276836832742,23.14419617863361,2018-09-22-06-03-03
1.0,113.32718468757938,23.144447029925328,2018-09-22-06-03-03
1.0,113.32668569319068,23.144697882138942,2018-09-22-06-03-03
1.0,113.32743415974912,23.144696455685374,2018-09-22-06-03-03
1.0,113.33317253140815,23.144685614317456,2018-09-22-06-03-03
1.0,113.3354180653087,23.14468143841011,2018-09-22-06-03-03
1.0,113.33591708092811,23.144680517032466,2018-09-22-06-03-03
1.0,113.32943006945543,23.144942564096933,2018-09-22-06-03-03
1.0,113.33017854896526,23.14494114701672,2018-09-22-06-03-03
1.0,113.33267351430129,23.144936449372853,2018-09-22-06-03-03
1.0,113.3346695135231,23.145182627310565,2018-09-22-06-03-03
1.0,113.3296795281321,23.145441893603692,2018-09-22-06-03-03
1.0,113.33392098531672,23.145433920514435,2018-09-22-06-03-03
1.0,113.33491900164734,23.14543206557574,2018-09-22-06-03-03
1.0,113.33591702981033,23.145430220305077,2018-09-22-06-03-03
1.0,113.33641603155233,23.145679202696563,2018-09-22-06-03-03
1.0,113.33666554216488,23.145678744324037,2018-09-22-06-03-03
1.0,113.32543816973546,23.14594976897488,2018-09-22-06-03-03
1.0,113.32768356422855,23.145945486279977,2018-09-22-06-03-03
1.0,113.32818254431476,23.14594453696914,2018-09-22-06-03-03
1.0,113.32992898726364,23.145941223588377,2018-09-22-06-03-03
1.0,113.33017848089803,23.14594075158222,2018-09-22-06-03-03
1.0,113.3309269647725,23.145939337836428,2018-09-22-06-03-03
1.0,113.33417045427086,23.145933258263778,2018-09-22-06-03-03
1.0,113.3354179801213,23.1459309440301,2018-09-22-06-03-03
1.0,113.32967947708693,23.146191597176987,2018-09-22-06-03-03
1.0,113.33092694775227,23.146189239060476,2018-09-22-06-03-03
1.0,113.33591697869105,23.14617992387525,2018-09-22-06-03-03
1.0,113.32868149189507,23.146443391227127,2018-09-22-06-03-03
1.0,113.32893098329674,23.14644291755344,2018-09-22-06-03-03
1.0,113.33042794098212,23.146440082428107,2018-09-22-06-03-03
1.0,113.33092693073189,23.146439140317753,2018-09-22-06-03-03
1.0,113.3344199239201,23.146432596713165,2018-09-22-06-03-03
1.0,113.3346694283487,23.146432133262085,2018-09-22-06-03-03
1.0,113.33566745345843,23.14643028550034,2018-09-22-06-03-03
1.0,113.32518863180427,23.146699949447857,2018-09-22-06-03-03
1.0,113.32693504569556,23.146696615841375,2018-09-22-06-03-03
1.0,113.32992893621447,23.14669092736077,2018-09-22-06-03-03
1.0,113.33017842984586,23.146690455354488,2018-09-22-06-03-03
1.0,113.33192489963089,23.14668716237702,2018-09-22-06-03-03
1.0,113.33292289482803,23.146685290455842,2018-09-22-06-03-03
1.0,113.33317239517697,23.146684823710093,2018-09-22-06-03-03
1.0,113.3359169446107,23.14667972642143,2018-09-22-06-03-03
1.0,113.32543810174207,23.14694937407433,2018-09-22-06-03-03
1.0,113.32893094927148,23.146942720168585,2018-09-22-06-03-03
1.0,113.3306774015612,23.146939413789877,2018-09-22-06-03-03
1.0,113.33117639234648,23.146938472482173,2018-09-22-06-03-03
1.0,113.33192488260619,23.14693706370077,2018-09-22-06-03-03
1.0,113.33342187914182,23.146934258806255,2018-09-22-06-03-03
1.0,113.33591692757027,23.14692962774451,2018-09-22-06-03-03
1.0,113.33616643655334,23.146929168028915,2018-09-22-06-03-03
1.0,113.32992890218085,23.147190730042325,2018-09-22-06-03-03
1.0,113.3311763753246,23.14718837383944,2018-09-22-06-03-03
1.0,113.33167536826704,23.147187434211297,2018-09-22-06-03-03
1.0,113.33267336105675,23.147185560388355,2018-09-22-06-03-03
1.0,113.33017837879218,23.147440159426857,2018-09-22-06-03-03
1.0,113.3304278729069,23.147439687791003,2018-09-22-06-03-03
1.0,113.33491886535712,23.147431275762923,2018-09-22-06-03-03
1.0,113.33591689348891,23.147429430490924,2018-09-22-06-03-03
1.0,113.32942988229716,23.14769147793285,2018-09-22-06-03-03
1.0,113.33367132970028,23.14768349728057,2018-09-22-06-03-03
1.0,113.33392083202479,23.147683032126743,2018-09-22-06-03-03
1.0,113.3314258204496,23.14793760808191,2018-09-22-06-03-03
1.0,113.33292280968305,23.147934797408315,2018-09-22-06-03-03
1.0,113.32918035601942,23.14819175392675,2018-09-22-06-03-03
1.0,113.32942984826622,23.148191280882685,2018-09-22-06-03-03
1.0,113.33691488316566,23.148177300039585,2018-09-22-06-03-03
1.0,113.32568748690811,23.14844830616371,2018-09-22-06-03-03
1.0,113.32918033900471,23.148441655452206,2018-09-22-06-03-03
1.0,113.3294298312505,23.1484411824081,2018-09-22-06-03-03
1.0,113.3299288170939,23.148440237332714,2018-09-22-06-03-03
1.0,113.3319247804545,23.148436472346642,2018-09-22-06-03-03
1.0,113.33317227596594,23.14843413367826,2018-09-22-06-03-03
1.0,113.32468952260417,23.14870011474014,2018-09-22-06-03-03
1.0,113.32918032198982,23.1486915570114,2018-09-22-06-03-03
1.0,113.33117627318981,23.148687782687656,2018-09-22-06-03-03
1.0,113.3316752661203,23.14868684305901,2018-09-22-06-03-03
1.0,113.33666533764182,23.148677560804984,2018-09-22-06-03-03
1.0,113.33516826901709,23.148930222554103,2018-09-22-06-03-03
1.0,113.32992876603973,23.14918994211137,2018-09-22-06-03-03
1.0,113.33516825197809,23.14918012417995,2018-09-22-06-03-03
1.0,113.32893077913518,23.14944173525739,2018-09-22-06-03-03
1.0,113.3316752150447,23.14943654793835,2018-09-22-06-03-03
1.0,113.32468945461564,23.14969972131842,2018-09-22-06-03-03
1.0,113.32543791474653,23.149698290864265,2018-09-22-06-03-03
1.0,113.32768330910326,23.149694008163777,2018-09-22-06-03-03
1.0,113.33566723193468,23.149679004884447,2018-09-22-06-03-03
1.0,113.32568738490099,23.149947716030418,2018-09-22-06-03-03
1.0,113.33167518099344,23.149936351360974,2018-09-22-06-03-03
1.0,113.33491869497935,23.14993029151654,2018-09-22-06-03-03
1.0,113.3296792048207,23.150190021322945,2018-09-22-06-03-03
1.0,113.33142566723171,23.150186722721823,2018-09-22-06-03-03
1.0,113.33167516396757,23.150186253123373,2018-09-22-06-03-03
1.0,113.33292265641161,23.150183912045982,2018-09-22-06-03-03
1.0,113.33092665838306,23.150437564999773,2018-09-22-06-03-03
1.0,113.33117615402497,23.15043709454913,2018-09-22-06-03-03
1.0,113.33167514694154,23.150436154919905,2018-09-22-06-03-03
1.0,113.33217414212417,23.150435217068946,2018-09-22-06-03-03
1.0,113.33367114233596,23.15043241517071,2018-09-22-06-03-03
1.0,113.33441965134966,23.150431021385863,2018-09-22-06-03-03
1.0,113.33491866090179,23.150430095074388,2018-09-22-06-03-03
1.0,113.33641570773145,23.150427331033356,2018-09-22-06-03-03
1.0,113.33092664135985,23.15068746683062,2018-09-22-06-03-03
1.0,113.3341701306137,23.15068138724769,2018-09-22-06-03-03
1.0,113.3344196343126,23.15068092321613,2018-09-22-06-03-03
1.0,113.33566716376785,23.15067861199975,2018-09-22-06-03-03
1.0,113.33641569068658,23.150677232863288,2018-09-22-06-03-03
1.0,113.33766325210567,23.15067494801504,2018-09-22-06-03-03
1.0,113.3301781405219,23.15093878244399,2018-09-22-06-03-03
1.0,113.33367110826755,23.150932218865726,2018-09-22-06-03-03
1.0,113.33417011357744,23.15093128911224,2018-09-22-06-03-03
1.0,113.33491862682357,23.15092989876899,2018-09-22-06-03-03
1.0,113.33516813270037,23.15092943651344,2018-09-22-06-03-03
1.0,113.33566714672573,23.15092851386405,2018-09-22-06-03-03
1.0,113.32942964406658,23.15119010142683,2018-09-22-06-03-03
1.0,113.32967913674749,23.15118962871576,2018-09-22-06-03-03
1.0,113.32992862988796,23.151189156350537,2018-09-22-06-03-03
1.0,113.33417009654103,23.15118119101109,2018-09-22-06-03-03
1.0,113.33441960023796,23.151180726979444,2018-09-22-06-03-03
1.0,113.33466910464794,23.15118026352757,2018-09-22-06-03-03
1.0,113.33491860978421,23.151179800667716,2018-09-22-06-03-03
1.0,113.33516811566004,23.151179338412124,2018-09-22-06-03-03
1.0,113.3354176222887,23.151178876773027,2018-09-22-06-03-03
1.0,113.33566712968343,23.15117841576265,2018-09-22-06-03-03
1.0,113.32868115163255,23.15144142344569,2018-09-22-06-03-03
1.0,113.32893064301413,23.151440949771175,2018-09-22-06-03-03
1.0,113.32992861286823,23.151439058284453,2018-09-22-06-03-03
1.0,113.33017810648062,23.151438586277386,2018-09-22-06-03-03
1.0,113.33042760057933,23.151438114640868,2018-09-22-06-03-03
1.0,113.33441958320039,23.151430628912614,2018-09-22-06-03-03
1.0,113.33491859274467,23.1514297026008,2018-09-22-06-03-03
1.0,113.33516809861953,23.15142924034517,2018-09-22-06-03-03
1.0,113.33541758820557,23.15167868067344,2018-09-22-06-03-03
1.0,113.33591660377044,23.151677759293456,2018-09-22-06-03-03
1.0,113.32893060898222,23.151940753742636,2018-09-22-06-03-03
1.0,113.33417004543077,23.151930896914017,2018-09-22-06-03-03
1.0,113.328930591966,23.152190655780128,2018-09-22-06-03-03
1.0,113.32918008376396,23.152190182414266,2018-09-22-06-03-03
1.0,113.335168047497,23.152178946351004,2018-09-22-06-03-03
1.0,113.33017803839606,23.15243819435758,2018-09-22-06-03-03
1.0,113.33342150442569,23.152432096473422,2018-09-22-06-03-03
1.0,113.33741361875903,23.152424717327,2018-09-22-06-03-03
1.0,113.32992852776712,23.15268856847136,2018-09-22-06-03-03
1.0,113.33217398886445,23.152684334782233,2018-09-22-06-03-03
1.0,113.33716408858754,23.15267507570042,2018-09-22-06-03-03
1.0,113.33766311570206,23.152674163890335,2018-09-22-06-03-03
1.0,113.33217397183476,23.152934236923098,2018-09-22-06-03-03
1.0,113.33566701038272,23.152927730018014,2018-09-22-06-03-03
1.0,113.33042746439956,23.153437331355132,2018-09-22-06-03-03
1.0,113.32718405831415,23.153693390249423,2018-09-22-06-03-03
1.0,113.32893048986524,23.153690068733255,2018-09-22-06-03-03
2.0,113.33192442287634,23.153684412251994,2018-09-22-06-03-03
1.0,113.3324234192063,23.153683475326048,2018-09-22-06-03-03
1.0,113.32693455249283,23.153943768020625,2018-09-22-06-03-03
1.0,113.33092642004286,23.153936193768356,2018-09-22-06-03-03
1.0,113.33691449108139,23.153925043730975,2018-09-22-06-03-03
1.0,113.33591713204439,23.14393081405588,2018-09-22-06-03-03
1.0,113.337663712389,23.143927610448454,2018-09-22-06-03-03
1.0,113.33841225983033,23.143926248305227,2018-09-22-06-03-03
1.0,113.34090748001651,23.1439217600067,2018-09-22-06-03-03
1.0,113.34165606604188,23.143920430421417,2018-09-22-06-03-03
1.0,113.3421551288365,23.14391954866468,2018-09-22-06-03-03
1.0,113.3424046619058,23.143919109212046,2018-09-22-06-03-03
1.0,113.34290373145267,23.143918233217583,2018-09-22-06-03-03
1.0,113.34714601981068,23.143910956636265,2018-09-22-06-03-03
1.0,113.33941031903194,23.144174343974036,2018-09-22-06-03-03
1.0,113.34140651923121,23.144170773660207,2018-09-22-06-03-03
1.0,113.34190557982471,23.144169890030145,2018-09-22-06-03-03
1.0,113.34215511177412,23.144169449623018,2018-09-22-06-03-03
1.0,113.340408393848,23.1444224528412,2018-09-22-06-03-03
1.0,113.34240462777903,23.144418911161424,2018-09-22-06-03-03
1.0,113.34340277149526,23.144417163132157,2018-09-22-06-03-03
1.0,113.3354180653087,23.14468143841011,2018-09-22-06-03-03
1.0,113.33591708092811,23.144680517032466,2018-09-22-06-03-03
1.0,113.34215507764887,23.1446692516381,2018-09-22-06-03-03
1.0,113.33891122785501,23.14492494809514,2018-09-22-06-03-03
1.0,113.3346695135231,23.145182627310565,2018-09-22-06-03-03
1.0,113.34065786818192,23.145171710128807,2018-09-22-06-03-03
1.0,113.33491900164734,23.14543206557574,2018-09-22-06-03-03
1.0,113.33591702981033,23.145430220305077,2018-09-22-06-03-03
1.0,113.33641603155233,23.145679202696563,2018-09-22-06-03-03
1.0,113.33666554216488,23.145678744324037,2018-09-22-06-03-03
1.0,113.34090736060902,23.145671067406923,2018-09-22-06-03-03
1.0,113.34165594661475,23.145669737820747,2018-09-22-06-03-03
1.0,113.3354179801213,23.1459309440301,2018-09-22-06-03-03
1.0,113.33841212343977,23.145925456898023,2018-09-22-06-03-03
1.0,113.33591697869105,23.14617992387525,2018-09-22-06-03-03
1.0,113.33941018260954,23.146173552829303,2018-09-22-06-03-03
1.0,113.3344199239201,23.146432596713165,2018-09-22-06-03-03
1.0,113.3346694283487,23.146432133262085,2018-09-22-06-03-03
1.0,113.33566745345843,23.14643028550034,2018-09-22-06-03-03
1.0,113.33941016555599,23.14642345408516,2018-09-22-06-03-03
1.0,113.3359169446107,23.14667972642143,2018-09-22-06-03-03
1.0,113.34714583191611,23.1466598689808,2018-09-22-06-03-03
1.0,113.33591692757027,23.14692962774451,2018-09-22-06-03-03
1.0,113.33616643655334,23.146929168028915,2018-09-22-06-03-03
1.0,113.33816252148226,23.147175416634674,2018-09-22-06-03-03
1.0,113.33841203819023,23.147174963344874,2018-09-22-06-03-03
1.0,113.33990915830269,23.14717226029568,2018-09-22-06-03-03
1.0,113.33491886535712,23.147431275762923,2018-09-22-06-03-03
1.0,113.33591689348891,23.147429430490924,2018-09-22-06-03-03
1.0,113.33866153877096,23.147424412219173,2018-09-22-06-03-03
1.0,113.34340254960702,23.147665879022615,2018-09-22-06-03-03
1.0,113.34040815504649,23.14792107019455,2018-09-22-06-03-03
1.0,113.33691488316566,23.148177300039585,2018-09-22-06-03-03
1.0,113.34465020468441,23.14841342134501,2018-09-22-06-03-03
1.0,113.34689615560177,23.1484095980167,2018-09-22-06-03-03
1.0,113.33666533764182,23.148677560804984,2018-09-22-06-03-03
1.0,113.33516826901709,23.148930222554103,2018-09-22-06-03-03
1.0,113.33516825197809,23.14918012417995,2018-09-22-06-03-03
1.0,113.3389109209148,23.149423172817368,2018-09-22-06-03-03
1.0,113.33566723193468,23.149679004884447,2018-09-22-06-03-03
1.0,113.33491869497935,23.14993029151654,2018-09-22-06-03-03
1.0,113.34015849411725,23.14992072981559,2018-09-22-06-03-03
1.0,113.34115659816631,23.149918948066578,2018-09-22-06-03-03
1.0,113.34365193481011,23.14991455883598,2018-09-22-06-03-03
1.0,113.34390147484056,23.149914125357654,2018-09-22-06-03-03
50.0,113.34589783966106,23.149910695853144,2018-09-22-06-03-03
1.0,113.33441965134966,23.150431021385863,2018-09-22-06-03-03
1.0,113.33491866090179,23.150430095074388,2018-09-22-06-03-03
1.0,113.33641570773145,23.150427331033356,2018-09-22-06-03-03
1.0,113.34290328770443,23.150415668931366,2018-09-22-06-03-03
1.0,113.34739513376351,23.150407974434767,2018-09-22-06-03-03
1.0,113.3344196343126,23.15068092321613,2018-09-22-06-03-03
1.0,113.33566716376785,23.15067861199975,2018-09-22-06-03-03
1.0,113.33641569068658,23.150677232863288,2018-09-22-06-03-03
1.0,113.33766325210567,23.15067494801504,2018-09-22-06-03-03
1.0,113.3468960018522,23.15065871324391,2018-09-22-06-03-03
1.0,113.33491862682357,23.15092989876899,2018-09-22-06-03-03
1.0,113.33516813270037,23.15092943651344,2018-09-22-06-03-03
1.0,113.33566714672573,23.15092851386405,2018-09-22-06-03-03
1.0,113.33791274994041,23.15092439507563,2018-09-22-06-03-03
1.0,113.33441960023796,23.151180726979444,2018-09-22-06-03-03
1.0,113.33466910464794,23.15118026352757,2018-09-22-06-03-03
1.0,113.33491860978421,23.151179800667716,2018-09-22-06-03-03
1.0,113.33516811566004,23.151179338412124,2018-09-22-06-03-03
1.0,113.3354176222887,23.151178876773027,2018-09-22-06-03-03
1.0,113.33566712968343,23.15117841576265,2018-09-22-06-03-03
1.0,113.34215463395974,23.151166689971447,2018-09-22-06-03-03
1.0,113.3461473056191,23.151159781272174,2018-09-22-06-03-03
1.0,113.33441958320039,23.151430628912614,2018-09-22-06-03-03
1.0,113.33491859274467,23.1514297026008,2018-09-22-06-03-03
1.0,113.33516809861953,23.15142924034517,2018-09-22-06-03-03
1.0,113.33791271583826,23.151424198906437,2018-09-22-06-03-03
1.0,113.33841174831059,23.15142329156288,2018-09-22-06-03-03
1.0,113.34340229354702,23.151414404415366,2018-09-22-06-03-03
1.0,113.33541758820557,23.15167868067344,2018-09-22-06-03-03
1.0,113.33591660377044,23.151677759293456,2018-09-22-06-03-03
1.0,113.34315273882997,23.151664741899072,2018-09-22-06-03-03
1.0,113.335168047497,23.152178946351004,2018-09-22-06-03-03
1.0,113.34090691702383,23.15216850925463,2018-09-22-06-03-03
1.0,113.33741361875903,23.152424717327,2018-09-22-06-03-03
1.0,113.33716408858754,23.15267507570042,2018-09-22-06-03-03
1.0,113.33766311570206,23.152674163890335,2018-09-22-06-03-03
1.0,113.34514900551615,23.15266089500604,2018-09-22-06-03-03
1.0,113.33566701038272,23.152927730018014,2018-09-22-06-03-03
1.0,113.35313583892773,23.14365138032677,2018-09-22-06-03-03
1.0,113.34714601981068,23.143910956636265,2018-09-22-06-03-03
1.0,113.35563184597062,23.143897488777558,2018-09-22-06-03-03
1.0,113.35588145798603,23.143897117961014,2018-09-22-06-03-03
1.0,113.35613107179327,23.14389674871998,2018-09-22-06-03-03
1.0,113.34839380731171,23.144158780230107,2018-09-22-06-03-03
1.0,113.35138868752007,23.144153924288275,2018-09-22-06-03-03
1.0,113.35538221862753,23.14414776211505,2018-09-22-06-03-03
1.0,113.35613102046158,23.144646451686086,2018-09-22-06-03-03
1.0,113.35588138954652,23.14489672198171,2018-09-22-06-03-03
1.0,113.35638061895813,23.144895985085352,2018-09-22-06-03-03
1.0,113.35338533105055,23.145150400376767,2018-09-22-06-03-03
1.0,113.35413407402453,23.1458989547382,2018-09-22-06-03-03
1.0,113.34989106645803,23.14640543871427,2018-09-22-06-03-03
1.0,113.34714583191611,23.1466598689808,2018-09-22-06-03-03
1.0,113.34914226793143,23.147656165534247,2018-09-22-06-03-03
1.0,113.35363475641489,23.147649028563436,2018-09-22-06-03-03
1.0,113.35413395428297,23.1476482639786,2018-09-22-06-03-03
1.0,113.3536347393099,23.14789893001741,2018-09-22-06-03-03
1.0,113.3568796502569,23.147894069812903,2018-09-22-06-03-03
1.0,113.35513233642297,23.148146555844612,2018-09-22-06-03-03
1.0,113.34465020468441,23.14841342134501,2018-09-22-06-03-03
1.0,113.34689615560177,23.1484095980167,2018-09-22-06-03-03
1.0,113.3536347050994,23.148398733026298,2018-09-22-06-03-03
1.0,113.35712923710096,23.148393509986146,2018-09-22-06-03-03
1.0,113.35538191065376,23.14864598498379,2018-09-22-06-03-03
50.0,113.34589783966106,23.149910695853144,2018-09-22-06-03-03
1.0,113.34989082715897,23.149904059792025,2018-09-22-06-03-03
1.0,113.35687949621229,23.150143184413427,2018-09-22-06-03-03
1.0,113.34739513376351,23.150407974434767,2018-09-22-06-03-03
1.0,113.3478942541303,23.150407142252995,2018-09-22-06-03-03
1.0,113.35388416632628,23.150397563378064,2018-09-22-06-03-03
1.0,113.3468960018522,23.15065871324391,2018-09-22-06-03-03
1.0,113.35038992541935,23.15065295835337,2018-09-22-06-03-03
1.0,113.34839334595712,23.150906118652067,2018-09-22-06-03-03
1.0,113.35014033279238,23.15090326296239,2018-09-22-06-03-03
1.0,113.3461473056191,23.151159781272174,2018-09-22-06-03-03
1.0,113.34839331177785,23.15140592247929,2018-09-22-06-03-03
1.0,113.34939156399265,23.15165418489882,2018-09-22-06-03-03
1.0,113.34989070749712,23.151653372825898,2018-09-22-06-03-03
1.0,113.35063943409376,23.15165216459499,2018-09-22-06-03-03
1.0,113.34889237514642,23.15240470823758,2018-09-22-06-03-03
1.0,113.34514900551615,23.15266089500604,2018-09-22-06-03-03
1.0,113.347894100337,23.152656259942294,2018-09-22-06-03-03
1.0,113.35014019602315,23.152902479096575,2018-09-22-06-03-03
1.0,113.35563121283167,23.15314384641907,2018-09-22-06-03-03
1.0,113.35662963733886,23.153642177088837,2018-09-22-06-03-03
1.0,113.33217397183476,23.152934236923098,2018-09-22-06-03-03
1.0,113.33566701038272,23.152927730018014,2018-09-22-06-03-03
1.0,113.33042746439956,23.153437331355132,2018-09-22-06-03-03
1.0,113.32718405831415,23.153693390249423,2018-09-22-06-03-03
1.0,113.32893048986524,23.153690068733255,2018-09-22-06-03-03
2.0,113.33192442287634,23.153684412251994,2018-09-22-06-03-03
1.0,113.3324234192063,23.153683475326048,2018-09-22-06-03-03
1.0,113.32693455249283,23.153943768020625,2018-09-22-06-03-03
1.0,113.33092642004286,23.153936193768356,2018-09-22-06-03-03
1.0,113.33691449108139,23.153925043730975,2018-09-22-06-03-03
1.0,113.33666496262046,23.15417540372961,2018-09-22-06-03-03
1.0,113.3284314564795,23.154440723326886,2018-09-22-06-03-03
1.0,113.32942942282325,23.15443882926911,2018-09-22-06-03-03
1.0,113.33666494557211,23.154425306079066,2018-09-22-06-03-03
1.0,113.33766299634011,23.154423479601665,2018-09-22-06-03-03
1.0,113.3361659081872,23.15467612588919,2018-09-22-06-03-03
1.0,113.3369144228838,23.154924653198897,2018-09-22-06-03-03
1.0,113.32818191486346,23.155190904845696,2018-09-22-06-03-03
1.0,113.32893038775848,23.15518948294341,2018-09-22-06-03-03
1.0,113.33167482341516,23.155184295613875,2018-09-22-06-03-03
1.0,113.32543752369084,23.155446039360264,2018-09-22-06-03-03
1.0,113.32942935474271,23.155438439023158,2018-09-22-06-03-03
1.0,113.33292229872572,23.15543185702308,2018-09-22-06-03-03
1.0,113.32693441641227,23.155942987532928,2018-09-22-06-03-03
1.0,113.33117577945376,23.155934942823794,2018-09-22-06-03-03
1.0,113.32518798577918,23.156196223748243,2018-09-22-06-03-03
1.0,113.32543747267708,23.156195747048326,2018-09-22-06-03-03
1.0,113.33292224762172,23.15618156470741,2018-09-22-06-03-03
1.0,113.33541728142734,23.15617692203546,2018-09-22-06-03-03
3.0,113.32518796877528,23.156446126381848,2018-09-22-06-03-03
1.0,113.32718387119137,23.15644231727349,2018-09-22-06-03-03
1.0,113.32793233960129,23.156440892184538,2018-09-22-06-03-03
1.0,113.32818182978501,23.15644041765704,2018-09-22-06-03-03
1.0,113.32893030266493,23.156438995754137,2018-09-22-06-03-03
1.0,113.33117574539783,23.15643474805354,2018-09-22-06-03-03
1.0,113.33142524155564,23.15643427802181,2018-09-22-06-03-03
1.0,113.32518795177121,23.156696029050988,2018-09-22-06-03-03
1.0,113.32618590079919,23.156694123114512,2018-09-22-06-03-03
1.0,113.33117571134123,23.15693455342541,2018-09-22-06-03-03
1.0,113.33516772368617,23.156927091677876,2018-09-22-06-03-03
1.0,113.33541723029238,23.156926630037816,2018-09-22-06-03-03
1.0,113.32543740465643,23.157195357795988,2018-09-22-06-03-03
1.0,113.33167468717552,23.157183516533312,2018-09-22-06-03-03
1.0,113.32543738765084,23.15744526057201,2018-09-22-06-03-03
1.0,113.32593636214537,23.157444307591167,2018-09-22-06-03-03
1.0,113.32818176171924,23.157440028545345,2018-09-22-06-03-03
1.0,113.33192416741836,23.15743295015321,2018-09-22-06-03-03
1.0,113.33616572066387,23.15742505445158,2018-09-22-06-03-03
2.0,113.32593634513759,23.157694210402855,2018-09-22-06-03-03
1.0,113.32618583276505,23.157693734146815,2018-09-22-06-03-03
1.0,113.32818174470238,23.15768993135666,2018-09-22-06-03-03
1.0,113.32868072621073,23.157688983128683,2018-09-22-06-03-03
1.0,113.32518786674837,23.157945542931575,2018-09-22-06-03-03
1.0,113.32643530365456,23.157943160910957,2018-09-22-06-03-03
1.0,113.32693428032105,23.157942209312072,2018-09-22-06-03-03
1.0,113.3286807091917,23.15793888597573,2018-09-22-06-03-03
1.0,113.33117564322605,23.157934164597304,2018-09-22-06-03-03
1.0,113.32568682375472,23.158194492550248,2018-09-22-06-03-03
1.0,113.32593631112155,23.158194016133724,2018-09-22-06-03-03
1.0,113.32618579874698,23.158193539877598,2018-09-22-06-03-03
1.0,113.3294291675075,23.158187368770427,2018-09-22-06-03-03
1.0,113.33142512234765,23.15818359744778,2018-09-22-06-03-03
1.0,113.3316746190517,23.158183127847998,2018-09-22-06-03-03
1.0,113.32593629411328,23.158443919053006,2018-09-22-06-03-03
1.0,113.32618578173769,23.15844344279684,2018-09-22-06-03-03
1.0,113.32543730262043,23.158694774989527,2018-09-22-06-03-03
1.0,113.33142508828674,23.158683403320502,2018-09-22-06-03-03
1.0,113.33242306151296,23.15893143062795,2018-09-22-06-03-03
1.0,113.33192404819181,23.159182270582022,2018-09-22-06-03-03
1.0,113.33292199207928,23.15993010794825,2018-09-22-06-03-03
1.0,113.32693412720572,23.160191336558647,2018-09-22-06-03-03
1.0,113.32743310510286,23.16019038579845,2018-09-22-06-03-03
1.0,113.32793208435602,23.16018943597662,2018-09-22-06-03-03
1.0,113.32843106507244,23.160188487192077,2018-09-22-06-03-03
1.0,113.33017751065037,23.160185176042692,2018-09-22-06-03-03
1.0,113.33466849115503,23.160176755199796,2018-09-22-06-03-03
1.0,113.3251876966902,23.16044457338952,2018-09-22-06-03-03
1.0,113.3311754729264,23.16043319504531,2018-09-22-06-03-03
1.0,113.32518767968347,23.1606944766347,2018-09-22-06-03-03
1.0,113.32893001331571,23.16068734599644,2018-09-22-06-03-03
1.0,113.32518766267657,23.16094437991636,2018-09-22-06-03-03
1.0,113.3259361070113,23.161192853551714,2018-09-22-06-03-03
1.0,113.32618559462459,23.161192377295095,2018-09-22-06-03-03
1.0,113.3254371155389,23.161443709888523,2018-09-22-06-03-03
1.0,113.32942894620354,23.161436109535533,2018-09-22-06-03-03
1.0,113.33042691957384,23.161434220808932,2018-09-22-06-03-03
1.0,113.32543709853049,23.161693613279894,2018-09-22-06-03-03
1.0,113.33466835479389,23.16217598188011,2018-09-22-06-03-03
1.0,113.32643496342035,23.16294122546454,2018-09-22-06-03-03
1.0,113.33566701038272,23.152927730018014,2018-09-22-06-03-03
1.0,113.33691449108139,23.153925043730975,2018-09-22-06-03-03
1.0,113.33816206108848,23.15392276608079,2018-09-22-06-03-03
1.0,113.33666496262046,23.15417540372961,2018-09-22-06-03-03
1.0,113.33791252826445,23.154173122448462,2018-09-22-06-03-03
1.0,113.33666494557211,23.154425306079066,2018-09-22-06-03-03
1.0,113.33766299634011,23.154423479601665,2018-09-22-06-03-03
1.0,113.3361659081872,23.15467612588919,2018-09-22-06-03-03
1.0,113.3473948432835,23.154656310207262,2018-09-22-06-03-03
1.0,113.3369144228838,23.154924653198897,2018-09-22-06-03-03
1.0,113.34714526811089,23.154906630522227,2018-09-22-06-03-03
1.0,113.34664612187542,23.15540727481153,2018-09-22-06-03-03
1.0,113.3461469981212,23.155658021344387,2018-09-22-06-03-03
1.0,113.34689566013792,23.155656757072876,2018-09-22-06-03-03
1.0,113.3391599969475,23.155920177109067,2018-09-22-06-03-03
1.0,113.347394757839,23.155905822649043,2018-09-22-06-03-03
1.0,113.33541728142734,23.15617692203546,2018-09-22-06-03-03
1.0,113.33791237477993,23.15642224485939,2018-09-22-06-03-03
1.0,113.33990852711516,23.156418634455594,2018-09-22-06-03-03
1.0,113.34514873222871,23.156659333426088,2018-09-22-06-03-03
1.0,113.34689559178702,23.15665636752185,2018-09-22-06-03-03
1.0,113.33516772368617,23.156927091677876,2018-09-22-06-03-03
1.0,113.33541723029238,23.156926630037816,2018-09-22-06-03-03
1.0,113.34365143965657,23.1571617239498,2018-09-22-06-03-03
1.0,113.33616572066387,23.15742505445158,2018-09-22-06-03-03
1.0,113.34464953865267,23.15815960760741,2018-09-22-06-03-03
1.0,113.34290269017252,23.159162253682712,2018-09-22-06-03-03
1.0,113.3414054782806,23.15941479624335,2018-09-22-06-03-03
1.0,113.33466849115503,23.160176755199796,2018-09-22-06-03-03
1.0,113.33965868050706,23.161167239725,2018-09-22-06-03-03
1.0,113.33466835479389,23.16217598188011,2018-09-22-06-03-03
1.0,113.33990813464004,23.162166404890897,2018-09-22-06-03-03
1.0,113.34290248525727,23.16216109281202,2018-09-22-06-03-03
1.0,113.34390063807503,23.1621593527851,2018-09-22-06-03-03
1.0,113.34290245110239,23.162660899846266,2018-09-22-06-03-03
1.0,113.34514900551615,23.15266089500604,2018-09-22-06-03-03
1.0,113.347894100337,23.152656259942294,2018-09-22-06-03-03
1.0,113.35014019602315,23.152902479096575,2018-09-22-06-03-03
1.0,113.35563121283167,23.15314384641907,2018-09-22-06-03-03
1.0,113.35662963733886,23.153642177088837,2018-09-22-06-03-03
1.0,113.34839314087145,23.153904943689195,2018-09-22-06-03-03
1.0,113.34914182353779,23.154153614433042,2018-09-22-06-03-03
1.0,113.35038968605662,23.154151587560175,2018-09-22-06-03-03
1.0,113.35588075635384,23.154143084635663,2018-09-22-06-03-03
1.0,113.34989051944049,23.154402296727607,2018-09-22-06-03-03
1.0,113.3473948432835,23.154656310207262,2018-09-22-06-03-03
1.0,113.34839308959626,23.154654650731604,2018-09-22-06-03-03
1.0,113.34939135885948,23.154653011183846,2018-09-22-06-03-03
1.0,113.35213672406542,23.15464861108149,2018-09-22-06-03-03
1.0,113.34714526811089,23.154906630522227,2018-09-22-06-03-03
1.0,113.34664612187542,23.15540727481153,2018-09-22-06-03-03
1.0,113.3461469981212,23.155658021344387,2018-09-22-06-03-03
1.0,113.34689566013792,23.155656757072876,2018-09-22-06-03-03
1.0,113.35687911960152,23.155641031825805,2018-09-22-06-03-03
1.0,113.347394757839,23.155905822649043,2018-09-22-06-03-03
1.0,113.34514873222871,23.156659333426088,2018-09-22-06-03-03
1.0,113.34689559178702,23.15665636752185,2018-09-22-06-03-03
1.0,113.35088861938817,23.157399519347003,2018-09-22-06-03-03
1.0,113.34464953865267,23.15815960760741,2018-09-22-06-03-03
1.0,113.34939094852076,23.16065067903085,2018-09-22-06-03-03
1.0,113.34964050239388,23.160900175619282,2018-09-22-06-03-03
1.0,113.34964045109169,23.16164988567126,2018-09-22-06-03-03
1.0,113.35113787453864,23.16214728015773,2018-09-22-06-03-03
1.0,113.35088827730705,23.162397582363266,2018-09-22-06-03-03
1.0,113.33466835479389,23.16217598188011,2018-09-22-06-03-03
1.0,113.32643496342035,23.16294122546454,2018-09-22-06-03-03
1.0,113.32668443456951,23.163190653177683,2018-09-22-06-03-03
1.0,113.3271834118046,23.163189701984415,2018-09-22-06-03-03
1.0,113.32743290090386,23.163189226714934,2018-09-22-06-03-03
1.0,113.32818137028936,23.163187802363495,2018-09-22-06-03-03
1.0,113.32618544151707,23.16344150881019,2018-09-22-06-03-03
1.0,113.32718339478794,23.16343960563351,2018-09-22-06-03-03
1.0,113.32668440054007,23.163690460513127,2018-09-22-06-03-03
1.0,113.32693388899949,23.16368998481148,2018-09-22-06-03-03
1.0,113.3271833777711,23.163689509319692,2018-09-22-06-03-03
1.0,113.32818133624781,23.163687609698442,2018-09-22-06-03-03
1.0,113.33342073770945,23.163677726379518,2018-09-22-06-03-03
1.0,113.33391974155923,23.163676795523553,2018-09-22-06-03-03
1.0,113.32543694544731,23.163942745460087,2018-09-22-06-03-03
1.0,113.33716332120476,23.16392070719462,2018-09-22-06-03-03
1.0,113.33741283428277,23.16392025092461,2018-09-22-06-03-03
1.0,113.32693385496736,23.164189792295385,2018-09-22-06-03-03
1.0,113.32518742456251,23.164443029720207,2018-09-22-06-03-03
1.0,113.32618537346495,23.16444112377861,2018-09-22-06-03-03
1.0,113.32718332671965,23.164439220601267,2018-09-22-06-03-03
1.0,113.33666426350139,23.164421429419633,2018-09-22-06-03-03
1.0,113.3354167018098,23.16467363178495,2018-09-22-06-03-03
1.0,113.33566620915188,23.164673170772314,2018-09-22-06-03-03
1.0,113.32493790389954,23.164943314253016,2018-09-22-06-03-03
1.0,113.32518739054356,23.164942837428327,2018-09-22-06-03-03
1.0,113.33367015408125,23.164926779663688,2018-09-22-06-03-03
1.0,113.33541668475931,23.164923535655983,2018-09-22-06-03-03
1.0,113.3356661921004,23.164923074643305,2018-09-22-06-03-03
1.0,113.33416914223518,23.165175753814186,2018-09-22-06-03-03
1.0,113.32793169290717,23.16593721907934,2018-09-22-06-03-03
1.0,113.32518730549327,23.166192357354273,2018-09-22-06-03-03
1.0,113.33441857768847,23.166174905789862,2018-09-22-06-03-03
1.0,113.32718319057508,23.16643845233071,2018-09-22-06-03-03
1.0,113.33716315062932,23.166419746465678,2018-09-22-06-03-03
1.0,113.33741266369769,23.16641929019525,2018-09-22-06-03-03
1.0,113.32818113198455,23.166686456842907,2018-09-22-06-03-03
1.0,113.33441854359313,23.166674714020576,2018-09-22-06-03-03
1.0,113.32493776782518,23.166942546586636,2018-09-22-06-03-03
1.0,113.33441852654522,23.1669246181926,2018-09-22-06-03-03
1.0,113.33466803089341,23.166924154738098,2018-09-22-06-03-03
1.0,113.33491753596797,23.166923691875613,2018-09-22-06-03-03
1.0,113.33541654834934,23.16692276797566,2018-09-22-06-03-03
1.0,113.33591556379533,23.16692184659057,2018-09-22-06-03-03
1.0,113.32543672430336,23.167191497271283,2018-09-22-06-03-03
1.0,113.33566602157651,23.167422115419875,2018-09-22-06-03-03
1.0,113.32568617736186,23.16769082924164,2018-09-22-06-03-03
1.0,113.33566598746972,23.16792192402893,2018-09-22-06-03-03
1.0,113.33042645974439,23.16818162539438,2018-09-22-06-03-03
1.0,113.33641449713065,23.16817044924528,2018-09-22-06-03-03
1.0,113.32593561364591,23.168440065913266,2018-09-22-06-03-03
1.0,113.33566595336228,23.168421732790264,2018-09-22-06-03-03
1.0,113.33641448007391,23.168420353644883,2018-09-22-06-03-03
1.0,113.33666399059828,23.168419895268546,2018-09-22-06-03-03
1.0,113.32618508421373,23.168689494094927,2018-09-22-06-03-03
1.0,113.33441840720513,23.168673948459578,2018-09-22-06-03-03
1.0,113.33591544441418,23.168671176855792,2018-09-22-06-03-03
1.0,113.32618506719747,23.16893939857264,2018-09-22-06-03-03
1.0,113.32643455505142,23.168938922487502,2018-09-22-06-03-03
1.0,113.33441839015589,23.168923852935922,2018-09-22-06-03-03
1.0,113.33516690536935,23.16892246435971,2018-09-22-06-03-03
1.0,113.33142435581566,23.169429265174013,2018-09-22-06-03-03
1.0,113.33766197290213,23.16941768676162,2018-09-22-06-03-03
1.0,113.33267182786854,23.169676826326278,2018-09-22-06-03-03
1.0,113.331673818397,23.16992860479446,2018-09-22-06-03-03
1.0,113.33192329858063,23.170178040306023,2018-09-22-06-03-03
1.0,113.33666387118973,23.17016922713745,2018-09-22-06-03-03
1.0,113.33741240778875,23.17016785619438,2018-09-22-06-03-03
1.0,113.32768189673298,23.17043597275674,2018-09-22-06-03-03
1.0,113.33292125931627,23.17067597782207,2018-09-22-06-03-03
1.0,113.33342026047106,23.17067504484099,2018-09-22-06-03-03
1.0,113.33217274525886,23.170927285843344,2018-09-22-06-03-03
1.0,113.33017676131702,23.171180952373028,2018-09-22-06-03-03
1.0,113.33217272821699,23.171177190666597,2018-09-22-06-03-03
1.0,113.32818079149247,23.171684547557632,2018-09-22-06-03-03
1.0,113.33292119113658,23.17167559719223,2018-09-22-06-03-03
1.0,113.32643435083098,23.171937779221413,2018-09-22-06-03-03
1.0,113.33990813464004,23.162166404890897,2018-09-22-06-03-03
1.0,113.34290248525727,23.16216109281202,2018-09-22-06-03-03
1.0,113.34390063807503,23.1621593527851,2018-09-22-06-03-03
1.0,113.34290245110239,23.162660899846266,2018-09-22-06-03-03
1.0,113.33866048126023,23.162918366046437,2018-09-22-06-03-03
1.0,113.34165476896628,23.162913000638717,2018-09-22-06-03-03
1.0,113.34689516453322,23.162903945868855,2018-09-22-06-03-03
1.0,113.3439005526682,23.163408870646865,2018-09-22-06-03-03
1.0,113.33716332120476,23.16392070719462,2018-09-22-06-03-03
1.0,113.33741283428277,23.16392025092461,2018-09-22-06-03-03
3.0,113.33866039594913,23.164167884468032,2018-09-22-06-03-03
5.0,113.33890991445358,23.164167432736697,2018-09-22-06-03-03
1.0,113.33915943390843,23.164166981804144,2018-09-22-06-03-03
1.0,113.33666426350139,23.164421429419633,2018-09-22-06-03-03
1.0,113.33841086132027,23.16441824078195,2018-09-22-06-03-03
1.0,113.3354167018098,23.16467363178495,2018-09-22-06-03-03
1.0,113.33566620915188,23.164673170772314,2018-09-22-06-03-03
1.0,113.33816132761741,23.164668597907873,2018-09-22-06-03-03
1.0,113.3409060636578,23.16466365628158,2018-09-22-06-03-03
1.0,113.34165464945022,23.16466232668574,2018-09-22-06-03-03
1.0,113.33541668475931,23.164923535655983,2018-09-22-06-03-03
1.0,113.3356661921004,23.164923074643305,2018-09-22-06-03-03
1.0,113.33841077600894,23.165667760321945,2018-09-22-06-03-03
1.0,113.33716315062932,23.166419746465678,2018-09-22-06-03-03
1.0,113.33741266369769,23.16641929019525,2018-09-22-06-03-03
1.0,113.33990782742393,23.166664673561037,2018-09-22-06-03-03
1.0,113.33491753596797,23.166923691875613,2018-09-22-06-03-03
1.0,113.33541654834934,23.16692276797566,2018-09-22-06-03-03
1.0,113.33591556379533,23.16692184659057,2018-09-22-06-03-03
1.0,113.33566602157651,23.167422115419875,2018-09-22-06-03-03
1.0,113.33566598746972,23.16792192402893,2018-09-22-06-03-03
1.0,113.34215349008602,23.167910198164332,2018-09-22-06-03-03
1.0,113.33641449713065,23.16817044924528,2018-09-22-06-03-03
1.0,113.34015724837852,23.1681636515388,2018-09-22-06-03-03
1.0,113.33566595336228,23.168421732790264,2018-09-22-06-03-03
1.0,113.33641448007391,23.168420353644883,2018-09-22-06-03-03
1.0,113.33666399059828,23.168419895268546,2018-09-22-06-03-03
1.0,113.34090580756647,23.168412218286278,2018-09-22-06-03-03
1.0,113.33591544441418,23.168671176855792,2018-09-22-06-03-03
1.0,113.34015721423614,23.168663460374916,2018-09-22-06-03-03
1.0,113.34315157760362,23.168658159378193,2018-09-22-06-03-03
1.0,113.33516690536935,23.16892246435971,2018-09-22-06-03-03
1.0,113.34115530092781,23.16891158308842,2018-09-22-06-03-03
1.0,113.343151560521,23.168908063853063,2018-09-22-06-03-03
1.0,113.34414971799818,23.16890632789953,2018-09-22-06-03-03
1.0,113.33766197290213,23.16941768676162,2018-09-22-06-03-03
1.0,113.34015716302135,23.16941317391596,2018-09-22-06-03-03
1.0,113.34589650691339,23.169403139877087,2018-09-22-06-03-03
1.0,113.34040667033139,23.169662631747393,2018-09-22-06-03-03
1.0,113.34664514768227,23.169651776726546,2018-09-22-06-03-03
1.0,113.34040665325834,23.1699125363762,2018-09-22-06-03-03
1.0,113.34065617866806,23.169912090488122,2018-09-22-06-03-03
1.0,113.34689468588469,23.16990126108944,2018-09-22-06-03-03
1.0,113.33666387118973,23.17016922713745,2018-09-22-06-03-03
1.0,113.33741240778875,23.17016785619438,2018-09-22-06-03-03
1.0,113.34240286934605,23.17015889932879,2018-09-22-06-03-03
1.0,113.34090567096904,23.17041145485596,2018-09-22-06-03-03
1.0,113.34165425669687,23.170410125257195,2018-09-22-06-03-03
1.0,113.34365051727156,23.170656526224047,2018-09-22-06-03-03
1.0,113.34514777538516,23.170653941124858,2018-09-22-06-03-03
1.0,113.34739374927753,23.17065013821578,2018-09-22-06-03-03
1.0,113.34140469288997,23.170910377069298,2018-09-22-06-03-03
1.0,113.3453973056909,23.170903418824047,2018-09-22-06-03-03
1.0,113.3471441741506,23.170900460897602,2018-09-22-06-03-03
1.0,113.34090561974224,23.1711611692052,2018-09-22-06-03-03
1.0,113.34539728859856,23.171153323645065,2018-09-22-06-03-03
1.0,113.34714415705203,23.17115036571832,2018-09-22-06-03-03
1.0,113.34365046601363,23.171406240688047,2018-09-22-06-03-03
1.0,113.34115511308958,23.17166053485455,2018-09-22-06-03-03
1.0,113.3434009101725,23.171656580094403,2018-09-22-06-03-03
1.0,113.34040651666794,23.17191177479734,2018-09-22-06-03-03
1.0,113.34389997179079,23.17190561704269,2018-09-22-06-03-03
1.0,113.34439905532992,23.171904753201748,2018-09-22-06-03-03
1.0,113.34964045109169,23.16164988567126,2018-09-22-06-03-03
1.0,113.35113787453864,23.16214728015773,2018-09-22-06-03-03
1.0,113.35088827730705,23.162397582363266,2018-09-22-06-03-03
1.0,113.34689516453322,23.162903945868855,2018-09-22-06-03-03
1.0,113.34964036558466,23.162899403159187,2018-09-22-06-03-03
1.0,113.34864202217956,23.163900652273295,2018-09-22-06-03-03
1.0,113.35338399655093,23.164642791362024,2018-09-22-06-03-03
1.0,113.35163683419941,23.165145331271283,2018-09-22-06-03-03
1.0,113.35288477465478,23.165143372568284,2018-09-22-06-03-03
1.0,113.35113765214119,23.16539602851306,2018-09-22-06-03-03
1.0,113.35113763503253,23.165645932493803,2018-09-22-06-03-03
1.0,113.35313433342472,23.1656427930464,2018-09-22-06-03-03
1.0,113.35038886513496,23.166146940758154,2018-09-22-06-03-03
1.0,113.35113760081468,23.166145740568073,2018-09-22-06-03-03
1.0,113.35662878120861,23.166137334820675,2018-09-22-06-03-03
1.0,113.35113758370551,23.1663956446617,2018-09-22-06-03-03
1.0,113.35013922123183,23.16714696010994,2018-09-22-06-03-03
1.0,113.35363335324791,23.168141064417544,2018-09-22-06-03-03
1.0,113.34988956174683,23.168396885790454,2018-09-22-06-03-03
1.0,113.355630151381,23.16863785124071,2018-09-22-06-03-03
1.0,113.35662860993219,23.168636377452085,2018-09-22-06-03-03
1.0,113.34939036704232,23.16914741129064,2018-09-22-06-03-03
1.0,113.34589650691339,23.169403139877087,2018-09-22-06-03-03
1.0,113.34939034993707,23.16939731584106,2018-09-22-06-03-03
1.0,113.34963992088058,23.169396909150436,2018-09-22-06-03-03
1.0,113.34664514768227,23.169651776726546,2018-09-22-06-03-03
1.0,113.35288446657168,23.169641649326017,2018-09-22-06-03-03
1.0,113.34689468588469,23.16990126108944,2018-09-22-06-03-03
1.0,113.35138692582808,23.169893908619766,2018-09-22-06-03-03
1.0,113.35288444945435,23.16989155395267,2018-09-22-06-03-03
1.0,113.3521356632513,23.170142629590707,2018-09-22-06-03-03
1.0,113.35238525131395,23.170142237838235,2018-09-22-06-03-03
1.0,113.35513081296466,23.170387929682114,2018-09-22-06-03-03
1.0,113.35637887268516,23.170386075628688,2018-09-22-06-03-03
1.0,113.34514777538516,23.170653941124858,2018-09-22-06-03-03
1.0,113.34739374927753,23.17065013821578,2018-09-22-06-03-03
1.0,113.35038855718973,23.170645220264625,2018-09-22-06-03-03
1.0,113.3453973056909,23.170903418824047,2018-09-22-06-03-03
1.0,113.3471441741506,23.170900460897602,2018-09-22-06-03-03
1.0,113.34939024730211,23.170896743951765,2018-09-22-06-03-03
1.0,113.34539728859856,23.171153323645065,2018-09-22-06-03-03
1.0,113.34714415705203,23.17115036571832,2018-09-22-06-03-03
1.0,113.3483919611606,23.171148288331317,2018-09-22-06-03-03
1.0,113.3488910927597,23.17114746601524,2018-09-22-06-03-03
1.0,113.35488115496631,23.17113801950818,2018-09-22-06-03-03
1.0,113.34988935645836,23.17139574155139,2018-09-22-06-03-03
1.0,113.35013893039913,23.17139533747595,2018-09-22-06-03-03
1.0,113.35213557767368,23.171392153496594,2018-09-22-06-03-03
1.0,113.35238516573219,23.171391761743898,2018-09-22-06-03-03
3.0,113.34963976691814,23.171646051838106,2018-09-22-06-03-03
1.0,113.35138680603687,23.171643242089306,2018-09-22-06-03-03
1.0,113.3553803357164,23.171637079838252,2018-09-22-06-03-03
1.0,113.33017676131702,23.171180952373028,2018-09-22-06-03-03
1.0,113.33217272821699,23.171177190666597,2018-09-22-06-03-03
1.0,113.32818079149247,23.171684547557632,2018-09-22-06-03-03
1.0,113.33292119113658,23.17167559719223,2018-09-22-06-03-03
1.0,113.32643435083098,23.171937779221413,2018-09-22-06-03-03
1.0,113.33391916197142,23.17217354327002,2018-09-22-06-03-03
1.0,113.32643431679192,23.17243758921967,2018-09-22-06-03-03
1.0,113.32743227113934,23.17243568685174,2018-09-22-06-03-03
1.0,113.32768176054029,23.17243521181532,2018-09-22-06-03-03
1.0,113.32867972180253,23.172433314262847,2018-09-22-06-03-03
1.0,113.33491716082847,23.17242159333067,2018-09-22-06-03-03
1.0,113.32618481193336,23.172687970363096,2018-09-22-06-03-03
1.0,113.3271827650546,23.1726860671803,2018-09-22-06-03-03
1.0,113.32768174351546,23.172685116872785,2018-09-22-06-03-03
1.0,113.33267162334137,23.172675684440737,2018-09-22-06-03-03
1.0,113.33666370059188,23.17266827594652,2018-09-22-06-03-03
1.0,113.33691321193203,23.172667818259164,2018-09-22-06-03-03
1.0,113.32618479491443,23.172937875459912,2018-09-22-06-03-03
1.0,113.32643428275217,23.172937399374113,2018-09-22-06-03-03
1.0,113.32743223709153,23.172935497005856,2018-09-22-06-03-03
1.0,113.3341686137337,23.172922793836563,2018-09-22-06-03-03
1.0,113.33591515445447,23.17291955819324,2018-09-22-06-03-03
1.0,113.32593529033062,23.17318825685448,2018-09-22-06-03-03
1.0,113.32618477789532,23.173187780595878,2018-09-22-06-03-03
1.0,113.32693324227523,23.17318635290611,2018-09-22-06-03-03
1.0,113.32718273100848,23.17318587741275,2018-09-22-06-03-03
1.0,113.32743222006737,23.173185402141613,2018-09-22-06-03-03
1.0,113.32768170946528,23.17318492710507,2018-09-22-06-03-03
1.0,113.32843017982732,23.173183503526634,2018-09-22-06-03-03
1.0,113.32867967071543,23.173183029552103,2018-09-22-06-03-03
1.0,113.32892916200959,23.173182555873986,2018-09-22-06-03-03
1.0,113.32917865372319,23.173182082504642,2018-09-22-06-03-03
1.0,113.32942814586964,23.17318160945643,2018-09-22-06-03-03
1.0,113.33017662503993,23.173180192362167,2018-09-22-06-03-03
1.0,113.33366959154787,23.173173628732112,2018-09-22-06-03-03
1.0,113.33391909377194,23.173173163574035,2018-09-22-06-03-03
1.0,113.33691317780853,23.17316762848837,2018-09-22-06-03-03
1.0,113.32818067230451,23.17343388296006,2018-09-22-06-03-03
1.0,113.32843016279895,23.173433408701438,2018-09-22-06-03-03
1.0,113.32867965368607,23.17343293472687,2018-09-22-06-03-03
1.0,113.32892914497921,23.17343246104871,2018-09-22-06-03-03
1.0,113.33267157220581,23.173425399845463,2018-09-22-06-03-03
1.0,113.3364141389043,23.17341844972642,2018-09-22-06-03-03
15.0,113.33691316074652,23.173417533661762,2018-09-22-06-03-03
1.0,113.33766169988374,23.17341616485909,2018-09-22-06-03-03
1.0,113.33342005590028,23.173673904820383,2018-09-22-06-03-03
1.0,113.3339190596712,23.173672973961082,2018-09-22-06-03-03
2.0,113.3371626558661,23.173666981888754,2018-09-22-06-03-03
1.0,113.32818062122145,23.1741835987204,2018-09-22-06-03-03
1.0,113.32843011171288,23.174183124461653,2018-09-22-06-03-03
1.0,113.32768162433693,23.174434453372896,2018-09-22-06-03-03
1.0,113.32942806070606,23.174431135722813,2018-09-22-06-03-03
1.0,113.33716260467567,23.174416697762716,2018-09-22-06-03-03
1.0,113.32768160731077,23.174684358744685,2018-09-22-06-03-03
1.0,113.32793109705507,23.174683883954845,2018-09-22-06-03-03
1.0,113.32818058716525,23.174683409424333,2018-09-22-06-03-03
1.0,113.32843007765466,23.174682935165503,2018-09-22-06-03-03
1.0,113.32967753625951,23.174680568379344,2018-09-22-06-03-03
1.0,113.32793108002772,23.17493378936613,2018-09-22-06-03-03
1.0,113.3281805701369,23.174933314835574,2018-09-22-06-03-03
1.0,113.32917853450004,23.174931419553843,2018-09-22-06-03-03
1.0,113.32693310609211,23.17518559540895,2018-09-22-06-03-03
1.0,113.32818055310838,23.175183220286403,2018-09-22-06-03-03
1.0,113.33516647901034,23.175170088849423,2018-09-22-06-03-03
1.0,113.32693308906848,23.175435500899628,2018-09-22-06-03-03
1.0,113.32743206684242,23.175434550134387,2018-09-22-06-03-03
1.0,113.33217243847979,23.175425578638762,2018-09-22-06-03-03
1.0,113.33317043567426,23.175423708649106,2018-09-22-06-03-03
1.0,113.33441794681679,23.175421382918195,2018-09-22-06-03-03
1.0,113.32693307204467,23.17568540643,2018-09-22-06-03-03
1.0,113.33566545872918,23.175668977210062,2018-09-22-06-03-03
1.0,113.33791106108153,23.17566485838429,2018-09-22-06-03-03
1.0,113.33292090134313,23.175923986498148,2018-09-22-06-03-03
1.0,113.33341990245641,23.17592305351532,2018-09-22-06-03-03
1.0,113.3344179127091,23.1759211940162,2018-09-22-06-03-03
1.0,113.33516642784024,23.175919805436482,2018-09-22-06-03-03
1.0,113.33566544167036,23.17591888277873,2018-09-22-06-03-03
1.0,113.33791104401399,23.175914763952584,2018-09-22-06-03-03
1.0,113.32593508610051,23.1761871215604,2018-09-22-06-03-03
1.0,113.332421885717,23.176174827114455,2018-09-22-06-03-03
1.0,113.33267138469596,23.176174359363856,2018-09-22-06-03-03
1.0,113.33441789565501,23.176171099624877,2018-09-22-06-03-03
1.0,113.3354159173142,23.176169249401756,2018-09-22-06-03-03
1.0,113.3306753750245,23.176677925499522,2018-09-22-06-03-03
1.0,113.3341683579496,23.176671374997767,2018-09-22-06-03-03
1.0,113.33491687089258,23.176669984641624,2018-09-22-06-03-03
1.0,113.33142384460672,23.17692641987576,2018-09-22-06-03-03
1.0,113.3324218345774,23.176924544180853,2018-09-22-06-03-03
1.0,113.33441784449174,23.176920816690277,2018-09-22-06-03-03
1.0,113.33591488150712,23.17691804507822,2018-09-22-06-03-03
1.0,113.33791097574218,23.17691438662432,2018-09-22-06-03-03
1.0,113.33242181753054,23.17717444994962,2018-09-22-06-03-03
1.0,113.3341683238422,23.177171186494697,2018-09-22-06-03-03
1.0,113.33441782743698,23.177170722458712,2018-09-22-06-03-03
1.0,113.33691288773169,23.177416021812594,2018-09-22-06-03-03
1.0,113.33791094160527,23.177414198200083,2018-09-22-06-03-03
1.0,113.33092480187125,23.177677077793255,2018-09-22-06-03-03
1.0,113.33117429740446,23.177676607338086,2018-09-22-06-03-03
1.0,113.33391878684121,23.177671462755498,2018-09-22-06-03-03
1.0,113.33766140975483,23.177664558855994,2018-09-22-06-03-03
1.0,113.33791092453656,23.177664104048127,2018-09-22-06-03-03
1.0,113.33666334228202,23.177916291237434,2018-09-22-06-03-03
1.0,113.33791090746769,23.177914009936355,2018-09-22-06-03-03
1.0,113.33142375939063,23.17817594912168,2018-09-22-06-03-03
1.0,113.3366633252178,23.178166197166107,2018-09-22-06-03-03
1.0,113.337162348701,23.17816528249141,2018-09-22-06-03-03
1.0,113.33741186172401,23.178164826219007,2018-09-22-06-03-03
1.0,113.33791089039865,23.178163915864815,2018-09-22-06-03-03
1.0,113.33666330815342,23.17841610313506,2018-09-22-06-03-03
1.0,113.33716233163469,23.17841518846028,2018-09-22-06-03-03
1.0,113.33791087332945,23.17841382183356,2018-09-22-06-03-03
1.0,113.32743184549368,23.17868332514401,2018-09-22-06-03-03
1.0,113.33167322192543,23.1786752914985,2018-09-22-06-03-03
1.0,113.33192271911447,23.17867482233988,2018-09-22-06-03-03
1.0,113.33591476207921,23.178667386298898,2018-09-22-06-03-03
1.0,113.33292069675402,23.178922856447727,2018-09-22-06-03-03
1.0,113.33616425387602,23.178916832627767,2018-09-22-06-03-03
1.0,113.3369127853401,23.178915457505646,2018-09-22-06-03-03
1.0,113.33716229750155,23.178915000519105,2018-09-22-06-03-03
1.0,113.33791083919053,23.17891363389213,2018-09-22-06-03-03
1.0,113.32743181143753,23.17918313728692,2018-09-22-06-03-03
1.0,113.33167318783516,23.17917510364,2018-09-22-06-03-03
1.0,113.33666325695928,23.179165821284187,2018-09-22-06-03-03
1.0,113.32743179440921,23.179433043419102,2018-09-22-06-03-03
1.0,113.32768128378189,23.17943256838152,2018-09-22-06-03-03
1.0,113.33766129027595,23.179413900920654,2018-09-22-06-03-03
1.0,113.32793075647652,23.179681999763556,2018-09-22-06-03-03
1.0,113.33167315374425,23.179674915943508,2018-09-22-06-03-03
1.0,113.33466716117833,23.179669318899258,2018-09-22-06-03-03
1.0,113.32768124972272,23.17993238076752,2018-09-22-06-03-03
1.0,113.3336691311581,23.179921082367674,2018-09-22-06-03-03
1.0,113.33716222923329,23.179914625122553,2018-09-22-06-03-03
1.0,113.3379107709107,23.179913258495073,2018-09-22-06-03-03
1.0,113.33591465970592,23.1801668232056,2018-09-22-06-03-03
1.0,113.3371622121658,23.18016453137494,2018-09-22-06-03-03
1.0,113.33766123906821,23.18016361955562,2018-09-22-06-03-03
1.0,113.33791075384032,23.180163164747334,2018-09-22-06-03-03
1.0,113.33341959552814,23.180421360616595,2018-09-22-06-03-03
1.0,113.3344176057099,23.18041950111448,2018-09-22-06-03-03
1.0,113.33716219509814,23.18041443766804,2018-09-22-06-03-03
1.0,113.32867915976196,23.180680202093686,2018-09-22-06-03-03
1.0,113.33741169104367,23.180663887729086,2018-09-22-06-03-03
1.0,113.32693271450627,23.18093343183278,2018-09-22-06-03-03
1.0,113.32842965187068,23.180930582445608,2018-09-22-06-03-03
1.0,113.33317006056143,23.180921639559454,2018-09-22-06-03-03
1.0,113.33341956142165,23.18092117332641,2018-09-22-06-03-03
1.0,113.34140469288997,23.170910377069298,2018-09-22-06-03-03
1.0,113.3453973056909,23.170903418824047,2018-09-22-06-03-03
1.0,113.3471441741506,23.170900460897602,2018-09-22-06-03-03
1.0,113.34090561974224,23.1711611692052,2018-09-22-06-03-03
1.0,113.34539728859856,23.171153323645065,2018-09-22-06-03-03
1.0,113.34714415705203,23.17115036571832,2018-09-22-06-03-03
1.0,113.34365046601363,23.171406240688047,2018-09-22-06-03-03
1.0,113.34115511308958,23.17166053485455,2018-09-22-06-03-03
1.0,113.3434009101725,23.171656580094403,2018-09-22-06-03-03
1.0,113.34040651666794,23.17191177479734,2018-09-22-06-03-03
1.0,113.34389997179079,23.17190561704269,2018-09-22-06-03-03
1.0,113.34439905532992,23.171904753201748,2018-09-22-06-03-03
1.0,113.34789278399529,23.17189883032408,2018-09-22-06-03-03
1.0,113.34065602499463,23.17216123388618,2018-09-22-06-03-03
1.0,113.34739364667928,23.172149567489388,2018-09-22-06-03-03
1.0,113.33491716082847,23.17242159333067,2018-09-22-06-03-03
1.0,113.34365039766739,23.17240586051725,2018-09-22-06-03-03
1.0,113.34439902115098,23.17240456319397,2018-09-22-06-03-03
1.0,113.34639540567558,23.172401151188918,2018-09-22-06-03-03
1.0,113.33666370059188,23.17266827594652,2018-09-22-06-03-03
1.0,113.33691321193203,23.172667818259164,2018-09-22-06-03-03
1.0,113.34065599084313,23.172661043957717,2018-09-22-06-03-03
1.0,113.34190363372382,23.172658827997644,2018-09-22-06-03-03
1.0,113.34714405445706,23.172649795458796,2018-09-22-06-03-03
1.0,113.33591515445447,23.17291955819324,2018-09-22-06-03-03
1.0,113.33816076451147,23.172915445688048,2018-09-22-06-03-03
1.0,113.34489807544023,23.172903513743613,2018-09-22-06-03-03
1.0,113.34564671762224,23.172902232504793,2018-09-22-06-03-03
1.0,113.34589626759441,23.172901807647627,2018-09-22-06-03-03
1.0,113.34664492542164,23.17290053990599,2018-09-22-06-03-03
1.0,113.33691317780853,23.17316762848837,2018-09-22-06-03-03
1.0,113.34240266436464,23.173157758355504,2018-09-22-06-03-03
1.0,113.34489805834836,23.17315341887644,2018-09-22-06-03-03
1.0,113.34514760446498,23.173152990697208,2018-09-22-06-03-03
1.0,113.34539715185387,23.173152563613673,2018-09-22-06-03-03
1.0,113.3364141389043,23.17341844972642,2018-09-22-06-03-03
15.0,113.33691316074652,23.173417533661762,2018-09-22-06-03-03
1.0,113.33766169988374,23.17341616485909,2018-09-22-06-03-03
1.0,113.34340079057007,23.173405915478945,2018-09-22-06-03-03
1.0,113.34564668343293,23.173402042809396,2018-09-22-06-03-03
1.0,113.34639533728689,23.173400771640992,2018-09-22-06-03-03
2.0,113.3371626558661,23.173666981888754,2018-09-22-06-03-03
1.0,113.33841022991743,23.173664707913385,2018-09-22-06-03-03
1.0,113.33865974744816,23.173664255393746,2018-09-22-06-03-03
1.0,113.34489802416412,23.173653229259774,2018-09-22-06-03-03
1.0,113.34539711766602,23.17365237399684,2018-09-22-06-03-03
1.0,113.34689442941179,23.173649835155757,2018-09-22-06-03-03
1.0,113.34315121883323,23.17390616146281,2018-09-22-06-03-03
1.0,113.34439891861015,23.173903994109505,2018-09-22-06-03-03
1.0,113.34464846221746,23.173903563773777,2018-09-22-06-03-03
1.0,113.34614575049022,23.173901004686968,2018-09-22-06-03-03
1.0,113.34714396895664,23.173899321317307,2018-09-22-06-03-03
1.0,113.3473935269737,23.173898903416916,2018-09-22-06-03-03
1.0,113.3389092317761,23.174163614203454,2018-09-22-06-03-03
1.0,113.33990731527668,23.174161815379687,2018-09-22-06-03-03
1.0,113.34340073930937,23.17415563123162,2018-09-22-06-03-03
1.0,113.34389981799673,23.17415476324129,2018-09-22-06-03-03
1.0,113.3441493591473,23.174154330795982,2018-09-22-06-03-03
1.0,113.34439890151944,23.17415389939958,2018-09-22-06-03-03
1.0,113.34464844512584,23.17415346906381,2018-09-22-06-03-03
1.0,113.34514753609223,23.17415261162098,2018-09-22-06-03-03
1.0,113.34539708347751,23.174152184537274,2018-09-22-06-03-03
1.0,113.34614573339319,23.174150909976742,2018-09-22-06-03-03
1.0,113.34689439521256,23.17414964569567,2018-09-22-06-03-03
1.0,113.33716260467567,23.174416697762716,2018-09-22-06-03-03
1.0,113.34365026096687,23.174405102053385,2018-09-22-06-03-03
1.0,113.34564661505229,23.1744016638902,2018-09-22-06-03-03
1.0,113.34664482283026,23.174399971290367,2018-09-22-06-03-03
1.0,113.34714393475531,23.174399131935942,2018-09-22-06-03-03
1.0,113.33940823742844,23.17466252384599,2018-09-22-06-03-03
1.0,113.33965775878347,23.174662074545385,2018-09-22-06-03-03
1.0,113.34439886733749,23.17465371009806,2018-09-22-06-03-03
1.0,113.34639525179726,23.174650298089915,2018-09-22-06-03-03
1.0,113.34664480573112,23.174649876658957,2018-09-22-06-03-03
1.0,113.34689436101266,23.174649456393293,2018-09-22-06-03-03
1.0,113.33990726405366,23.174911531488977,2018-09-22-06-03-03
1.0,113.34040631176228,23.174910637110326,2018-09-22-06-03-03
1.0,113.34140441962765,23.17490885889992,2018-09-22-06-03-03
1.0,113.34414930787685,23.174904046903105,2018-09-22-06-03-03
1.0,113.34464839384994,23.174903185170677,2018-09-22-06-03-03
1.0,113.3448979387006,23.174902755907116,2018-09-22-06-03-03
1.0,113.34539703219347,23.174901900643754,2018-09-22-06-03-03
1.0,113.34564658086097,23.174901474667266,2018-09-22-06-03-03
1.0,113.33516647901034,23.175170088849423,2018-09-22-06-03-03
1.0,113.33940820328307,23.175162334704304,2018-09-22-06-03-03
1.0,113.339907246979,23.175161436937845,2018-09-22-06-03-03
1.0,113.3426520617824,23.175156562345983,2018-09-22-06-03-03
1.0,113.34315113340082,23.17515568830905,2018-09-22-06-03-03
1.0,113.34414929078638,23.17515395235125,2018-09-22-06-03-03
1.0,113.34464837675763,23.175153090618736,2018-09-22-06-03-03
1.0,113.34539701509846,23.175151806091684,2018-09-22-06-03-03
1.0,113.34564656376506,23.175151380115157,2018-09-22-06-03-03
1.0,113.34589611372917,23.175150955257603,2018-09-22-06-03-03
1.0,113.34664477153231,23.175149687514804,2018-09-22-06-03-03
1.0,113.34739344146469,23.17514843025951,2018-09-22-06-03-03
1.0,113.33865962796114,23.17541359298419,2018-09-22-06-03-03
1.0,113.33940818621014,23.175412240192895,2018-09-22-06-03-03
1.0,113.33965770756231,23.175411790892163,2018-09-22-06-03-03
1.0,113.34290157992668,23.175406030320513,2018-09-22-06-03-03
1.0,113.34564654666897,23.175401285602682,2018-09-22-06-03-03
1.0,113.34789254455369,23.175397503556315,2018-09-22-06-03-03
1.0,113.33566545872918,23.175668977210062,2018-09-22-06-03-03
1.0,113.33791106108153,23.17566485838429,2018-09-22-06-03-03
1.0,113.33865961089089,23.175663498512606,2018-09-22-06-03-03
1.0,113.3389091293514,23.175663046779334,2018-09-22-06-03-03
1.0,113.34015673617279,23.17566080033563,2018-09-22-06-03-03
1.0,113.33516642784024,23.175919805436482,2018-09-22-06-03-03
1.0,113.33566544167036,23.17591888277873,2018-09-22-06-03-03
1.0,113.33791104401399,23.175914763952584,2018-09-22-06-03-03
1.0,113.33816055970055,23.175914309895425,2018-09-22-06-03-03
1.0,113.33865959382048,23.17591340408077,2018-09-22-06-03-03
1.0,113.34140435130537,23.175908480932435,2018-09-22-06-03-03
1.0,113.34539696381242,23.17590152267354,2018-09-22-06-03-03
1.0,113.3354159173142,23.176169249401756,2018-09-22-06-03-03
1.0,113.33940813499031,23.17616195689706,2018-09-22-06-03-03
1.0,113.34539694671673,23.17615142828036,2018-09-22-06-03-03
1.0,113.3461455966109,23.176150153718797,2018-09-22-06-03-03
1.0,113.34639514920418,23.176149731133837,2018-09-22-06-03-03
1.0,113.33841004215894,23.176413667856664,2018-09-22-06-03-03
1.0,113.33865955967916,23.176413215336563,2018-09-22-06-03-03
1.0,113.34464829129362,23.176402618454734,2018-09-22-06-03-03
1.0,113.34664468603238,23.176399215349086,2018-09-22-06-03-03
1.0,113.34789247613577,23.17639712590238,2018-09-22-06-03-03
1.0,113.33491687089258,23.176669984641624,2018-09-22-06-03-03
1.0,113.33890906106494,23.17666266929086,2018-09-22-06-03-03
1.0,113.33990714452747,23.176660870465405,2018-09-22-06-03-03
1.0,113.34090524403308,23.176659085190636,2018-09-22-06-03-03
1.0,113.34140430006191,23.176658197874573,2018-09-22-06-03-03
1.0,113.34639511500515,23.176649542466762,2018-09-22-06-03-03
1.0,113.34689422420632,23.17664870076945,2018-09-22-06-03-03
1.0,113.33591488150712,23.17691804507822,2018-09-22-06-03-03
1.0,113.33791097574218,23.17691438662432,2018-09-22-06-03-03
1.0,113.3389090439929,23.176912575018516,2018-09-22-06-03-03
1.0,113.33915856339914,23.176912124083813,2018-09-22-06-03-03
1.0,113.33940808376899,23.176911673959946,2018-09-22-06-03-03
1.0,113.34589599404681,23.1769002945055,2018-09-22-06-03-03
1.0,113.34689420710478,23.176898606495744,2018-09-22-06-03-03
1.0,113.34714376373856,23.176898187406508,2018-09-22-06-03-03
1.0,113.34739332174503,23.176897769505597,2018-09-22-06-03-03
1.0,113.33816047435558,23.177163838334796,2018-09-22-06-03-03
1.0,113.33840999094858,23.177163385039947,2018-09-22-06-03-03
1.0,113.33890902692069,23.177162480786198,2018-09-22-06-03-03
1.0,113.34040615806722,23.177159787580994,2018-09-22-06-03-03
1.0,113.3466446347304,23.17714893252816,2018-09-22-06-03-03
1.0,113.33691288773169,23.177416021812594,2018-09-22-06-03-03
1.0,113.33791094160527,23.177414198200083,2018-09-22-06-03-03
1.0,113.33816045728607,23.177413744142672,2018-09-22-06-03-03
1.0,113.33915852925266,23.17741193565916,2018-09-22-06-03-03
1.0,113.3394080496206,23.17741148553521,2018-09-22-06-03-03
1.0,113.33965757096519,23.17741103623414,2018-09-22-06-03-03
1.0,113.33990709329946,23.177410587767987,2018-09-22-06-03-03
1.0,113.34464822291939,23.177402241441612,2018-09-22-06-03-03
1.0,113.3453968612358,23.177400956913406,2018-09-22-06-03-03
1.0,113.34739328753791,23.177397581078132,2018-09-22-06-03-03
1.0,113.33766140975483,23.177664558855994,2018-09-22-06-03-03
1.0,113.33791092453656,23.177664104048127,2018-09-22-06-03-03
1.0,113.3384099568075,23.177663196695743,2018-09-22-06-03-03
1.0,113.3396575538898,23.17766094208189,2018-09-22-06-03-03
1.0,113.34040612391092,23.177659599236115,2018-09-22-06-03-03
1.0,113.33666334228202,23.177916291237434,2018-09-22-06-03-03
1.0,113.33791090746769,23.177914009936355,2018-09-22-06-03-03
1.0,113.33890897570308,23.17791219832988,2018-09-22-06-03-03
1.0,113.3414042146528,23.17790772691148,2018-09-22-06-03-03
1.0,113.34539682704226,23.177900768647127,2018-09-22-06-03-03
1.0,113.34714369532716,23.17789781071225,2018-09-22-06-03-03
1.0,113.3366633252178,23.178166197166107,2018-09-22-06-03-03
1.0,113.337162348701,23.17816528249141,2018-09-22-06-03-03
1.0,113.33741186172401,23.178164826219007,2018-09-22-06-03-03
1.0,113.33791089039865,23.178163915864815,2018-09-22-06-03-03
1.0,113.33965751973851,23.178160753897988,2018-09-22-06-03-03
1.0,113.34614545981788,23.178149400011723,2018-09-22-06-03-03
1.0,113.33666330815342,23.17841610313506,2018-09-22-06-03-03
1.0,113.33716233163469,23.17841518846028,2018-09-22-06-03-03
1.0,113.33791087332945,23.17841382183356,2018-09-22-06-03-03
1.0,113.33865942310716,23.178412461960484,2018-09-22-06-03-03
1.0,113.33890894155716,23.178412010226747,2018-09-22-06-03-03
1.0,113.33915846095769,23.178411559291792,2018-09-22-06-03-03
1.0,113.33940798132183,23.178411109167673,2018-09-22-06-03-03
1.0,113.34664454922377,23.17839846196211,2018-09-22-06-03-03
1.0,113.33591476207921,23.178667386298898,2018-09-22-06-03-03
1.0,113.33890892448396,23.17866191623567,2018-09-22-06-03-03
4.0,113.33915844388353,23.17866146530067,2018-09-22-06-03-03
1.0,113.34439859385779,23.178652201414994,2018-09-22-06-03-03
1.0,113.34664453212193,23.178648367969714,2018-09-22-06-03-03
1.0,113.34689408738927,23.178647947703357,2018-09-22-06-03-03
1.0,113.33616425387602,23.178916832627767,2018-09-22-06-03-03
1.0,113.3369127853401,23.178915457505646,2018-09-22-06-03-03
1.0,113.33716229750155,23.178915000519105,2018-09-22-06-03-03
1.0,113.33791083919053,23.17891363389213,2018-09-22-06-03-03
1.0,113.33816035486556,23.178913179834467,2018-09-22-06-03-03
1.0,113.33840987145186,23.178912726539323,2018-09-22-06-03-03
1.0,113.33666325695928,23.179165821284187,2018-09-22-06-03-03
1.0,113.3381603377949,23.17916308592435,2018-09-22-06-03-03
1.0,113.3386593718899,23.179162180108605,2018-09-22-06-03-03
1.0,113.33915840973471,23.17916127743966,2018-09-22-06-03-03
1.0,113.34040602143803,23.17915903516752,2018-09-22-06-03-03
1.0,113.33766129027595,23.179413900920654,2018-09-22-06-03-03
1.0,113.33840983730843,23.179412538759518,2018-09-22-06-03-03
1.0,113.33965743435736,23.17941028414419,2018-09-22-06-03-03
1.0,113.33840982023648,23.179662444930422,2018-09-22-06-03-03
1.0,113.33890885618946,23.17966154067583,2018-09-22-06-03-03
1.0,113.33965741728062,23.179660190314884,2018-09-22-06-03-03
1.0,113.33716222923329,23.179914625122553,2018-09-22-06-03-03
1.0,113.3379107709107,23.179913258495073,2018-09-22-06-03-03
1.0,113.33840980316434,23.179912351141933,2018-09-22-06-03-03
1.0,113.33865932067116,23.179911898621242,2018-09-22-06-03-03
1.0,113.33965740020373,23.179910096526186,2018-09-22-06-03-03
1.0,113.33591465970592,23.1801668232056,2018-09-22-06-03-03
1.0,113.3371622121658,23.18016453137494,2018-09-22-06-03-03
1.0,113.33766123906821,23.18016361955562,2018-09-22-06-03-03
1.0,113.33791075384032,23.180163164747334,2018-09-22-06-03-03
1.0,113.3386593035979,23.180161804873375,2018-09-22-06-03-03
1.0,113.33716219509814,23.18041443766804,2018-09-22-06-03-03
1.0,113.33865928652448,23.180411711166226,2018-09-22-06-03-03
1.0,113.33741169104367,23.180663887729086,2018-09-22-06-03-03
1.0,113.3389087878923,23.18066116576573,2018-09-22-06-03-03
1.0,113.33840973487415,23.180911976395144,2018-09-22-06-03-03
1.0,113.34514777538516,23.170653941124858,2018-09-22-06-03-03
1.0,113.34739374927753,23.17065013821578,2018-09-22-06-03-03
1.0,113.35038855718973,23.170645220264625,2018-09-22-06-03-03
1.0,113.3453973056909,23.170903418824047,2018-09-22-06-03-03
1.0,113.3471441741506,23.170900460897602,2018-09-22-06-03-03
1.0,113.34939024730211,23.170896743951765,2018-09-22-06-03-03
1.0,113.34539728859856,23.171153323645065,2018-09-22-06-03-03
1.0,113.34714415705203,23.17115036571832,2018-09-22-06-03-03
1.0,113.3483919611606,23.171148288331317,2018-09-22-06-03-03
1.0,113.3488910927597,23.17114746601524,2018-09-22-06-03-03
1.0,113.35488115496631,23.17113801950818,2018-09-22-06-03-03
1.0,113.34988935645836,23.17139574155139,2018-09-22-06-03-03
1.0,113.35013893039913,23.17139533747595,2018-09-22-06-03-03
1.0,113.35213557767368,23.171392153496594,2018-09-22-06-03-03
1.0,113.35238516573219,23.171391761743898,2018-09-22-06-03-03
3.0,113.34963976691814,23.171646051838106,2018-09-22-06-03-03
1.0,113.35138680603687,23.171643242089306,2018-09-22-06-03-03
1.0,113.3553803357164,23.171637079838252,2018-09-22-06-03-03
1.0,113.34789278399529,23.17189883032408,2018-09-22-06-03-03
1.0,113.34939017887544,23.171896363465937,2018-09-22-06-03-03
2.0,113.34963974981036,23.17189595677488,2018-09-22-06-03-03
1.0,113.35038847163975,23.171894744559523,2018-09-22-06-03-03
1.0,113.34739364667928,23.172149567489388,2018-09-22-06-03-03
1.0,113.34814232910911,23.172148321033788,2018-09-22-06-03-03
1.0,113.35238511438112,23.172141476552824,2018-09-22-06-03-03
1.0,113.34639540567558,23.172401151188918,2018-09-22-06-03-03
1.0,113.34714405445706,23.172649795458796,2018-09-22-06-03-03
1.0,113.34489807544023,23.172903513743613,2018-09-22-06-03-03
1.0,113.34564671762224,23.172902232504793,2018-09-22-06-03-03
1.0,113.34589626759441,23.172901807647627,2018-09-22-06-03-03
1.0,113.34664492542164,23.17290053990599,2018-09-22-06-03-03
1.0,113.34889097302216,23.17289680084688,2018-09-22-06-03-03
1.0,113.34489805834836,23.17315341887644,2018-09-22-06-03-03
1.0,113.34514760446498,23.173152990697208,2018-09-22-06-03-03
1.0,113.34539715185387,23.173152563613673,2018-09-22-06-03-03
1.0,113.3498892366956,23.17314507665476,2018-09-22-06-03-03
1.0,113.34564668343293,23.173402042809396,2018-09-22-06-03-03
1.0,113.34639533728689,23.173400771640992,2018-09-22-06-03-03
1.0,113.34988921958596,23.17339498182593,2018-09-22-06-03-03
1.0,113.35088752449246,23.173393373515278,2018-09-22-06-03-03
1.0,113.34489802416412,23.173653229259774,2018-09-22-06-03-03
1.0,113.34539711766602,23.17365237399684,2018-09-22-06-03-03
1.0,113.34689442941179,23.173649835155757,2018-09-22-06-03-03
1.0,113.34839179012181,23.173647338677917,2018-09-22-06-03-03
1.0,113.34464846221746,23.173903563773777,2018-09-22-06-03-03
1.0,113.34614575049022,23.173901004686968,2018-09-22-06-03-03
1.0,113.34714396895664,23.173899321317307,2018-09-22-06-03-03
1.0,113.3473935269737,23.173898903416916,2018-09-22-06-03-03
1.0,113.34839177301701,23.17389724392793,2018-09-22-06-03-03
1.0,113.34464844512584,23.17415346906381,2018-09-22-06-03-03
1.0,113.34514753609223,23.17415261162098,2018-09-22-06-03-03
1.0,113.34539708347751,23.174152184537274,2018-09-22-06-03-03
1.0,113.34614573339319,23.174150909976742,2018-09-22-06-03-03
1.0,113.34689439521256,23.17414964569567,2018-09-22-06-03-03
1.0,113.34564661505229,23.1744016638902,2018-09-22-06-03-03
1.0,113.34664482283026,23.174399971290367,2018-09-22-06-03-03
1.0,113.34714393475531,23.174399131935942,2018-09-22-06-03-03
1.0,113.34639525179726,23.174650298089915,2018-09-22-06-03-03
1.0,113.34664480573112,23.174649876658957,2018-09-22-06-03-03
1.0,113.34689436101266,23.174649456393293,2018-09-22-06-03-03
1.0,113.34464839384994,23.174903185170677,2018-09-22-06-03-03
1.0,113.3448979387006,23.174902755907116,2018-09-22-06-03-03
1.0,113.34539703219347,23.174901900643754,2018-09-22-06-03-03
1.0,113.34564658086097,23.174901474667266,2018-09-22-06-03-03
1.0,113.34464837675763,23.175153090618736,2018-09-22-06-03-03
1.0,113.34539701509846,23.175151806091684,2018-09-22-06-03-03
1.0,113.34564656376506,23.175151380115157,2018-09-22-06-03-03
1.0,113.34589611372917,23.175150955257603,2018-09-22-06-03-03
1.0,113.34664477153231,23.175149687514804,2018-09-22-06-03-03
1.0,113.34739344146469,23.17514843025951,2018-09-22-06-03-03
1.0,113.34564654666897,23.175401285602682,2018-09-22-06-03-03
1.0,113.34789254455369,23.175397503556315,2018-09-22-06-03-03
1.0,113.34539696381242,23.17590152267354,2018-09-22-06-03-03
1.0,113.34539694671673,23.17615142828036,2018-09-22-06-03-03
1.0,113.3461455966109,23.176150153718797,2018-09-22-06-03-03
1.0,113.34639514920418,23.176149731133837,2018-09-22-06-03-03
1.0,113.34464829129362,23.176402618454734,2018-09-22-06-03-03
1.0,113.34664468603238,23.176399215349086,2018-09-22-06-03-03
1.0,113.34789247613577,23.17639712590238,2018-09-22-06-03-03
1.0,113.34963944184173,23.17639425234771,2018-09-22-06-03-03
1.0,113.34639511500515,23.176649542466762,2018-09-22-06-03-03
1.0,113.34689422420632,23.17664870076945,2018-09-22-06-03-03
1.0,113.34589599404681,23.1769002945055,2018-09-22-06-03-03
1.0,113.34689420710478,23.176898606495744,2018-09-22-06-03-03
1.0,113.34714376373856,23.176898187406508,2018-09-22-06-03-03
1.0,113.34739332174503,23.176897769505597,2018-09-22-06-03-03
1.0,113.3466446347304,23.17714893252816,2018-09-22-06-03-03
1.0,113.34814198701879,23.177146428813636,2018-09-22-06-03-03
1.0,113.35038811228404,23.177142757307124,2018-09-22-06-03-03
1.0,113.34464822291939,23.177402241441612,2018-09-22-06-03-03
1.0,113.3453968612358,23.177400956913406,2018-09-22-06-03-03
1.0,113.34739328753791,23.177397581078132,2018-09-22-06-03-03
1.0,113.34864108147838,23.17764541564536,2018-09-22-06-03-03
1.0,113.34539682704226,23.177900768647127,2018-09-22-06-03-03
1.0,113.34714369532716,23.17789781071225,2018-09-22-06-03-03
1.0,113.34614545981788,23.178149400011723,2018-09-22-06-03-03
1.0,113.34664454922377,23.17839846196211,2018-09-22-06-03-03
1.0,113.34664453212193,23.178648367969714,2018-09-22-06-03-03
1.0,113.34689408738927,23.178647947703357,2018-09-22-06-03-03
