count,wgs_lng,wgs_lat,time
1.0,113.33242408329887,23.143937313081434,2018-09-25-05-00-22
1.0,113.33292308213228,23.14393637808479,2018-09-25-05-00-22
1.0,113.33641615083957,23.143929895291038,2018-09-25-05-00-22
1.0,113.32593726331929,23.14419950834945,2018-09-25-05-00-22
1.0,113.32718470458337,23.144197128931694,2018-09-25-05-00-22
1.0,113.33142607578277,23.144189089714533,2018-09-25-05-00-22
1.0,113.33292306510546,23.144186279044682,2018-09-25-05-00-22
1.0,113.3274341767543,23.14444655465895,2018-09-25-05-00-22
1.0,113.32768366626819,23.14444607962716,2018-09-25-05-00-22
1.0,113.3309270498711,23.14468983221269,2018-09-25-05-00-22
1.0,113.33616658991993,23.14468005731725,2018-09-25-05-00-22
1.0,113.33716463407626,23.14467822523155,2018-09-25-05-00-22
1.0,113.32693516472354,23.144947307499834,2018-09-25-05-00-22
1.0,113.32618668300049,23.145198636268063,2018-09-25-05-00-22
1.0,113.32918056018305,23.145192938232437,2018-09-25-05-00-22
1.0,113.33591704684976,23.145180319181218,2018-09-25-05-00-22
1.0,113.3254381867334,23.145699867783097,2018-09-25-05-00-22
1.0,113.33092698179256,23.145689436645554,2018-09-25-05-00-22
1.0,113.33616652175867,23.145679661746613,2018-09-25-05-00-22
1.0,113.3256876569067,23.14594929241234,2018-09-25-05-00-22
1.0,113.3259371443231,23.145948815997837,2018-09-25-05-00-22
1.0,113.33067746963908,23.145939808693903,2018-09-25-05-00-22
1.0,113.33142595663196,23.145938397356545,2018-09-25-05-00-22
1.0,113.33417045427086,23.145933258263778,2018-09-25-05-00-22
1.0,113.3344199579884,23.145932794233005,2018-09-25-05-00-22
1.0,113.32818252730556,23.146194438193646,2018-09-25-05-00-22
1.0,113.32918047511778,23.14644244418853,2018-09-25-05-00-22
1.0,113.32992895323102,23.146441026070033,2018-09-25-05-00-22
1.0,113.33367141485921,23.146433990496007,2018-09-25-05-00-22
1.0,113.33392091718864,23.14643352534239,2018-09-25-05-00-22
1.0,113.33516843939798,23.146431208148226,2018-09-25-05-00-22
1.0,113.32893096628419,23.14669281884434,2018-09-25-05-00-22
1.0,113.33292289482803,23.146685290455842,2018-09-25-05-00-22
1.0,113.33367139782776,23.146683891786118,2018-09-25-05-00-22
1.0,113.3339209001562,23.146683426632457,2018-09-25-05-00-22
1.0,113.32893094927148,23.146942720168585,2018-09-25-05-00-22
1.0,113.33092689669063,23.146938942932238,2018-09-25-05-00-22
1.0,113.33292287779936,23.146935191779423,2018-09-25-05-00-22
1.0,113.33591692757027,23.14692962774451,2018-09-25-05-00-22
1.0,113.3264360349327,23.14719737011925,2018-09-25-05-00-22
1.0,113.32693501168607,23.147196418523922,2018-09-25-05-00-22
1.0,113.32718448351831,23.147445844426258,2018-09-25-05-00-22
1.0,113.33267334402875,23.147435461778837,2018-09-25-05-00-22
1.0,113.33292284374154,23.147434994526844,2018-09-25-05-00-22
1.0,113.33591689348891,23.147429430490924,2018-09-25-05-00-22
1.0,113.33117632425795,23.14793807811223,2018-09-25-05-00-22
1.0,113.3346693261339,23.14793154150304,2018-09-25-05-00-22
1.0,113.32518852981627,23.148199357899188,2018-09-25-05-00-22
1.0,113.3306773164601,23.14818892091179,2018-09-25-05-00-22
1.0,113.33342179398615,23.14818376592588,2018-09-25-05-00-22
1.0,113.3294298312505,23.1484411824081,2018-09-25-05-00-22
1.0,113.33142578640235,23.148437411098392,2018-09-25-05-00-22
1.0,113.33167528314517,23.148436941500233,2018-09-25-05-00-22
1.0,113.32493899211114,23.14894953940086,2018-09-25-05-00-22
1.0,113.32793283296925,23.149193730022198,2018-09-25-05-00-22
1.0,113.32992876603973,23.14918994211137,2018-09-25-05-00-22
1.0,113.33017825966112,23.149189470104677,2018-09-25-05-00-22
1.0,113.33042775376883,23.149188998468528,2018-09-25-05-00-22
1.0,113.33117623914355,23.149187585906827,2018-09-25-05-00-22
1.0,113.33541775861457,23.149179662541187,2018-09-25-05-00-22
1.0,113.33217421023527,23.149435610087725,2018-09-25-05-00-22
1.0,113.33367121047078,23.149432808190486,2018-09-25-05-00-22
1.0,113.33566724897597,23.149429103190812,2018-09-25-05-00-22
2.0,113.32743381961055,23.149694483196434,2018-09-25-05-00-22
1.0,113.32493892411787,23.14994914611472,2018-09-25-05-00-22
1.0,113.33142568425659,23.149936820959386,2018-09-25-05-00-22
1.0,113.33766330325427,23.1499252426284,2018-09-25-05-00-22
1.0,113.32868123670441,23.150191914118086,2018-09-25-05-00-22
1.0,113.32493889012025,23.150448949675884,2018-09-25-05-00-22
1.0,113.32618632595226,23.15044656692125,2018-09-25-05-00-22
1.0,113.32992862988796,23.151189156350537,2018-09-25-05-00-22
1.0,113.33142559913054,23.151186330113475,2018-09-25-05-00-22
1.0,113.33441960023796,23.151180726979444,2018-09-25-05-00-22
1.0,113.32793267987005,23.151442846198265,2018-09-25-05-00-22
1.0,113.32743368353648,23.15169369798594,2018-09-25-05-00-22
1.0,113.32868113461767,23.151691325414223,2018-09-25-05-00-22
1.0,113.33392055947245,23.151681459511167,2018-09-25-05-00-22
1.0,113.32893060898222,23.151940753742636,2018-09-25-05-00-22
1.0,113.33392054243652,23.151931361513302,2018-09-25-05-00-22
1.0,113.32518825781902,23.152197786397295,2018-09-25-05-00-22
1.0,113.33541752003731,23.15267828888836,2018-09-25-05-00-22
1.0,113.3276830879644,23.15294273331464,2018-09-25-05-00-22
1.0,113.33167497667199,23.15293517477489,2018-09-25-05-00-22
1.0,113.32868103252493,23.153190737951274,2018-09-25-05-00-22
1.0,113.32992849372552,23.153188372788588,2018-09-25-05-00-22
1.0,113.33042746439956,23.153437331355132,2018-09-25-05-00-22
1.0,113.33067695898997,23.153436860101177,2018-09-25-05-00-22
1.0,113.33092645409346,23.153436389242458,2018-09-25-05-00-22
1.0,113.33342143628681,23.153431705105664,2018-09-25-05-00-22
1.0,113.33766304749624,23.153673772658845,2018-09-25-05-00-22
1.0,113.33042743035296,23.153937135881197,2018-09-25-05-00-22
1.0,113.33641615083957,23.143929895291038,2018-09-25-05-00-22
1.0,113.3389112960566,23.143925344062673,2018-09-25-05-00-22
1.0,113.34115700761997,23.143921315900812,2018-09-25-05-00-22
1.0,113.34165606604188,23.143920430421417,2018-09-25-05-00-22
1.0,113.34190559688615,23.143919989071765,2018-09-25-05-00-22
1.0,113.34115699056133,23.14417121685932,2018-09-25-05-00-22
1.0,113.33616658991993,23.14468005731725,2018-09-25-05-00-22
1.0,113.33716463407626,23.14467822523155,2018-09-25-05-00-22
1.0,113.3384121916364,23.14492585233803,2018-09-25-05-00-22
1.0,113.34340273736045,23.144916965212538,2018-09-25-05-00-22
1.0,113.33591704684976,23.145180319181218,2018-09-25-05-00-22
1.0,113.33916073033146,23.145174398256138,2018-09-25-05-00-22
1.0,113.33616652175867,23.145679661746613,2018-09-25-05-00-22
1.0,113.33990926063586,23.145672852660724,2018-09-25-05-00-22
1.0,113.3344199579884,23.145932794233005,2018-09-25-05-00-22
1.0,113.33516843939798,23.146431208148226,2018-09-25-05-00-22
1.0,113.33891110849581,23.146674256422678,2018-09-25-05-00-22
1.0,113.33591692757027,23.14692962774451,2018-09-25-05-00-22
1.0,113.33841205524048,23.146925061988817,2018-09-25-05-00-22
1.0,113.33866157287353,23.146924609473682,2018-09-25-05-00-22
1.0,113.33591689348891,23.147429430490924,2018-09-25-05-00-22
1.0,113.3346693261339,23.14793154150304,2018-09-25-05-00-22
1.0,113.33891095502194,23.14892336953303,2018-09-25-05-00-22
1.0,113.33990903890637,23.1489215707263,2018-09-25-05-00-22
1.0,113.33541775861457,23.149179662541187,2018-09-25-05-00-22
1.0,113.33566724897597,23.149429103190812,2018-09-25-05-00-22
1.0,113.33990898773402,23.14967127570322,2018-09-25-05-00-22
20.0,113.34589785674096,23.149660794127225,2018-09-25-05-00-22
1.0,113.33766330325427,23.1499252426284,2018-09-25-05-00-22
1.0,113.34165562241415,23.150417866140724,2018-09-25-05-00-22
1.0,113.34639687538404,23.150909456794736,2018-09-25-05-00-22
1.0,113.33441960023796,23.151180726979444,2018-09-25-05-00-22
1.0,113.33541752003731,23.15267828888836,2018-09-25-05-00-22
1.0,113.33766304749624,23.153673772658845,2018-09-25-05-00-22
1.0,113.35463343270297,23.143649086663032,2018-09-25-05-00-22
1.0,113.35687994119299,23.143645749632352,2018-09-25-05-00-22
1.0,113.35563184597062,23.143897488777558,2018-09-25-05-00-22
1.0,113.35588145798603,23.143897117961014,2018-09-25-05-00-22
1.0,113.35613107179327,23.14389674871998,2018-09-25-05-00-22
1.0,113.35563182886179,23.144147389733547,2018-09-25-05-00-22
1.0,113.35288619455707,23.144401470637625,2018-09-25-05-00-22
1.0,113.3546333813859,23.144398789531607,2018-09-25-05-00-22
1.0,113.35413415954919,23.144649449134302,2018-09-25-05-00-22
1.0,113.35588138954652,23.14489672198171,2018-09-25-05-00-22
1.0,113.35613100335067,23.144896352740496,2018-09-25-05-00-22
1.0,113.35088945720352,23.145154324484825,2018-09-25-05-00-22
1.0,113.34814414106874,23.14565859969165,2018-09-25-05-00-22
1.0,113.35613093490537,23.1458959572882,2018-09-25-05-00-22
1.0,113.34989108354956,23.146155537460213,2018-09-25-05-00-22
1.0,113.35663015081553,23.146145124793794,2018-09-25-05-00-22
1.0,113.35188763351,23.147401849208997,2018-09-25-05-00-22
1.0,113.34914226793143,23.147656165534247,2018-09-25-05-00-22
1.0,113.35662994544299,23.149143942037608,2018-09-25-05-00-22
1.0,113.35588108153553,23.149394946650965,2018-09-25-05-00-22
20.0,113.34589785674096,23.149660794127225,2018-09-25-05-00-22
1.0,113.35138829428678,23.149901655454926,2018-09-25-05-00-22
1.0,113.34889249478775,23.150655394480975,2018-09-25-05-00-22
1.0,113.34639687538404,23.150909456794736,2018-09-25-05-00-22
1.0,113.3526360900812,23.15189890472726,2018-09-25-05-00-22
1.0,113.34764457363855,23.152156871255475,2018-09-25-05-00-22
1.0,113.34814364553098,23.152905747817528,2018-09-25-05-00-22
1.0,113.35213680958685,23.153399099522378,2018-09-25-05-00-22
1.0,113.34939142723988,23.153653401864684,2018-09-25-05-00-22
1.0,113.3276830879644,23.15294273331464,2018-09-25-05-00-22
1.0,113.33167497667199,23.15293517477489,2018-09-25-05-00-22
1.0,113.32868103252493,23.153190737951274,2018-09-25-05-00-22
1.0,113.32992849372552,23.153188372788588,2018-09-25-05-00-22
1.0,113.33042746439956,23.153437331355132,2018-09-25-05-00-22
1.0,113.33067695898997,23.153436860101177,2018-09-25-05-00-22
1.0,113.33092645409346,23.153436389242458,2018-09-25-05-00-22
1.0,113.33342143628681,23.153431705105664,2018-09-25-05-00-22
1.0,113.33766304749624,23.153673772658845,2018-09-25-05-00-22
1.0,113.33042743035296,23.153937135881197,2018-09-25-05-00-22
1.0,113.32818198292324,23.154191295231495,2018-09-25-05-00-22
1.0,113.32917994762025,23.154189399963514,2018-09-25-05-00-22
1.0,113.3304274133294,23.15418703819666,2018-09-25-05-00-22
1.0,113.3334213851809,23.154181411945697,2018-09-25-05-00-22
1.0,113.32818196590856,23.15444119758236,2018-09-25-05-00-22
1.0,113.33192437178775,23.154434119197695,2018-09-25-05-00-22
1.0,113.33516787707777,23.154677968626753,2018-09-25-05-00-22
1.0,113.33242333404787,23.15493298707713,2018-09-25-05-00-22
1.0,113.33267283311108,23.15493251933007,2018-09-25-05-00-22
1.0,113.33167482341516,23.155184295613875,2018-09-25-05-00-22
1.0,113.32793240766037,23.155441281864565,2018-09-25-05-00-22
1.0,113.33516782594873,23.155427675992186,2018-09-25-05-00-22
1.0,113.33067678874028,23.155935884134486,2018-09-25-05-00-22
1.0,113.32493849909967,23.15619670057149,2018-09-25-05-00-22
1.0,113.32718388820336,23.156192414640216,2018-09-25-05-00-22
1.0,113.33042727713496,23.156186257986118,2018-09-25-05-00-22
1.0,113.33067677171438,23.156185786731704,2018-09-25-05-00-22
1.0,113.33292224762172,23.15618156470741,2018-09-25-05-00-22
1.0,113.32543745567217,23.15644564968189,2018-09-25-05-00-22
1.0,113.33466874680335,23.156428211424537,2018-09-25-05-00-22
1.0,113.33616577180861,23.15667534623591,2018-09-25-05-00-22
1.0,113.3249384480905,23.156946408579074,2018-09-25-05-00-22
1.0,113.33641526451052,23.156924789886872,2018-09-25-05-00-22
1.0,113.32818177873592,23.157190125769777,2018-09-25-05-00-22
1.0,113.3291797093431,23.15768803608636,2018-09-25-05-00-22
1.0,113.32942920155176,23.15768756304072,2018-09-25-05-00-22
1.0,113.33042717498213,23.157685674316607,2018-09-25-05-00-22
1.0,113.3309261646421,23.157684732202522,2018-09-25-05-00-22
1.0,113.3311756602551,23.15768426175067,2018-09-25-05-00-22
1.0,113.32643530365456,23.157943160910957,2018-09-25-05-00-22
1.0,113.32518784974329,23.158195445815064,2018-09-25-05-00-22
1.0,113.32618579874698,23.158193539877598,2018-09-25-05-00-22
1.0,113.32593629411328,23.158443919053006,2018-09-25-05-00-22
1.0,113.33092611355744,23.158434440850186,2018-09-25-05-00-22
1.0,113.32493832906329,23.158695728513514,2018-09-25-05-00-22
1.0,113.33217356307217,23.158931898857194,2018-09-25-05-00-22
1.0,113.32518776471545,23.15944496077242,2018-09-25-05-00-22
1.0,113.32543725160019,23.15944448407196,2018-09-25-05-00-22
1.0,113.32518774770939,23.15969486387226,2018-09-25-05-00-22
1.0,113.32543723459311,23.15969438717176,2018-09-25-05-00-22
1.0,113.32518773070316,23.15994476700835,2018-09-25-05-00-22
1.0,113.33017752767694,23.159935272871117,2018-09-25-05-00-22
1.0,113.3296785239686,23.160186120417926,2018-09-25-05-00-22
1.0,113.33092599435409,23.160183762289805,2018-09-25-05-00-22
1.0,113.33217346086653,23.16043131755848,2018-09-25-05-00-22
1.0,113.33416946607616,23.160427585893594,2018-09-25-05-00-22
1.0,113.32518767968347,23.1606944766347,2018-09-25-05-00-22
1.0,113.32493817601632,23.160944856740386,2018-09-25-05-00-22
1.0,113.32743305405535,23.16094009553294,2018-09-25-05-00-22
1.0,113.3326724242689,23.160930188105358,2018-09-25-05-00-22
1.0,113.3259361070113,23.161192853551714,2018-09-25-05-00-22
1.0,113.32693405915012,23.161190949611278,2018-09-25-05-00-22
1.0,113.32718354793184,23.161190474119902,2018-09-25-05-00-22
1.0,113.32868048792906,23.161187626271172,2018-09-25-05-00-22
1.0,113.33267240723174,23.161180091422302,2018-09-25-05-00-22
1.0,113.32967843884335,23.161435636822763,2018-09-25-05-00-22
1.0,113.32493812499767,23.161694566804876,2018-09-25-05-00-22
1.0,113.32793198224742,23.16168885577386,2018-09-25-05-00-22
1.0,113.32693400810668,23.161940659784694,2018-09-25-05-00-22
1.0,113.32843094593106,23.161937810416386,2018-09-25-05-00-22
1.0,113.3249380909844,23.162194373697915,2018-09-25-05-00-22
1.0,113.33466835479389,23.16217598188011,2018-09-25-05-00-22
1.0,113.32618547554212,23.162941701548686,2018-09-25-05-00-22
1.0,113.32818138730987,23.162937898751586,2018-09-25-05-00-22
1.0,113.33766304749624,23.153673772658845,2018-09-25-05-00-22
1.0,113.33516787707777,23.154677968626753,2018-09-25-05-00-22
1.0,113.34614703229032,23.155158216332048,2018-09-25-05-00-22
1.0,113.34639658495848,23.155157793750703,2018-09-25-05-00-22
1.0,113.3473948091062,23.155156115078164,2018-09-25-05-00-22
1.0,113.33516782594873,23.155427675992186,2018-09-25-05-00-22
1.0,113.34714521684683,23.15565633798731,2018-09-25-05-00-22
1.0,113.34739477492823,23.15565592009007,2018-09-25-05-00-22
1.0,113.347394757839,23.155905822649043,2018-09-25-05-00-22
1.0,113.33466874680335,23.156428211424537,2018-09-25-05-00-22
1.0,113.33616577180861,23.15667534623591,2018-09-25-05-00-22
1.0,113.34464964113566,23.156660190862922,2018-09-25-05-00-22
1.0,113.34539827967706,23.156658906345385,2018-09-25-05-00-22
1.0,113.33641526451052,23.156924789886872,2018-09-25-05-00-22
1.0,113.3424036207384,23.159163129682366,2018-09-25-05-00-22
1.0,113.34365114932874,23.161410075990435,2018-09-25-05-00-22
1.0,113.33466835479389,23.16217598188011,2018-09-25-05-00-22
1.0,113.343900620994,23.162409256283624,2018-09-25-05-00-22
1.0,113.34814364553098,23.152905747817528,2018-09-25-05-00-22
1.0,113.35213680958685,23.153399099522378,2018-09-25-05-00-22
1.0,113.34939142723988,23.153653401864684,2018-09-25-05-00-22
1.0,113.34814350880612,23.15490496617847,2018-09-25-05-00-22
1.0,113.34614703229032,23.155158216332048,2018-09-25-05-00-22
1.0,113.34639658495848,23.155157793750703,2018-09-25-05-00-22
1.0,113.3473948091062,23.155156115078164,2018-09-25-05-00-22
1.0,113.34714521684683,23.15565633798731,2018-09-25-05-00-22
1.0,113.34739477492823,23.15565592009007,2018-09-25-05-00-22
1.0,113.347394757839,23.155905822649043,2018-09-25-05-00-22
1.0,113.34464964113566,23.156660190862922,2018-09-25-05-00-22
1.0,113.34539827967706,23.156658906345385,2018-09-25-05-00-22
1.0,113.35088861938817,23.157399519347003,2018-09-25-05-00-22
1.0,113.35138767861318,23.15889814068403,2018-09-25-05-00-22
1.0,113.34889177681659,23.161151302862194,2018-09-25-05-00-22
1.0,113.32693400810668,23.161940659784694,2018-09-25-05-00-22
1.0,113.32843094593106,23.161937810416386,2018-09-25-05-00-22
1.0,113.3249380909844,23.162194373697915,2018-09-25-05-00-22
1.0,113.33466835479389,23.16217598188011,2018-09-25-05-00-22
1.0,113.32618547554212,23.162941701548686,2018-09-25-05-00-22
1.0,113.32818138730987,23.162937898751586,2018-09-25-05-00-22
1.0,113.32643494640689,23.16319112907674,2018-09-25-05-00-22
1.0,113.32668443456951,23.163190653177683,2018-09-25-05-00-22
1.0,113.3269339060153,23.16344008112526,2018-09-25-05-00-22
1.0,113.32668440054007,23.163690460513127,2018-09-25-05-00-22
1.0,113.32693388899949,23.16368998481148,2018-09-25-05-00-22
1.0,113.3271833777711,23.163689509319692,2018-09-25-05-00-22
1.0,113.33716333826139,23.163670803472964,2018-09-25-05-00-22
1.0,113.32568643254564,23.16394226889457,2018-09-25-05-00-22
1.0,113.32643489536552,23.16394084013571,2018-09-25-05-00-22
1.0,113.33741283428277,23.16392025092461,2018-09-25-05-00-22
1.0,113.33766234823254,23.16391979538076,2018-09-25-05-00-22
1.0,113.32693385496736,23.164189792295385,2018-09-25-05-00-22
1.0,113.3279318120531,23.16418789171071,2018-09-25-05-00-22
1.0,113.33641477001557,23.164171983999086,2018-09-25-05-00-22
1.0,113.32743281581386,23.16443874533158,2018-09-25-05-00-22
1.0,113.33342068658301,23.164427437657984,2018-09-25-05-00-22
1.0,113.33391969042688,23.164426506801764,2018-09-25-05-00-22
1.0,113.32718330970216,23.164689124436322,2018-09-25-05-00-22
1.0,113.32768228822759,23.164688174131452,2018-09-25-05-00-22
1.0,113.32793176099156,23.164937603215552,2018-09-25-05-00-22
1.0,113.33416902291016,23.166925082226875,2018-09-25-05-00-22
1.0,113.33466803089341,23.166924154738098,2018-09-25-05-00-22
1.0,113.32718313951811,23.167188164850444,2018-09-25-05-00-22
1.0,113.32693363374233,23.167438544591832,2018-09-25-05-00-22
1.0,113.3274326115809,23.167437593829238,2018-09-25-05-00-22
1.0,113.33566598746972,23.16792192402893,2018-09-25-05-00-22
1.0,113.33042645974439,23.16818162539438,2018-09-25-05-00-22
1.0,113.33641446301702,23.168670258082656,2018-09-25-05-00-22
1.0,113.32568609229227,23.168940351248843,2018-09-25-05-00-22
1.0,113.32793147161449,23.169185974812873,2018-09-25-05-00-22
1.0,113.33192329858063,23.170178040306023,2018-09-25-05-00-22
1.0,113.33067580096338,23.170430295121943,2018-09-25-05-00-22
1.0,113.32818084257053,23.17093483296951,2018-09-25-05-00-22
1.0,113.32843026496661,23.17193397823966,2018-09-25-05-00-22
1.0,113.33342017523616,23.17192456915035,2018-09-25-05-00-22
1.0,113.343900620994,23.162409256283624,2018-09-25-05-00-22
1.0,113.34165476896628,23.162913000638717,2018-09-25-05-00-22
1.0,113.33841092956634,23.16341862582169,2018-09-25-05-00-22
1.0,113.34315193630022,23.16341017415317,2018-09-25-05-00-22
1.0,113.33716333826139,23.163670803472964,2018-09-25-05-00-22
1.0,113.34240331338977,23.163661390359366,2018-09-25-05-00-22
1.0,113.33741283428277,23.16392025092461,2018-09-25-05-00-22
1.0,113.33766234823254,23.16391979538076,2018-09-25-05-00-22
1.0,113.33641477001557,23.164171983999086,2018-09-25-05-00-22
1.0,113.33841087838204,23.164168336986073,2018-09-25-05-00-22
1.0,113.3389098973899,23.164417336532495,2018-09-25-05-00-22
1.0,113.34040702882675,23.164414643340205,2018-09-25-05-00-22
1.0,113.34390039892537,23.165658005138727,2018-09-25-05-00-22
1.0,113.34140503440764,23.165912288694365,2018-09-25-05-00-22
1.0,113.33566598746972,23.16792192402893,2018-09-25-05-00-22
1.0,113.33641446301702,23.168670258082656,2018-09-25-05-00-22
1.0,113.34240297182772,23.16865947190344,2018-09-25-05-00-22
1.0,113.34115530092781,23.16891158308842,2018-09-25-05-00-22
1.0,113.3421534217713,23.168909815835317,2018-09-25-05-00-22
1.0,113.34240295474785,23.168909376378434,2018-09-25-05-00-22
1.0,113.34015718009312,23.169163269363956,2018-09-25-05-00-22
1.0,113.34015716302135,23.16941317391596,2018-09-25-05-00-22
1.0,113.34040665325834,23.1699125363762,2018-09-25-05-00-22
1.0,113.3406561615939,23.170161995155386,2018-09-25-05-00-22
1.0,113.34764332579111,23.170399816772516,2018-09-25-05-00-22
1.0,113.34514775829389,23.170903845907194,2018-09-25-05-00-22
1.0,113.3471441741506,23.170900460897602,2018-09-25-05-00-22
1.0,113.34115511308958,23.17166053485455,2018-09-25-05-00-22
1.0,113.34389998887819,23.171655712104926,2018-09-25-05-00-22
1.0,113.3453972544134,23.171653133403478,2018-09-25-05-00-22
1.0,113.34764324028943,23.171649340875927,2018-09-25-05-00-22
1.0,113.34365043184084,23.171906050524772,2018-09-25-05-00-22
1.0,113.34389997179079,23.17190561704269,2018-09-25-05-00-22
1.0,113.35163681708924,23.16539523521442,2018-09-25-05-00-22
1.0,113.35138714827565,23.166645151453345,2018-09-25-05-00-22
1.0,113.35388305398007,23.166641255795618,2018-09-25-05-00-22
1.0,113.35587986607301,23.16713805438481,2018-09-25-05-00-22
1.0,113.35338379115271,23.16764164025859,2018-09-25-05-00-22
1.0,113.35438216953378,23.16789001541668,2018-09-25-05-00-22
1.0,113.34988951042698,23.169146599211622,2018-09-25-05-00-22
1.0,113.35488124058766,23.169888495798066,2018-09-25-05-00-22
1.0,113.35063816840636,23.17014500940293,2018-09-25-05-00-22
1.0,113.34764332579111,23.170399816772516,2018-09-25-05-00-22
1.0,113.35038857429923,23.17039531552186,2018-09-25-05-00-22
1.0,113.35612925715668,23.170386443288397,2018-09-25-05-00-22
1.0,113.35637887268516,23.170386075628688,2018-09-25-05-00-22
1.0,113.34889112696891,23.170647656413138,2018-09-25-05-00-22
1.0,113.34988940778274,23.17064602709062,2018-09-25-05-00-22
1.0,113.35138687448999,23.170643622731745,2018-09-25-05-00-22
1.0,113.34514775829389,23.170903845907194,2018-09-25-05-00-22
1.0,113.3471441741506,23.170900460897602,2018-09-25-05-00-22
1.0,113.34789283529993,23.17114911562945,2018-09-25-05-00-22
1.0,113.3493902301957,23.17114664877209,2018-09-25-05-00-22
1.0,113.35138684026377,23.171143432332975,2018-09-25-05-00-22
1.0,113.35013893039913,23.17139533747595,2018-09-25-05-00-22
1.0,113.35188599123184,23.171392546662815,2018-09-25-05-00-22
1.0,113.3453972544134,23.171653133403478,2018-09-25-05-00-22
1.0,113.34764324028943,23.171649340875927,2018-09-25-05-00-22
1.0,113.347892801097,23.171648925387,2018-09-25-05-00-22
1.0,113.32843026496661,23.17193397823966,2018-09-25-05-00-22
1.0,113.33342017523616,23.17192456915035,2018-09-25-05-00-22
1.0,113.33691324605488,23.17216800818636,2018-09-25-05-00-22
1.0,113.32768176054029,23.17243521181532,2018-09-25-05-00-22
1.0,113.33242214139237,23.172426247134077,2018-09-25-05-00-22
1.0,113.32618481193336,23.172687970363096,2018-09-25-05-00-22
1.0,113.32768174351546,23.172685116872785,2018-09-25-05-00-22
1.0,113.33491714377475,23.172671498386933,2018-09-25-05-00-22
1.0,113.33691321193203,23.172667818259164,2018-09-25-05-00-22
1.0,113.32618479491443,23.172937875459912,2018-09-25-05-00-22
1.0,113.33092512562595,23.17292887346763,2018-09-25-05-00-22
1.0,113.32793119921564,23.17318445231548,2018-09-25-05-00-22
1.0,113.32718271398515,23.173435782587763,2018-09-25-05-00-22
1.0,113.32892914497921,23.17343246104871,2018-09-25-05-00-22
1.0,113.33366957449857,23.173423533906046,2018-09-25-05-00-22
1.0,113.33466758756352,23.173421676654105,2018-09-25-05-00-22
1.0,113.32518679510412,23.173689496933214,2018-09-25-05-00-22
1.0,113.32917861966027,23.17368189289327,2018-09-25-05-00-22
1.0,113.326184726837,23.173937496239255,2018-09-25-05-00-22
1.0,113.32668368576805,23.17418644954551,2018-09-25-05-00-22
1.0,113.32718266291421,23.1741854983486,2018-09-25-05-00-22
1.0,113.32743215196905,23.1741850230773,2018-09-25-05-00-22
1.0,113.32843011171288,23.174183124461653,2018-09-25-05-00-22
1.0,113.32793111408225,23.174433978583103,2018-09-25-05-00-22
1.0,113.33541603671675,23.174419910976155,2018-09-25-05-00-22
1.0,113.33741211771316,23.174416241490942,2018-09-25-05-00-22
1.0,113.32718262886607,23.17468530905286,2018-09-25-05-00-22
1.0,113.32843007765466,23.174682935165503,2018-09-25-05-00-22
1.0,113.33566552696279,23.174669355332348,2018-09-25-05-00-22
1.0,113.32668363470165,23.174936165661425,2018-09-25-05-00-22
1.0,113.3281805701369,23.174933314835574,2018-09-25-05-00-22
1.0,113.32843006062531,23.1749328405767,2018-09-25-05-00-22
1.0,113.33591501798615,23.17491880036892,2018-09-25-05-00-22
1.0,113.3266836176792,23.175186071112503,2018-09-25-05-00-22
1.0,113.32693310609211,23.17518559540895,2018-09-25-05-00-22
1.0,113.32768157325792,23.17518416960692,2018-09-25-05-00-22
1.0,113.32768155623125,23.17543407509747,2018-09-25-05-00-22
1.0,113.32693307204467,23.17568540643,2018-09-25-05-00-22
1.0,113.32718256076781,23.175684930936225,2018-09-25-05-00-22
1.0,113.32768153920442,23.175683980627717,2018-09-25-05-00-22
1.0,113.32793102894469,23.175683505837714,2018-09-25-05-00-22
1.0,113.32892899169838,23.175681609394566,2018-09-25-05-00-22
1.0,113.33791104401399,23.175914763952584,2018-09-25-05-00-22
1.0,113.3251866249411,23.176188551250668,2018-09-25-05-00-22
1.0,113.32593508610051,23.1761871215604,2018-09-25-05-00-22
1.0,113.33591493268801,23.17616832801357,2018-09-25-05-00-22
1.0,113.33666346172683,23.17616695086029,2018-09-25-05-00-22
1.0,113.33791102694629,23.176164669560677,2018-09-25-05-00-22
1.0,113.33641391710822,23.176667220574245,2018-09-25-05-00-22
1.0,113.33716245109538,23.176665847522333,2018-09-25-05-00-22
1.0,113.33641390004581,23.17691712630232,2018-09-25-05-00-22
1.0,113.33791097574218,23.17691438662432,2018-09-25-05-00-22
1.0,113.3266834814935,23.177185316152737,2018-09-25-05-00-22
1.0,113.33641388298324,23.17716703207042,2018-09-25-05-00-22
1.0,113.33391880389433,23.177421556906783,2018-09-25-05-00-22
1.0,113.33117429740446,23.177676607338086,2018-09-25-05-00-22
1.0,113.33391878684121,23.177671462755498,2018-09-25-05-00-22
1.0,113.32718239051047,23.178183988434647,2018-09-25-05-00-22
1.0,113.33117426331951,23.178176419157026,2018-09-25-05-00-22
1.0,113.3366633252178,23.178166197166107,2018-09-25-05-00-22
1.0,113.32668339637203,23.178434845603494,2018-09-25-05-00-22
1.0,113.33142374234691,23.17842585509151,2018-09-25-05-00-22
1.0,113.33666330815342,23.17841610313506,2018-09-25-05-00-22
1.0,113.3369128194713,23.17841564544674,2018-09-25-05-00-22
1.0,113.33741184465671,23.178414732187836,2018-09-25-05-00-22
1.0,113.3376613585506,23.17841427664155,2018-09-25-05-00-22
1.0,113.32568542860666,23.17868665628225,2018-09-25-05-00-22
1.0,113.32743184549368,23.17868332514401,2018-09-25-05-00-22
1.0,113.33192271911447,23.17867482233988,2018-09-25-05-00-22
1.0,113.33591476207921,23.178667386298898,2018-09-25-05-00-22
1.0,113.32867927899785,23.178930858600975,2018-09-25-05-00-22
1.0,113.33117421219086,23.178926137187723,2018-09-25-05-00-22
1.0,113.33192270206843,23.178924728390367,2018-09-25-05-00-22
1.0,113.33591472795545,23.17916719843898,2018-09-25-05-00-22
1.0,113.33741179345388,23.17916445033659,2018-09-25-05-00-22
1.0,113.32743179440921,23.179433043419102,2018-09-25-05-00-22
1.0,113.32768128378189,23.17943256838152,2018-09-25-05-00-22
1.0,113.33142367417037,23.179425479374785,2018-09-25-05-00-22
1.0,113.33691275120823,23.179415269726345,2018-09-25-05-00-22
1.0,113.33716226336774,23.17941481273972,2018-09-25-05-00-22
1.0,113.33791080505094,23.17941344611249,2018-09-25-05-00-22
1.0,113.32768126675239,23.17968247455422,2018-09-25-05-00-22
1.0,113.33167315374425,23.179674915943508,2018-09-25-05-00-22
1.0,113.33317014582144,23.17967210809034,2018-09-25-05-00-22
1.0,113.33666322282902,23.17966563358603,2018-09-25-05-00-22
1.0,113.3379107879809,23.17966335228348,2018-09-25-05-00-22
1.0,113.33317012876978,23.17992201430273,2018-09-25-05-00-22
1.0,113.33416813623964,23.179920152604513,2018-09-25-05-00-22
1.0,113.33716222923329,23.179914625122553,2018-09-25-05-00-22
1.0,113.33741174224953,23.179914168849855,2018-09-25-05-00-22
1.0,113.33766125613762,23.17991371330332,2018-09-25-05-00-22
1.0,113.3324216129552,23.180173322315824,2018-09-25-05-00-22
1.0,113.33766123906821,23.18016361955562,2018-09-25-05-00-22
1.0,113.33341959552814,23.180421360616595,2018-09-25-05-00-22
1.0,113.33341957847497,23.18067126695109,2018-09-25-05-00-22
1.0,113.3344175886528,23.180669407448804,2018-09-25-05-00-22
1.0,113.32618425022044,23.180934859526392,2018-09-25-05-00-22
1.0,113.32643373802581,23.180934383439272,2018-09-25-05-00-22
1.0,113.32818016140645,23.18093105670547,2018-09-25-05-00-22
1.0,113.33067508532652,23.180926328372223,2018-09-25-05-00-22
1.0,113.33791070262818,23.180912883748622,2018-09-25-05-00-22
1.0,113.34514775829389,23.170903845907194,2018-09-25-05-00-22
1.0,113.3471441741506,23.170900460897602,2018-09-25-05-00-22
1.0,113.34789283529993,23.17114911562945,2018-09-25-05-00-22
1.0,113.34115511308958,23.17166053485455,2018-09-25-05-00-22
1.0,113.34389998887819,23.171655712104926,2018-09-25-05-00-22
1.0,113.3453972544134,23.171653133403478,2018-09-25-05-00-22
1.0,113.34764324028943,23.171649340875927,2018-09-25-05-00-22
1.0,113.347892801097,23.171648925387,2018-09-25-05-00-22
1.0,113.34365043184084,23.171906050524772,2018-09-25-05-00-22
1.0,113.34389997179079,23.17190561704269,2018-09-25-05-00-22
1.0,113.33691324605488,23.17216800818636,2018-09-25-05-00-22
1.0,113.33491714377475,23.172671498386933,2018-09-25-05-00-22
1.0,113.33691321193203,23.172667818259164,2018-09-25-05-00-22
1.0,113.34265223262456,23.17265750963695,2018-09-25-05-00-22
1.0,113.34714403735731,23.17289970055208,2018-09-25-05-00-22
1.0,113.3473935953779,23.172899282651862,2018-09-25-05-00-22
1.0,113.34489805834836,23.17315341887644,2018-09-25-05-00-22
1.0,113.34539715185387,23.173152563613673,2018-09-25-05-00-22
1.0,113.34589625049894,23.173151712780278,2018-09-25-05-00-22
1.0,113.3471440202574,23.173149605684518,2018-09-25-05-00-22
1.0,113.34764313768189,23.1731487710838,2018-09-25-05-00-22
1.0,113.33865976451708,23.173414350181385,2018-09-25-05-00-22
1.0,113.34265218137368,23.173407225036634,2018-09-25-05-00-22
1.0,113.34389986926293,23.17340504748887,2018-09-25-05-00-22
1.0,113.34539713476003,23.173402468785625,2018-09-25-05-00-22
1.0,113.34564668343293,23.173402042809396,2018-09-25-05-00-22
1.0,113.34240263019873,23.173657568739692,2018-09-25-05-00-22
1.0,113.34489802416412,23.173653229259774,2018-09-25-05-00-22
1.0,113.34514757027894,23.173652801080458,2018-09-25-05-00-22
1.0,113.34689442941179,23.173649835155757,2018-09-25-05-00-22
1.0,113.34340075639645,23.173905725941374,2018-09-25-05-00-22
1.0,113.34489800707176,23.17390313451039,2018-09-25-05-00-22
1.0,113.34589619921154,23.173901428413718,2018-09-25-05-00-22
1.0,113.33940827157315,23.17416271314581,2018-09-25-05-00-22
1.0,113.34439890151944,23.17415389939958,2018-09-25-05-00-22
1.0,113.33541603671675,23.174419910976155,2018-09-25-05-00-22
1.0,113.33741211771316,23.174416241490942,2018-09-25-05-00-22
1.0,113.3399072982025,23.174411720709955,2018-09-25-05-00-22
1.0,113.34439888442854,23.17440380472908,2018-09-25-05-00-22
1.0,113.34464842803403,23.17440337439327,2018-09-25-05-00-22
1.0,113.34714393475531,23.174399131935942,2018-09-25-05-00-22
1.0,113.33566552696279,23.174669355332348,2018-09-25-05-00-22
1.0,113.33940823742844,23.17466252384599,2018-09-25-05-00-22
1.0,113.34439886733749,23.17465371009806,2018-09-25-05-00-22
1.0,113.34464841094207,23.174653279762204,2018-09-25-05-00-22
1.0,113.34564659795672,23.174651569258966,2018-09-25-05-00-22
1.0,113.34589614792262,23.1746511444015,2018-09-25-05-00-22
1.0,113.33591501798615,23.17491880036892,2018-09-25-05-00-22
1.0,113.33865966210112,23.174913782046392,2018-09-25-05-00-22
1.0,113.34015678740013,23.17491108387018,2018-09-25-05-00-22
1.0,113.34365022679006,23.174904912831135,2018-09-25-05-00-22
1.0,113.34389976672904,23.17490447934854,2018-09-25-05-00-22
1.0,113.3448979387006,23.174902755907116,2018-09-25-05-00-22
1.0,113.34539703219347,23.174901900643754,2018-09-25-05-00-22
1.0,113.34564658086097,23.174901474667266,2018-09-25-05-00-22
1.0,113.34589613082598,23.17490104980976,2018-09-25-05-00-22
1.0,113.3396577246362,23.175161885403615,2018-09-25-05-00-22
1.0,113.34140440254733,23.17515876434853,2018-09-25-05-00-22
1.0,113.34439883315487,23.175153520954677,2018-09-25-05-00-22
1.0,113.34514746771679,23.17515223317556,2018-09-25-05-00-22
1.0,113.34614566500338,23.175150531530637,2018-09-25-05-00-22
1.0,113.33915866583457,23.17541269031651,2018-09-25-05-00-22
1.0,113.33940818621014,23.175412240192895,2018-09-25-05-00-22
1.0,113.34290157992668,23.175406030320513,2018-09-25-05-00-22
1.0,113.34464835966517,23.175402996106435,2018-09-25-05-00-22
1.0,113.34664475443266,23.175399593002158,2018-09-25-05-00-22
1.0,113.33940816913703,23.175662145721184,2018-09-25-05-00-22
1.0,113.34589607953504,23.17565076627227,2018-09-25-05-00-22
1.0,113.33791104401399,23.175914763952584,2018-09-25-05-00-22
1.0,113.33816055970055,23.175914309895425,2018-09-25-05-00-22
1.0,113.33865959382048,23.17591340408077,2018-09-25-05-00-22
1.0,113.34539696381242,23.17590152267354,2018-09-25-05-00-22
1.0,113.33591493268801,23.17616832801357,2018-09-25-05-00-22
1.0,113.33666346172683,23.17616695086029,2018-09-25-05-00-22
1.0,113.33791102694629,23.176164669560677,2018-09-25-05-00-22
1.0,113.34015670202038,23.176160611511257,2018-09-25-05-00-22
1.0,113.33915859754495,23.176412312668546,2018-09-25-05-00-22
1.0,113.34015668494393,23.176410517158832,2018-09-25-05-00-22
1.0,113.34090526111252,23.176409179503278,2018-09-25-05-00-22
1.0,113.3443987476954,23.17640304879089,2018-09-25-05-00-22
1.0,113.33641391710822,23.176667220574245,2018-09-25-05-00-22
1.0,113.33716245109538,23.176665847522333,2018-09-25-05-00-22
1.0,113.33890906106494,23.17666266929086,2018-09-25-05-00-22
1.0,113.34464827420031,23.176652524141453,2018-09-25-05-00-22
1.0,113.34639511500515,23.176649542466762,2018-09-25-05-00-22
1.0,113.33641390004581,23.17691712630232,2018-09-25-05-00-22
1.0,113.33791097574218,23.17691438662432,2018-09-25-05-00-22
1.0,113.33940808376899,23.176911673959946,2018-09-25-05-00-22
1.0,113.33965760511548,23.176911224658962,2018-09-25-05-00-22
1.0,113.34040617514512,23.176909881813568,2018-09-25-05-00-22
1.0,113.34315101378843,23.17690502756024,2018-09-25-05-00-22
1.0,113.33641388298324,23.17716703207042,2018-09-25-05-00-22
1.0,113.33915854632599,23.177162029851452,2018-09-25-05-00-22
1.0,113.34315099670027,23.177154933327202,2018-09-25-05-00-22
1.0,113.33816045728607,23.177413744142672,2018-09-25-05-00-22
1.0,113.33890900984832,23.177412386593947,2018-09-25-05-00-22
1.0,113.34589595985034,23.17740010607855,2018-09-25-05-00-22
1.0,113.34664461762941,23.17739883833459,2018-09-25-05-00-22
1.0,113.3384099568075,23.177663196695743,2018-09-25-05-00-22
1.0,113.33915851217917,23.177661841506993,2018-09-25-05-00-22
1.0,113.33990707622311,23.177660493615694,2018-09-25-05-00-22
1.0,113.34140423173496,23.177657821023846,2018-09-25-05-00-22
1.0,113.34115468610925,23.177908170116318,2018-09-25-05-00-22
1.0,113.3414042146528,23.17790772691148,2018-09-25-05-00-22
1.0,113.3366633252178,23.178166197166107,2018-09-25-05-00-22
1.0,113.33840992266575,23.17816300851226,2018-09-25-05-00-22
1.0,113.34040608975396,23.178159411051958,2018-09-25-05-00-22
1.0,113.3421527897332,23.17815630878485,2018-09-25-05-00-22
1.0,113.33666330815342,23.17841610313506,2018-09-25-05-00-22
1.0,113.3369128194713,23.17841564544674,2018-09-25-05-00-22
1.0,113.33741184465671,23.178414732187836,2018-09-25-05-00-22
1.0,113.3376613585506,23.17841427664155,2018-09-25-05-00-22
1.0,113.346894104492,23.1783980416958,2018-09-25-05-00-22
1.0,113.33591476207921,23.178667386298898,2018-09-25-05-00-22
1.0,113.33890892448396,23.17866191623567,2018-09-25-05-00-22
1.0,113.33940794717144,23.17891092122574,2018-09-25-05-00-22
1.0,113.33591472795545,23.17916719843898,2018-09-25-05-00-22
1.0,113.33741179345388,23.17916445033659,2018-09-25-05-00-22
1.0,113.3386593718899,23.179162180108605,2018-09-25-05-00-22
1.0,113.33890889033705,23.179161728374744,2018-09-25-05-00-22
1.0,113.33940793009599,23.179160827315414,2018-09-25-05-00-22
1.0,113.33965745143392,23.17916037801405,2018-09-25-05-00-22
1.0,113.33691275120823,23.179415269726345,2018-09-25-05-00-22
1.0,113.33716226336774,23.17941481273972,2018-09-25-05-00-22
1.0,113.33791080505094,23.17941344611249,2018-09-25-05-00-22
1.0,113.33990695668405,23.1794098356777,2018-09-25-05-00-22
1.0,113.33666322282902,23.17966563358603,2018-09-25-05-00-22
1.0,113.3379107879809,23.17966335228348,2018-09-25-05-00-22
1.0,113.33716222923329,23.179914625122553,2018-09-25-05-00-22
1.0,113.33741174224953,23.179914168849855,2018-09-25-05-00-22
1.0,113.33766125613762,23.17991371330332,2018-09-25-05-00-22
1.0,113.33840980316434,23.179912351141933,2018-09-25-05-00-22
1.0,113.33965740020373,23.179910096526186,2018-09-25-05-00-22
1.0,113.33766123906821,23.18016361955562,2018-09-25-05-00-22
1.0,113.33816023536737,23.180662523316094,2018-09-25-05-00-22
1.0,113.33840975194695,23.18066207002066,2018-09-25-05-00-22
1.0,113.33791070262818,23.180912883748622,2018-09-25-05-00-22
1.0,113.34889112696891,23.170647656413138,2018-09-25-05-00-22
1.0,113.34988940778274,23.17064602709062,2018-09-25-05-00-22
1.0,113.35138687448999,23.170643622731745,2018-09-25-05-00-22
1.0,113.34514775829389,23.170903845907194,2018-09-25-05-00-22
1.0,113.3471441741506,23.170900460897602,2018-09-25-05-00-22
1.0,113.34789283529993,23.17114911562945,2018-09-25-05-00-22
1.0,113.3493902301957,23.17114664877209,2018-09-25-05-00-22
1.0,113.35138684026377,23.171143432332975,2018-09-25-05-00-22
1.0,113.35013893039913,23.17139533747595,2018-09-25-05-00-22
1.0,113.35188599123184,23.171392546662815,2018-09-25-05-00-22
1.0,113.3453972544134,23.171653133403478,2018-09-25-05-00-22
1.0,113.34764324028943,23.171649340875927,2018-09-25-05-00-22
1.0,113.347892801097,23.171648925387,2018-09-25-05-00-22
1.0,113.34988932224127,23.17189555138596,2018-09-25-05-00-22
1.0,113.34963971559432,23.172395766765288,2018-09-25-05-00-22
1.0,113.34889099012803,23.172646895753896,2018-09-25-05-00-22
1.0,113.34714403735731,23.17289970055208,2018-09-25-05-00-22
1.0,113.3473935953779,23.172899282651862,2018-09-25-05-00-22
1.0,113.35138672046669,23.172892767161564,2018-09-25-05-00-22
1.0,113.34489805834836,23.17315341887644,2018-09-25-05-00-22
1.0,113.34539715185387,23.173152563613673,2018-09-25-05-00-22
1.0,113.34589625049894,23.173151712780278,2018-09-25-05-00-22
1.0,113.3471440202574,23.173149605684518,2018-09-25-05-00-22
1.0,113.34764313768189,23.1731487710838,2018-09-25-05-00-22
1.0,113.35038838608557,23.173144269827887,2018-09-25-05-00-22
1.0,113.34539713476003,23.173402468785625,2018-09-25-05-00-22
1.0,113.34564668343293,23.173402042809396,2018-09-25-05-00-22
1.0,113.34489802416412,23.173653229259774,2018-09-25-05-00-22
1.0,113.34514757027894,23.173652801080458,2018-09-25-05-00-22
1.0,113.34689442941179,23.173649835155757,2018-09-25-05-00-22
1.0,113.34489800707176,23.17390313451039,2018-09-25-05-00-22
1.0,113.34589619921154,23.173901428413718,2018-09-25-05-00-22
1.0,113.35113707035234,23.173892785264833,2018-09-25-05-00-22
1.0,113.35138663489232,23.174142293212697,2018-09-25-05-00-22
1.0,113.34464842803403,23.17440337439327,2018-09-25-05-00-22
1.0,113.34714393475531,23.174399131935942,2018-09-25-05-00-22
1.0,113.34464841094207,23.174653279762204,2018-09-25-05-00-22
1.0,113.34564659795672,23.174651569258966,2018-09-25-05-00-22
1.0,113.34589614792262,23.1746511444015,2018-09-25-05-00-22
1.0,113.3448979387006,23.174902755907116,2018-09-25-05-00-22
1.0,113.34539703219347,23.174901900643754,2018-09-25-05-00-22
1.0,113.34564658086097,23.174901474667266,2018-09-25-05-00-22
1.0,113.34589613082598,23.17490104980976,2018-09-25-05-00-22
1.0,113.34514746771679,23.17515223317556,2018-09-25-05-00-22
1.0,113.34614566500338,23.175150531530637,2018-09-25-05-00-22
1.0,113.34464835966517,23.175402996106435,2018-09-25-05-00-22
1.0,113.34664475443266,23.175399593002158,2018-09-25-05-00-22
1.0,113.34589607953504,23.17565076627227,2018-09-25-05-00-22
1.0,113.34539696381242,23.17590152267354,2018-09-25-05-00-22
1.0,113.34464827420031,23.176652524141453,2018-09-25-05-00-22
1.0,113.34639511500515,23.176649542466762,2018-09-25-05-00-22
1.0,113.34589595985034,23.17740010607855,2018-09-25-05-00-22
1.0,113.34639506370534,23.177399259766023,2018-09-25-05-00-22
1.0,113.34664461762941,23.17739883833459,2018-09-25-05-00-22
1.0,113.3483915335322,23.17739592158672,2018-09-25-05-00-22
1.0,113.346894104492,23.1783980416958,2018-09-25-05-00-22
1.0,113.34988879179053,23.179642624006195,2018-09-25-05-00-22
