count,wgs_lng,wgs_lat,time
1.0,113.33142609280364,23.14393918875439,2018-09-24-05-00-26
1.0,113.33217458479862,23.143937781308182,2018-09-24-05-00-26
1.0,113.33491910385798,23.14393265932554,2018-09-24-05-00-26
1.0,113.32693521573303,23.144197604420256,2018-09-24-05-00-26
1.0,113.3276836832742,23.14419617863361,2018-09-24-05-00-26
1.0,113.33491906978844,23.144432461277447,2018-09-24-05-00-26
1.0,113.33541808234568,23.144431537385014,2018-09-24-05-00-26
1.0,113.3309270498711,23.14468983221269,2018-09-24-05-00-26
1.0,113.33292303105131,23.144686081062872,2018-09-24-05-00-26
1.0,113.3349190527534,23.144682362302625,2018-09-24-05-00-26
1.0,113.33741414722853,23.144677768964772,2018-09-24-05-00-26
1.0,113.3366655932919,23.144929040952785,2018-09-24-05-00-26
1.0,113.32743412573825,23.145196257836954,2018-09-24-05-00-26
1.0,113.33491901868285,23.145182164451715,2018-09-24-05-00-26
1.0,113.33566753865236,23.14518077954966,2018-09-24-05-00-26
1.0,113.33591701277074,23.145680121461996,2018-09-24-05-00-26
1.0,113.32643611994507,23.145947863662407,2018-09-24-05-00-26
1.0,113.33017848089803,23.14594075158222,2018-09-24-05-00-26
1.0,113.3309269647725,23.145939337836428,2018-09-24-05-00-26
1.0,113.3344199579884,23.145932794233005,2018-09-24-05-00-26
1.0,113.33516847347214,23.145931405668318,2018-09-24-05-00-26
1.0,113.32468969256391,23.14620110065226,2018-09-24-05-00-26
1.0,113.32868149189507,23.146443391227127,2018-09-24-05-00-26
1.0,113.32893098329674,23.14644291755344,2018-09-24-05-00-26
1.0,113.32918047511778,23.14644244418853,2018-09-24-05-00-26
1.0,113.33192491665542,23.146437261086618,2018-09-24-05-00-26
1.0,113.32543811874066,23.146699472749507,2018-09-24-05-00-26
1.0,113.3261865809942,23.146698043517993,2018-09-24-05-00-26
1.0,113.3341704031711,23.146682962034046,2018-09-24-05-00-26
1.0,113.33516842236064,23.146681109438088,2018-09-24-05-00-26
1.0,113.32893094927148,23.146942720168585,2018-09-24-05-00-26
1.0,113.33541791196839,23.146930549122906,2018-09-24-05-00-26
1.0,113.33641594634214,23.14692870897866,2018-09-24-05-00-26
1.0,113.33042788992594,23.147189786400148,2018-09-24-05-00-26
1.0,113.32543806774437,23.147449176824235,2018-09-24-05-00-26
1.0,113.33142585449619,23.14743780519994,2018-09-24-05-00-26
1.0,113.33267334402875,23.147435461778837,2018-09-24-05-00-26
1.0,113.33741395972545,23.147426682420466,2018-09-24-05-00-26
1.0,113.33666540581885,23.147677954775414,2018-09-24-05-00-26
1.0,113.33067733348065,23.147939019420264,2018-09-24-05-00-26
1.0,113.3314258204496,23.14793760808191,2018-09-24-05-00-26
1.0,113.33666538877485,23.147927856232307,2018-09-24-05-00-26
1.0,113.32568750390872,23.14819840463768,2018-09-24-05-00-26
1.0,113.33142580342606,23.14818750957331,2018-09-24-05-00-26
1.0,113.3356673341799,23.14817959523099,2018-09-24-05-00-26
1.0,113.33666537173067,23.148177757722834,2018-09-24-05-00-26
1.0,113.33766342259517,23.14817593124963,2018-09-24-05-00-26
1.0,113.32618646197929,23.148447353494287,2018-09-24-05-00-26
1.0,113.32643593291236,23.148696778972187,2018-09-24-05-00-26
1.0,113.32967930692554,23.148690611256594,2018-09-24-05-00-26
1.0,113.33516826901709,23.148930222554103,2018-09-24-05-00-26
1.0,113.32593692330856,23.149197534529442,2018-09-24-05-00-26
1.0,113.32992876603973,23.14918994211137,2018-09-24-05-00-26
1.0,113.33017825966112,23.149189470104677,2018-09-24-05-00-26
1.0,113.33491874609443,23.149180586435207,2018-09-24-05-00-26
1.0,113.32493895811484,23.14944934268986,2018-09-24-05-00-26
1.0,113.32768330910326,23.149694008163777,2018-09-24-05-00-26
1.0,113.33142570128129,23.14968691923102,2018-09-24-05-00-26
1.0,113.33167519801916,23.149686449632654,2018-09-24-05-00-26
1.0,113.32468943761808,23.149949623047902,2018-09-24-05-00-26
1.0,113.326685336107,23.149945811381638,2018-09-24-05-00-26
1.0,113.33067718028967,23.1501881340613,2018-09-24-05-00-26
1.0,113.33167516396757,23.150186253123373,2018-09-24-05-00-26
1.0,113.33292265641161,23.150183912045982,2018-09-24-05-00-26
1.0,113.32593683829548,23.15044704317609,2018-09-24-05-00-26
1.0,113.33192464424292,23.15043568576598,2018-09-24-05-00-26
1.0,113.32918018586476,23.150690770706333,2018-09-24-05-00-26
1.0,113.32992866392689,23.150689352585722,2018-09-24-05-00-26
1.0,113.33292262234946,23.15068371567282,2018-09-24-05-00-26
1.0,113.33541763933002,23.150928974874386,2018-09-24-05-00-26
1.0,113.32942964406658,23.15119010142683,2018-09-24-05-00-26
1.0,113.32967913674749,23.15118962871576,2018-09-24-05-00-26
1.0,113.33017812350134,23.15118868434351,2018-09-24-05-00-26
1.0,113.33491860978421,23.151179800667716,2018-09-24-05-00-26
1.0,113.32992861286823,23.151439058284453,2018-09-24-05-00-26
1.0,113.33516809861953,23.15142924034517,2018-09-24-05-00-26
1.0,113.32868113461767,23.151691325414223,2018-09-24-05-00-26
1.0,113.32568724888216,23.15194693109643,2018-09-24-05-00-26
1.0,113.33392054243652,23.151931361513302,2018-09-24-05-00-26
1.0,113.328930591966,23.152190655780128,2018-09-24-05-00-26
1.0,113.3339205254004,23.152181263549963,2018-09-24-05-00-26
1.0,113.32493875412307,23.152448165292608,2018-09-24-05-00-26
1.0,113.33516803045583,23.152428848422034,2018-09-24-05-00-26
1.0,113.32843157558591,23.152691407604767,2018-09-24-05-00-26
1.0,113.33117600080104,23.152686212263912,2018-09-24-05-00-26
1.0,113.33242348733002,23.152683866554028,2018-09-24-05-00-26
1.0,113.33242347029933,23.152933768694854,2018-09-24-05-00-26
1.0,113.32693460352029,23.15319406128211,2018-09-24-05-00-26
1.0,113.33067697601402,23.153186957890505,2018-09-24-05-00-26
1.0,113.3309264711185,23.153186487031828,2018-09-24-05-00-26
1.0,113.33067695898997,23.153436860101177,2018-09-24-05-00-26
1.0,113.32992845968323,23.15368817724504,2018-09-24-05-00-26
1.0,113.33092643706823,23.153686291487947,2018-09-24-05-00-26
1.0,113.3321739207447,23.15368394355442,2018-09-24-05-00-26
1.0,113.32468916563462,23.153948055392217,2018-09-24-05-00-26
1.0,113.33017793626423,23.15393760751813,2018-09-24-05-00-26
1.0,113.33042743035296,23.153937135881197,2018-09-24-05-00-26
1.0,113.33217390371433,23.153933845834615,2018-09-24-05-00-26
1.0,113.33491910385798,23.14393265932554,2018-09-24-05-00-26
1.0,113.34190559688615,23.143919989071765,2018-09-24-05-00-26
1.0,113.34165604898136,23.144170331379843,2018-09-24-05-00-26
1.0,113.34190557982471,23.144169890030145,2018-09-24-05-00-26
1.0,113.33491906978844,23.144432461277447,2018-09-24-05-00-26
1.0,113.33541808234568,23.144431537385014,2018-09-24-05-00-26
1.0,113.34465047785459,23.144415000989767,2018-09-24-05-00-26
1.0,113.3349190527534,23.144682362302625,2018-09-24-05-00-26
1.0,113.33741414722853,23.144677768964772,2018-09-24-05-00-26
1.0,113.33816269196758,23.14467640456993,2018-09-24-05-00-26
1.0,113.3366655932919,23.144929040952785,2018-09-24-05-00-26
1.0,113.33491901868285,23.145182164451715,2018-09-24-05-00-26
1.0,113.33566753865236,23.14518077954966,2018-09-24-05-00-26
1.0,113.33591701277074,23.145680121461996,2018-09-24-05-00-26
1.0,113.3344199579884,23.145932794233005,2018-09-24-05-00-26
1.0,113.33516847347214,23.145931405668318,2018-09-24-05-00-26
1.0,113.33891115965075,23.145924552654794,2018-09-24-05-00-26
1.0,113.33516842236064,23.146681109438088,2018-09-24-05-00-26
1.0,113.33891110849581,23.146674256422678,2018-09-24-05-00-26
1.0,113.33541791196839,23.146930549122906,2018-09-24-05-00-26
1.0,113.33641594634214,23.14692870897866,2018-09-24-05-00-26
1.0,113.33841203819023,23.147174963344874,2018-09-24-05-00-26
1.0,113.34040820622099,23.147171365926408,2018-09-24-05-00-26
1.0,113.33741395972545,23.147426682420466,2018-09-24-05-00-26
1.0,113.33916057685803,23.14742350956093,2018-09-24-05-00-26
1.0,113.33666540581885,23.147677954775414,2018-09-24-05-00-26
1.0,113.3391605598046,23.14767341098384,2018-09-24-05-00-26
1.0,113.33666538877485,23.147927856232307,2018-09-24-05-00-26
1.0,113.34090720707309,23.147920179308752,2018-09-24-05-00-26
1.0,113.3356673341799,23.14817959523099,2018-09-24-05-00-26
1.0,113.33666537173067,23.148177757722834,2018-09-24-05-00-26
1.0,113.33766342259517,23.14817593124963,2018-09-24-05-00-26
1.0,113.33990909007723,23.14817186605405,2018-09-24-05-00-26
1.0,113.33516826901709,23.148930222554103,2018-09-24-05-00-26
1.0,113.33491874609443,23.149180586435207,2018-09-24-05-00-26
1.0,113.34415106729988,23.149163987839845,2018-09-24-05-00-26
1.0,113.34340241304636,23.14966509161336,2018-09-24-05-00-26
1.0,113.3461473739446,23.15016017389047,2018-09-24-05-00-26
1.0,113.34564825544794,23.150410924260566,2018-09-24-05-00-26
1.0,113.34140607562341,23.150668210251236,2018-09-24-05-00-26
1.0,113.34165560534929,23.150667767969768,2018-09-24-05-00-26
1.0,113.34714555857877,23.150658294159204,2018-09-24-05-00-26
1.0,113.33541763933002,23.150928974874386,2018-09-24-05-00-26
1.0,113.33491860978421,23.151179800667716,2018-09-24-05-00-26
1.0,113.33516809861953,23.15142924034517,2018-09-24-05-00-26
1.0,113.33516803045583,23.152428848422034,2018-09-24-05-00-26
1.0,113.34290315114377,23.152414884524024,2018-09-24-05-00-26
1.0,113.34365174700982,23.152663480086748,2018-09-24-05-00-26
1.0,113.3456481017264,23.152660041953357,2018-09-24-05-00-26
1.0,113.35538221862753,23.14414776211505,2018-09-24-05-00-26
1.0,113.34465047785459,23.144415000989767,2018-09-24-05-00-26
1.0,113.35063989567007,23.144904823459893,2018-09-24-05-00-26
1.0,113.35613100335067,23.144896352740496,2018-09-24-05-00-26
1.0,113.34939199127592,23.14540664596795,2018-09-24-05-00-26
1.0,113.3526364663398,23.146401068626826,2018-09-24-05-00-26
1.0,113.3501405892058,23.14715473860519,2018-09-24-05-00-26
1.0,113.34839358519326,23.147407495678113,2018-09-24-05-00-26
1.0,113.35188763351,23.147401849208997,2018-09-24-05-00-26
1.0,113.35463317610254,23.147397603976394,2018-09-24-05-00-26
1.0,113.34415106729988,23.149163987839845,2018-09-24-05-00-26
1.0,113.35413380031746,23.149897378278876,2018-09-24-05-00-26
1.0,113.3461473739446,23.15016017389047,2018-09-24-05-00-26
1.0,113.34564825544794,23.150410924260566,2018-09-24-05-00-26
1.0,113.34714555857877,23.150658294159204,2018-09-24-05-00-26
1.0,113.3478941857794,23.151406749770583,2018-09-24-05-00-26
1.0,113.34839329468797,23.151655824444493,2018-09-24-05-00-26
1.0,113.35563126417581,23.1523941400085,2018-09-24-05-00-26
1.0,113.3456481017264,23.152660041953357,2018-09-24-05-00-26
1.0,113.347894100337,23.152656259942294,2018-09-24-05-00-26
1.0,113.35014017892624,23.15315238126913,2018-09-24-05-00-26
1.0,113.35263597034553,23.15364821968964,2018-09-24-05-00-26
1.0,113.33242347029933,23.152933768694854,2018-09-24-05-00-26
1.0,113.32693460352029,23.15319406128211,2018-09-24-05-00-26
1.0,113.33067697601402,23.153186957890505,2018-09-24-05-00-26
1.0,113.3309264711185,23.153186487031828,2018-09-24-05-00-26
1.0,113.33067695898997,23.153436860101177,2018-09-24-05-00-26
1.0,113.32992845968323,23.15368817724504,2018-09-24-05-00-26
1.0,113.33092643706823,23.153686291487947,2018-09-24-05-00-26
1.0,113.3321739207447,23.15368394355442,2018-09-24-05-00-26
1.0,113.33017793626423,23.15393760751813,2018-09-24-05-00-26
1.0,113.33042743035296,23.153937135881197,2018-09-24-05-00-26
1.0,113.33217390371433,23.153933845834615,2018-09-24-05-00-26
1.0,113.33716398628937,23.154174489062967,2018-09-24-05-00-26
1.0,113.33217386965312,23.154433650499996,2018-09-24-05-00-26
1.0,113.33666494557211,23.154425306079066,2018-09-24-05-00-26
1.0,113.33766299634011,23.154423479601665,2018-09-24-05-00-26
1.0,113.33566689107383,23.154677045976108,2018-09-24-05-00-26
1.0,113.3366649285236,23.154675208463598,2018-09-24-05-00-26
1.0,113.33716395218865,23.154674293796788,2018-09-24-05-00-26
1.0,113.33267283311108,23.15493251933007,2018-09-24-05-00-26
1.0,113.33516786003491,23.154927871046684,2018-09-24-05-00-26
1.0,113.33666491147493,23.154925110883276,2018-09-24-05-00-26
1.0,113.33716393513804,23.15492419621638,2018-09-24-05-00-26
1.0,113.32543754069509,23.15519613686827,2018-09-24-05-00-26
1.0,113.32618598583812,23.15544461012441,2018-09-24-05-00-26
1.0,113.33516782594873,23.155427675992186,2018-09-24-05-00-26
1.0,113.32618595182305,23.155944415214137,2018-09-24-05-00-26
1.0,113.3284313543818,23.15594013817058,2018-09-24-05-00-26
1.0,113.32868084533933,23.155939664198904,2018-09-24-05-00-26
1.0,113.32518796877528,23.156446126381848,2018-09-24-05-00-26
1.0,113.33466874680335,23.156428211424537,2018-09-24-05-00-26
1.0,113.3259364131677,23.156694599370386,2018-09-24-05-00-26
1.0,113.3366647921295,23.15667442880965,2018-09-24-05-00-26
1.0,113.32743332629137,23.15694164737824,2018-09-24-05-00-26
1.0,113.32793228855523,23.157190600297398,2018-09-24-05-00-26
1.0,113.32868076024832,23.157189177541966,2018-09-24-05-00-26
1.0,113.33741329477907,23.157172863314386,2018-09-24-05-00-26
1.0,113.32643532066452,23.15769325806354,2018-09-24-05-00-26
1.0,113.33541717915591,23.157676338360954,2018-09-24-05-00-26
1.0,113.33591619467401,23.157675416978957,2018-09-24-05-00-26
1.0,113.33641521336237,23.15767449820951,2018-09-24-05-00-26
1.0,113.32518784974329,23.158195445815064,2018-09-24-05-00-26
1.0,113.3254373366331,23.158194969114817,2018-09-24-05-00-26
1.0,113.32568682375472,23.158194492550248,2018-09-24-05-00-26
1.0,113.3286806921725,23.15818878885864,2018-09-24-05-00-26
1.0,113.32493834606768,23.158445825558086,2018-09-24-05-00-26
1.0,113.32518783273805,23.15844534873447,2018-09-24-05-00-26
1.0,113.32493832906329,23.158695728513514,2018-09-24-05-00-26
1.0,113.32942913346257,23.158687174643816,2018-09-24-05-00-26
1.0,113.33242306151296,23.15893143062795,2018-09-24-05-00-26
1.0,113.33441907199573,23.158927703161368,2018-09-24-05-00-26
1.0,113.32493829505401,23.159195534532515,2018-09-24-05-00-26
1.0,113.3254372686071,23.15919458100836,2018-09-24-05-00-26
1.0,113.32668470678104,23.159192199788727,2018-09-24-05-00-26
1.0,113.32618569668878,23.159692957933803,2018-09-24-05-00-26
1.0,113.33117552401805,23.159683485531033,2018-09-24-05-00-26
1.0,113.33317150941419,23.159679738065527,2018-09-24-05-00-26
1.0,113.32718363300597,23.159940957895365,2018-09-24-05-00-26
1.0,113.33142500313151,23.15993291863382,2018-09-24-05-00-26
1.0,113.33466850819941,23.159926852028967,2018-09-24-05-00-26
1.0,113.32992801707302,23.16018564805121,2018-09-24-05-00-26
1.0,113.33391998015695,23.16017814728698,2018-09-24-05-00-26
1.0,113.33566651604981,23.16017490742886,2018-09-24-05-00-26
1.0,113.33342095923994,23.16042898134918,2018-09-24-05-00-26
1.0,113.33367046084103,23.16042851565025,2018-09-24-05-00-26
1.0,113.33367044380024,23.160678418894022,2018-09-24-05-00-26
1.0,113.33391994607356,23.160677953738027,2018-09-24-05-00-26
1.0,113.32518766267657,23.16094437991636,2018-09-24-05-00-26
1.0,113.32818152346806,23.16093867118262,2018-09-24-05-00-26
1.0,113.32618559462459,23.161192377295095,2018-09-24-05-00-26
1.0,113.33017744254249,23.16118478909317,2018-09-24-05-00-26
1.0,113.32942894620354,23.161436109535533,2018-09-24-05-00-26
1.0,113.33267239019439,23.161429994775826,2018-09-24-05-00-26
1.0,113.33242287412043,23.161680365914183,2018-09-24-05-00-26
1.0,113.33242285708374,23.161930269341084,2018-09-24-05-00-26
1.0,113.3279319482099,23.16218866266591,2018-09-24-05-00-26
1.0,113.3284309289102,23.1621877138807,2018-09-24-05-00-26
1.0,113.32568650058833,23.162942654222906,2018-09-24-05-00-26
1.0,113.33916013341441,23.153920957613103,2018-09-24-05-00-26
1.0,113.33716398628937,23.154174489062967,2018-09-24-05-00-26
1.0,113.34589754927723,23.154159030453307,2018-09-24-05-00-26
1.0,113.33666494557211,23.154425306079066,2018-09-24-05-00-26
1.0,113.33766299634011,23.154423479601665,2018-09-24-05-00-26
1.0,113.34689574557277,23.154407244806933,2018-09-24-05-00-26
1.0,113.33566689107383,23.154677045976108,2018-09-24-05-00-26
1.0,113.3366649285236,23.154675208463598,2018-09-24-05-00-26
1.0,113.33716395218865,23.154674293796788,2018-09-24-05-00-26
1.0,113.33791249415795,23.15467292718203,2018-09-24-05-00-26
1.0,113.33516786003491,23.154927871046684,2018-09-24-05-00-26
1.0,113.33666491147493,23.154925110883276,2018-09-24-05-00-26
1.0,113.33716393513804,23.15492419621638,2018-09-24-05-00-26
1.0,113.34739482619493,23.154906212625114,2018-09-24-05-00-26
1.0,113.33516782594873,23.155427675992186,2018-09-24-05-00-26
1.0,113.34489927145486,23.155410248628105,2018-09-24-05-00-26
1.0,113.34514880055458,23.155659722975912,2018-09-24-05-00-26
1.0,113.33791240888877,23.155922439631897,2018-09-24-05-00-26
1.0,113.34514878347336,23.15590962553527,2018-09-24-05-00-26
1.0,113.34739474074959,23.15615572524343,2018-09-24-05-00-26
1.0,113.33466874680335,23.156428211424537,2018-09-24-05-00-26
1.0,113.3366647921295,23.15667442880965,2018-09-24-05-00-26
1.0,113.34365147380962,23.156661918510903,2018-09-24-05-00-26
1.0,113.34689559178702,23.15665636752185,2018-09-24-05-00-26
1.0,113.33866089069541,23.15692069036678,2018-09-24-05-00-26
1.0,113.34489916897147,23.156909664303903,2018-09-24-05-00-26
1.0,113.33741329477907,23.157172863314386,2018-09-24-05-00-26
1.0,113.33541717915591,23.157676338360954,2018-09-24-05-00-26
1.0,113.33591619467401,23.157675416978957,2018-09-24-05-00-26
1.0,113.33641521336237,23.15767449820951,2018-09-24-05-00-26
1.0,113.34015789695641,23.158667312125434,2018-09-24-05-00-26
1.0,113.33466850819941,23.159926852028967,2018-09-24-05-00-26
1.0,113.33566651604981,23.16017490742886,2018-09-24-05-00-26
1.0,113.34165495676068,23.160164063360472,2018-09-24-05-00-26
1.0,113.34365114932874,23.161410075990435,2018-09-24-05-00-26
1.0,113.34090623436444,23.162164619625933,2018-09-24-05-00-26
1.0,113.3456481017264,23.152660041953357,2018-09-24-05-00-26
1.0,113.347894100337,23.152656259942294,2018-09-24-05-00-26
1.0,113.35014017892624,23.15315238126913,2018-09-24-05-00-26
1.0,113.35263597034553,23.15364821968964,2018-09-24-05-00-26
1.0,113.35263595323977,23.153898121966343,2018-09-24-05-00-26
1.0,113.34589754927723,23.154159030453307,2018-09-24-05-00-26
1.0,113.34689574557277,23.154407244806933,2018-09-24-05-00-26
1.0,113.34739482619493,23.154906212625114,2018-09-24-05-00-26
1.0,113.34814350880612,23.15490496617847,2018-09-24-05-00-26
1.0,113.34489927145486,23.155410248628105,2018-09-24-05-00-26
1.0,113.34514880055458,23.155659722975912,2018-09-24-05-00-26
1.0,113.34514878347336,23.15590962553527,2018-09-24-05-00-26
1.0,113.35038956636294,23.15590090472864,2018-09-24-05-00-26
1.0,113.34739474074959,23.15615572524343,2018-09-24-05-00-26
1.0,113.34689559178702,23.15665636752185,2018-09-24-05-00-26
1.0,113.34489916897147,23.156909664303903,2018-09-24-05-00-26
1.0,113.34914161839484,23.157152444928776,2018-09-24-05-00-26
1.0,113.34889201617315,23.157652659767578,2018-09-24-05-00-26
1.0,113.35213641615356,23.15914686001842,2018-09-24-05-00-26
1.0,113.35313467569857,23.160644720504727,2018-09-24-05-00-26
1.0,113.34914132773434,23.161400796953306,2018-09-24-05-00-26
1.0,113.35238579893785,23.16214530737746,2018-09-24-05-00-26
1.0,113.33242285708374,23.161930269341084,2018-09-24-05-00-26
1.0,113.3279319482099,23.16218866266591,2018-09-24-05-00-26
1.0,113.3284309289102,23.1621877138807,2018-09-24-05-00-26
1.0,113.32568650058833,23.162942654222906,2018-09-24-05-00-26
1.0,113.32693392303095,23.163190177476118,2018-09-24-05-00-26
1.0,113.32743290090386,23.163189226714934,2018-09-24-05-00-26
1.0,113.32718339478794,23.16343960563351,2018-09-24-05-00-26
1.0,113.33317125382189,23.163428288924504,2018-09-24-05-00-26
1.0,113.32618542450429,23.163691412496537,2018-09-24-05-00-26
1.0,113.32668440054007,23.163690460513127,2018-09-24-05-00-26
1.0,113.32693388899949,23.16368998481148,2018-09-24-05-00-26
1.0,113.3271833777711,23.163689509319692,2018-09-24-05-00-26
1.0,113.32493797193273,23.16394369898581,2018-09-24-05-00-26
1.0,113.32618540749134,23.16394131622002,2018-09-24-05-00-26
1.0,113.32643489536552,23.16394084013571,2018-09-24-05-00-26
1.0,113.3266843835251,23.163940364236527,2018-09-24-05-00-26
1.0,113.32743284985037,23.163938937773406,2018-09-24-05-00-26
1.0,113.33766234823254,23.16391979538076,2018-09-24-05-00-26
1.0,113.32493795492468,23.16419360274669,2018-09-24-05-00-26
1.0,113.32593590287708,23.164191696237804,2018-09-24-05-00-26
1.0,113.32668436650997,23.164190267997114,2018-09-24-05-00-26
1.0,113.32768232226644,23.164188366498813,2018-09-24-05-00-26
1.0,113.32518742456251,23.164443029720207,2018-09-24-05-00-26
1.0,113.32718332671965,23.164439220601267,2018-09-24-05-00-26
1.0,113.32743281581386,23.16443874533158,2018-09-24-05-00-26
1.0,113.33491770645922,23.164424651850382,2018-09-24-05-00-26
1.0,113.33491768941084,23.164674555684147,2018-09-24-05-00-26
1.0,113.33516719523388,23.164674093426303,2018-09-24-05-00-26
1.0,113.33791179482745,23.16491895583376,2018-09-24-05-00-26
1.0,113.33466815023218,23.16517482632599,2018-09-24-05-00-26
1.0,113.32618530541016,23.165440739343833,2018-09-24-05-00-26
1.0,113.32643479327828,23.165440263259274,2018-09-24-05-00-26
1.0,113.3266842814318,23.165439787359844,2018-09-24-05-00-26
1.0,113.32768223716808,23.165437885860715,2018-09-24-05-00-26
1.0,113.3279317269497,23.165437411072407,2018-09-24-05-00-26
1.0,113.33791176070659,23.16541876368728,2018-09-24-05-00-26
1.0,113.32643477626316,23.1656901672442,2018-09-24-05-00-26
1.0,113.32593578378773,23.16594102360875,2018-09-24-05-00-26
1.0,113.32643475924787,23.165940071266704,2018-09-24-05-00-26
1.0,113.32668424739936,23.165939595367192,2018-09-24-05-00-26
1.0,113.33491757006756,23.166423883569525,2018-09-24-05-00-26
1.0,113.33566607273544,23.166672402790834,2018-09-24-05-00-26
1.0,113.32493776782518,23.166942546586636,2018-09-24-05-00-26
1.0,113.32543674131543,23.16694159305992,2018-09-24-05-00-26
1.0,113.32568622840161,23.166941116493906,2018-09-24-05-00-26
1.0,113.32543672430336,23.167191497271283,2018-09-24-05-00-26
1.0,113.32768211802338,23.167187214544747,2018-09-24-05-00-26
1.0,113.33441849244889,23.167424426650243,2018-09-24-05-00-26
1.0,113.33466797974572,23.167673867481348,2018-09-24-05-00-26
1.0,113.33042645974439,23.16818162539438,2018-09-24-05-00-26
1.0,113.33591544441418,23.168671176855792,2018-09-24-05-00-26
1.0,113.33391938360131,23.168924781572652,2018-09-24-05-00-26
1.0,113.32543658820079,23.16919073233131,2018-09-24-05-00-26
1.0,113.32643453803396,23.16918882700346,2018-09-24-05-00-26
1.0,113.33192331562084,23.169928135637296,2018-09-24-05-00-26
1.0,113.33242231182177,23.169927198705942,2018-09-24-05-00-26
1.0,113.33042628940635,23.170680671124874,2018-09-24-05-00-26
1.0,113.3249374956445,23.170941018548774,2018-09-24-05-00-26
1.0,113.32543645208757,23.171189969845106,2018-09-24-05-00-26
1.0,113.33791135120406,23.171416469760988,2018-09-24-05-00-26
1.0,113.33267169151976,23.17167606444826,2018-09-24-05-00-26
1.0,113.32793128434487,23.171934927028097,2018-09-24-05-00-26
1.0,113.33017671021436,23.171930667076648,2018-09-24-05-00-26
1.0,113.34090623436444,23.162164619625933,2018-09-24-05-00-26
1.0,113.34115571068642,23.162913886124556,2018-09-24-05-00-26
1.0,113.34040711417191,23.16316512473441,2018-09-24-05-00-26
1.0,113.33841092956634,23.16341862582169,2018-09-24-05-00-26
1.0,113.33766234823254,23.16391979538076,2018-09-24-05-00-26
1.0,113.33866039594913,23.164167884468032,2018-09-24-05-00-26
1.0,113.33491770645922,23.164424651850382,2018-09-24-05-00-26
1.0,113.34190419729234,23.164411981499974,2018-09-24-05-00-26
1.0,113.33491768941084,23.164674555684147,2018-09-24-05-00-26
1.0,113.33516719523388,23.164674093426303,2018-09-24-05-00-26
1.0,113.33816132761741,23.164668597907873,2018-09-24-05-00-26
1.0,113.34165464945022,23.16466232668574,2018-09-24-05-00-26
1.0,113.33791179482745,23.16491895583376,2018-09-24-05-00-26
1.0,113.33791176070659,23.16541876368728,2018-09-24-05-00-26
1.0,113.34015741908031,23.1656646096368,2018-09-24-05-00-26
1.0,113.33491757006756,23.166423883569525,2018-09-24-05-00-26
1.0,113.33566607273544,23.166672402790834,2018-09-24-05-00-26
1.0,113.34140491488408,23.16766161789105,2018-09-24-05-00-26
1.0,113.34040678983804,23.167913300419283,2018-09-24-05-00-26
1.0,113.33591544441418,23.168671176855792,2018-09-24-05-00-26
1.0,113.34265248885643,23.168908937887867,2018-09-24-05-00-26
1.0,113.34015718009312,23.169163269363956,2018-09-24-05-00-26
1.0,113.34065622988952,23.169162376717125,2018-09-24-05-00-26
1.0,113.33866003759685,23.169415872086606,2018-09-24-05-00-26
1.0,113.34065617866806,23.169912090488122,2018-09-24-05-00-26
1.0,113.34265240344999,23.170158460838007,2018-09-24-05-00-26
1.0,113.34764332579111,23.170399816772516,2018-09-24-05-00-26
1.0,113.33940851056737,23.17066404263601,2018-09-24-05-00-26
1.0,113.3458964214461,23.170652663209218,2018-09-24-05-00-26
1.0,113.34589640435213,23.170902567991426,2018-09-24-05-00-26
1.0,113.34240280102159,23.171158518382793,2018-09-24-05-00-26
1.0,113.34439910659705,23.171155038505315,2018-09-24-05-00-26
1.0,113.34639549115765,23.171151626501977,2018-09-24-05-00-26
1.0,113.33791135120406,23.171416469760988,2018-09-24-05-00-26
1.0,113.34315138968547,23.17140711071645,2018-09-24-05-00-26
1.0,113.34514772411087,23.17140365558809,2018-09-24-05-00-26
1.0,113.34290183620001,23.171657452138327,2018-09-24-05-00-26
1.0,113.3434009101725,23.171656580094403,2018-09-24-05-00-26
1.0,113.34764324028943,23.171649340875927,2018-09-24-05-00-26
1.0,113.3414046245784,23.171909996588962,2018-09-24-05-00-26
1.0,113.35238579893785,23.16214530737746,2018-09-24-05-00-26
1.0,113.34939079461886,23.16289980984868,2018-09-24-05-00-26
1.0,113.35338401366637,23.164392887531427,2018-09-24-05-00-26
1.0,113.35113765214119,23.16539602851306,2018-09-24-05-00-26
1.0,113.35413273929689,23.165391353967422,2018-09-24-05-00-26
1.0,113.35363350730917,23.165891926556732,2018-09-24-05-00-26
1.0,113.35113748104695,23.16789507001794,2018-09-24-05-00-26
1.0,113.34988952753376,23.16889669469963,2018-09-24-05-00-26
1.0,113.35712783299059,23.168885554630688,2018-09-24-05-00-26
1.0,113.34814253433112,23.169149463880135,2018-09-24-05-00-26
1.0,113.34939036704232,23.16914741129064,2018-09-24-05-00-26
1.0,113.34963993798668,23.169147004600063,2018-09-24-05-00-26
1.0,113.35413248250146,23.16913991764092,2018-09-24-05-00-26
1.0,113.35438208392709,23.169139537590365,2018-09-24-05-00-26
1.0,113.35238528554547,23.169642428546258,2018-09-24-05-00-26
1.0,113.34939031572608,23.169897125057137,2018-09-24-05-00-26
1.0,113.35413243113783,23.169889631404907,2018-09-24-05-00-26
1.0,113.35513084721428,23.169888120314052,2018-09-24-05-00-26
1.0,113.34764332579111,23.170399816772516,2018-09-24-05-00-26
1.0,113.3458964214461,23.170652663209218,2018-09-24-05-00-26
1.0,113.34988940778274,23.17064602709062,2018-09-24-05-00-26
1.0,113.35587962630444,23.170636717275965,2018-09-24-05-00-26
1.0,113.34589640435213,23.170902567991426,2018-09-24-05-00-26
1.0,113.35138685737697,23.170893527512998,2018-09-24-05-00-26
1.0,113.35163644062298,23.1708931315529,2018-09-24-05-00-26
1.0,113.34639549115765,23.171151626501977,2018-09-24-05-00-26
1.0,113.34514772411087,23.17140365558809,2018-09-24-05-00-26
1.0,113.34764324028943,23.171649340875927,2018-09-24-05-00-26
1.0,113.35013891328981,23.171645242373746,2018-09-24-05-00-26
1.0,113.35138680603687,23.171643242089306,2018-09-24-05-00-26
1.0,113.35213556055766,23.171642058394042,2018-09-24-05-00-26
1.0,113.35737726740147,23.17163414515552,2018-09-24-05-00-26
1.0,113.32543645208757,23.171189969845106,2018-09-24-05-00-26
1.0,113.33791135120406,23.171416469760988,2018-09-24-05-00-26
1.0,113.33267169151976,23.17167606444826,2018-09-24-05-00-26
1.0,113.32793128434487,23.171934927028097,2018-09-24-05-00-26
1.0,113.33017671021436,23.171930667076648,2018-09-24-05-00-26
1.0,113.32743228816301,23.172185781833285,2018-09-24-05-00-26
1.0,113.32793126731936,23.17218483200748,2018-09-24-05-00-26
1.0,113.33366965974342,23.17217400842793,2018-09-24-05-00-26
1.0,113.32643431679192,23.17243758921967,2018-09-24-05-00-26
1.0,113.32693329334116,23.172436637615988,2018-09-24-05-00-26
1.0,113.32743227113934,23.17243568685174,2018-09-24-05-00-26
1.0,113.32768176054029,23.17243521181532,2018-09-24-05-00-26
1.0,113.32867972180253,23.172433314262847,2018-09-24-05-00-26
1.0,113.32992718261677,23.17243094908421,2018-09-24-05-00-26
1.0,113.32618481193336,23.172687970363096,2018-09-24-05-00-26
1.0,113.32643429977213,23.17268749427734,2018-09-24-05-00-26
1.0,113.32668378789631,23.172687018376713,2018-09-24-05-00-26
1.0,113.32768174351546,23.172685116872785,2018-09-24-05-00-26
1.0,113.32843021388354,23.172683693294594,2018-09-24-05-00-26
1.0,113.3344181343971,23.17267242470584,2018-09-24-05-00-26
1.0,113.32618479491443,23.172937875459912,2018-09-24-05-00-26
1.0,113.32718274803162,23.17293597227695,2018-09-24-05-00-26
1.0,113.32618477789532,23.173187780595878,2018-09-24-05-00-26
1.0,113.32818068933186,23.17318397778521,2018-09-24-05-00-26
1.0,113.32593527331235,23.1734381620297,2018-09-24-05-00-26
1.0,113.32618476087605,23.173437685771056,2018-09-24-05-00-26
1.0,113.32768169243994,23.17343483228,2018-09-24-05-00-26
1.0,113.32892912794868,23.173682366262696,2018-09-24-05-00-26
1.0,113.32668370278984,23.17393654425246,2018-09-24-05-00-26
1.0,113.32867961962684,23.17393274519424,2018-09-24-05-00-26
1.0,113.32643419764992,23.174186925446385,2018-09-24-05-00-26
1.0,113.32718266291421,23.1741854983486,2018-09-24-05-00-26
1.0,113.32867960259698,23.17418265048696,2018-09-24-05-00-26
1.0,113.32668366874609,23.174436354877983,2018-09-24-05-00-26
1.0,113.32718264589022,23.17443540368099,2018-09-24-05-00-26
1.0,113.33541603671675,23.174419910976155,2018-09-24-05-00-26
1.0,113.32593518821857,23.174687688495833,2018-09-24-05-00-26
1.0,113.32618467577718,23.174687212236982,2018-09-24-05-00-26
1.0,113.32718262886607,23.17468530905286,2018-09-24-05-00-26
1.0,113.32793108002772,23.17493378936613,2018-09-24-05-00-26
1.0,113.32843006062531,23.1749328405767,2018-09-24-05-00-26
1.0,113.32917853450004,23.174931419553843,2018-09-24-05-00-26
1.0,113.33666354703954,23.174917423216268,2018-09-24-05-00-26
1.0,113.32768157325792,23.17518416960692,2018-09-24-05-00-26
1.0,113.32818055310838,23.175183220286403,2018-09-24-05-00-26
1.0,113.33641401947915,23.17516778704315,2018-09-24-05-00-26
1.0,113.32693308906848,23.175435500899628,2018-09-24-05-00-26
1.0,113.3274320498166,23.175684455664676,2018-09-24-05-00-26
1.0,113.32793102894469,23.175683505837714,2018-09-24-05-00-26
1.0,113.33541595143005,23.175669438224535,2018-09-24-05-00-26
1.0,113.33791104401399,23.175914763952584,2018-09-24-05-00-26
1.0,113.33591493268801,23.17616832801357,2018-09-24-05-00-26
1.0,113.33766151215879,23.17616512436829,2018-09-24-05-00-26
1.0,113.33791100987843,23.17641457520863,2018-09-24-05-00-26
1.0,113.32818045093376,23.176682653825733,2018-09-24-05-00-26
1.0,113.33641391710822,23.176667220574245,2018-09-24-05-00-26
1.0,113.33791099281038,23.17666448089649,2018-09-24-05-00-26
1.0,113.32818043390408,23.17693255955518,2018-09-24-05-00-26
1.0,113.33217233620807,23.176925012413093,2018-09-24-05-00-26
1.0,113.3324218345774,23.176924544180853,2018-09-24-05-00-26
1.0,113.33791097574218,23.17691438662432,2018-09-24-05-00-26
1.0,113.33067534094488,23.177177736997617,2018-09-24-05-00-26
1.0,113.33766144389016,23.177164747199946,2018-09-24-05-00-26
1.0,113.33791094160527,23.177414198200083,2018-09-24-05-00-26
1.0,113.32668344744542,23.177685127812445,2018-09-24-05-00-26
1.0,113.33391878684121,23.177671462755498,2018-09-24-05-00-26
1.0,113.33766140975483,23.177664558855994,2018-09-24-05-00-26
1.0,113.33791092453656,23.177664104048127,2018-09-24-05-00-26
1.0,113.32693288477182,23.178434369899406,2018-09-24-05-00-26
1.0,113.32718237348384,23.178433894405178,2018-09-24-05-00-26
1.0,113.32768135189824,23.17843294409576,2018-09-24-05-00-26
1.0,113.32818033172246,23.17843199477417,2018-09-24-05-00-26
1.0,113.3311742462768,23.178426325126896,2018-09-24-05-00-26
1.0,113.3361642880014,23.178417020568606,2018-09-24-05-00-26
1.0,113.32693286774601,23.178684275910328,2018-09-24-05-00-26
1.0,113.32743184549368,23.17868332514401,2018-09-24-05-00-26
1.0,113.33591476207921,23.178667386298898,2018-09-24-05-00-26
1.0,113.3361642709388,23.17866692657799,2018-09-24-05-00-26
1.0,113.32693285072004,23.17893418196164,2018-09-24-05-00-26
1.0,113.32992673968155,23.17892849341695,2018-09-24-05-00-26
1.0,113.33167320488039,23.178925197549027,2018-09-24-05-00-26
1.0,113.33616425387602,23.178916832627767,2018-09-24-05-00-26
1.0,113.33217218278925,23.179174165779482,2018-09-24-05-00-26
1.0,113.33516620608579,23.179168581471945,2018-09-24-05-00-26
1.0,113.33691276827425,23.179165363595743,2018-09-24-05-00-26
1.0,113.33766130734486,23.179163994790176,2018-09-24-05-00-26
1.0,113.32718230537557,23.179433518691273,2018-09-24-05-00-26
1.0,113.32743179440921,23.179433043419102,2018-09-24-05-00-26
1.0,113.32768128378189,23.17943256838152,2018-09-24-05-00-26
1.0,113.33591471089332,23.179417104569747,2018-09-24-05-00-26
1.0,113.33641372941256,23.179416185793013,2018-09-24-05-00-26
1.0,113.32768126675239,23.17968247455422,2018-09-24-05-00-26
1.0,113.32793075647652,23.179681999763556,2018-09-24-05-00-26
1.0,113.33766127320686,23.179663807091682,2018-09-24-05-00-26
1.0,113.32568534350045,23.179936186944865,2018-09-24-05-00-26
1.0,113.32718227132044,23.179933331077436,2018-09-24-05-00-26
1.0,113.32743176035206,23.17993285580518,2018-09-24-05-00-26
1.0,113.33341962963395,23.179921548069853,2018-09-24-05-00-26
1.0,113.3344176398236,23.17991968856807,2018-09-24-05-00-26
1.0,113.3369127170757,23.179915082109265,2018-09-24-05-00-26
1.0,113.33716222923329,23.179914625122553,2018-09-24-05-00-26
1.0,113.32618430129274,23.180185140519242,2018-09-24-05-00-26
1.0,113.32643378910115,23.180184664432247,2018-09-24-05-00-26
1.0,113.33292061150145,23.180172387307113,2018-09-24-05-00-26
1.0,113.33766123906821,23.18016361955562,2018-09-24-05-00-26
1.0,113.33791075384032,23.180163164747334,2018-09-24-05-00-26
1.0,113.33242157885698,23.180673134944378,2018-09-24-05-00-26
1.0,113.3344175886528,23.180669407448804,2018-09-24-05-00-26
1.0,113.33791071969905,23.180662977374052,2018-09-24-05-00-26
1.0,113.34589640435213,23.170902567991426,2018-09-24-05-00-26
1.0,113.34240280102159,23.171158518382793,2018-09-24-05-00-26
1.0,113.34439910659705,23.171155038505315,2018-09-24-05-00-26
1.0,113.34639549115765,23.171151626501977,2018-09-24-05-00-26
1.0,113.33791135120406,23.171416469760988,2018-09-24-05-00-26
1.0,113.34315138968547,23.17140711071645,2018-09-24-05-00-26
1.0,113.34514772411087,23.17140365558809,2018-09-24-05-00-26
1.0,113.34290183620001,23.171657452138327,2018-09-24-05-00-26
1.0,113.3434009101725,23.171656580094403,2018-09-24-05-00-26
1.0,113.34764324028943,23.171649340875927,2018-09-24-05-00-26
1.0,113.3414046245784,23.171909996588962,2018-09-24-05-00-26
1.0,113.34789276689341,23.17214873530009,2018-09-24-05-00-26
1.0,113.33990741771817,23.17266238422415,2018-09-24-05-00-26
1.0,113.34040646544379,23.17266148984626,2018-09-24-05-00-26
1.0,113.3436503805804,23.172655765572035,2018-09-24-05-00-26
1.0,113.34315128717614,23.17290654069484,2018-09-24-05-00-26
1.0,113.34564671762224,23.172902232504793,2018-09-24-05-00-26
1.0,113.34664492542164,23.17290053990599,2018-09-24-05-00-26
1.0,113.34015690692475,23.173161746833845,2018-09-24-05-00-26
1.0,113.34165406882703,23.173159079579783,2018-09-24-05-00-26
1.0,113.34215313140386,23.17315819781311,2018-09-24-05-00-26
1.0,113.34489805834836,23.17315341887644,2018-09-24-05-00-26
1.0,113.34589625049894,23.173151712780278,2018-09-24-05-00-26
1.0,113.34689446361035,23.173150024773104,2018-09-24-05-00-26
1.0,113.33940832278896,23.173412997391104,2018-09-24-05-00-26
1.0,113.34265218137368,23.173407225036634,2018-09-24-05-00-26
1.0,113.3443989527911,23.173404183647417,2018-09-24-05-00-26
1.0,113.34489804125633,23.173403324048476,2018-09-24-05-00-26
1.0,113.34539713476003,23.173402468785625,2018-09-24-05-00-26
1.0,113.34564668343293,23.173402042809396,2018-09-24-05-00-26
1.0,113.34639533728689,23.173400771640992,2018-09-24-05-00-26
1.0,113.34439893570071,23.173654088858804,2018-09-24-05-00-26
1.0,113.34489802416412,23.173653229259774,2018-09-24-05-00-26
1.0,113.34664487412671,23.173650255421247,2018-09-24-05-00-26
1.0,113.34689442941179,23.173649835155757,2018-09-24-05-00-26
1.0,113.33865973037909,23.173914160645424,2018-09-24-05-00-26
1.0,113.34240261311552,23.173907473990734,2018-09-24-05-00-26
1.0,113.34389983508564,23.17390485795113,2018-09-24-05-00-26
1.0,113.3441493762371,23.173904425505864,2018-09-24-05-00-26
1.0,113.34464846221746,23.173903563773777,2018-09-24-05-00-26
1.0,113.34489800707176,23.17390313451039,2018-09-24-05-00-26
1.0,113.34564664924295,23.173901853271055,2018-09-24-05-00-26
1.0,113.34589619921154,23.173901428413718,2018-09-24-05-00-26
1.0,113.33865971330985,23.174164065936473,2018-09-24-05-00-26
1.0,113.33940827157315,23.17416271314581,2018-09-24-05-00-26
1.0,113.34115494231,23.174159585995593,2018-09-24-05-00-26
1.0,113.34215306307509,23.174157818738927,2018-09-24-05-00-26
1.0,113.34365027805502,23.174155196723756,2018-09-24-05-00-26
1.0,113.34389981799673,23.17415476324129,2018-09-24-05-00-26
1.0,113.3441493591473,23.174154330795982,2018-09-24-05-00-26
1.0,113.34539708347751,23.174152184537274,2018-09-24-05-00-26
1.0,113.3456466321477,23.174151758560914,2018-09-24-05-00-26
1.0,113.34639528599362,23.174150487392126,2018-09-24-05-00-26
1.0,113.34689439521256,23.17414964569567,2018-09-24-05-00-26
1.0,113.33541603671675,23.174419910976155,2018-09-24-05-00-26
1.0,113.33841017871258,23.174414423786715,2018-09-24-05-00-26
1.0,113.3399072982025,23.174411720709955,2018-09-24-05-00-26
1.0,113.34290164826992,23.174406408606153,2018-09-24-05-00-26
1.0,113.34315118466077,23.174405972082813,2018-09-24-05-00-26
1.0,113.34365026096687,23.174405102053385,2018-09-24-05-00-26
1.0,113.34489797288651,23.174402945129795,2018-09-24-05-00-26
1.0,113.345397066383,23.174402089866604,2018-09-24-05-00-26
1.0,113.346145716296,23.174400815305944,2018-09-24-05-00-26
1.0,113.3468943781127,23.174399551024745,2018-09-24-05-00-26
1.0,113.34714393475531,23.174399131935942,2018-09-24-05-00-26
1.0,113.33841016164396,23.17466432915671,2018-09-24-05-00-26
1.0,113.33940823742844,23.17466252384599,2018-09-24-05-00-26
1.0,113.34340070513474,23.17465544193044,2018-09-24-05-00-26
1.0,113.34365024387854,23.17465500742249,2018-09-24-05-00-26
1.0,113.34589614792262,23.1746511444015,2018-09-24-05-00-26
1.0,113.34639525179726,23.174650298089915,2018-09-24-05-00-26
1.0,113.33666354703954,23.174917423216268,2018-09-24-05-00-26
1.0,113.34290161409862,23.17490621938416,2018-09-24-05-00-26
1.0,113.34365022679006,23.174904912831135,2018-09-24-05-00-26
1.0,113.34389976672904,23.17490447934854,2018-09-24-05-00-26
1.0,113.34414930787685,23.174904046903105,2018-09-24-05-00-26
1.0,113.34464839384994,23.174903185170677,2018-09-24-05-00-26
1.0,113.3451474848109,23.174902327727587,2018-09-24-05-00-26
1.0,113.34564658086097,23.174901474667266,2018-09-24-05-00-26
1.0,113.34589613082598,23.17490104980976,2018-09-24-05-00-26
1.0,113.34614568210108,23.174900626082835,2018-09-24-05-00-26
1.0,113.34689434391245,23.17489936180138,2018-09-24-05-00-26
1.0,113.33641401947915,23.17516778704315,2018-09-24-05-00-26
1.0,113.33890916349364,23.175163235762287,2018-09-24-05-00-26
1.0,113.34140440254733,23.17515876434853,2018-09-24-05-00-26
1.0,113.3426520617824,23.175156562345983,2018-09-24-05-00-26
1.0,113.34365020970141,23.175154818279367,2018-09-24-05-00-26
1.0,113.3448979216074,23.175152661355135,2018-09-24-05-00-26
1.0,113.34539701509846,23.175151806091684,2018-09-24-05-00-26
1.0,113.34614566500338,23.175150531530637,2018-09-24-05-00-26
1.0,113.34639521760025,23.17515010894585,2018-09-24-05-00-26
1.0,113.33865962796114,23.17541359298419,2018-09-24-05-00-26
1.0,113.34290157992668,23.175406030320513,2018-09-24-05-00-26
1.0,113.34464835966517,23.175402996106435,2018-09-24-05-00-26
1.0,113.3451474506225,23.175402138663173,2018-09-24-05-00-26
1.0,113.33541595143005,23.175669438224535,2018-09-24-05-00-26
1.0,113.3404062605321,23.17566035357565,2018-09-24-05-00-26
1.0,113.34265202761196,23.17565637336176,2018-09-24-05-00-26
1.0,113.34489788742049,23.175652472370146,2018-09-24-05-00-26
1.0,113.34539698090794,23.175651617106524,2018-09-24-05-00-26
1.0,113.34589607953504,23.17565076627227,2018-09-24-05-00-26
1.0,113.33791104401399,23.175914763952584,2018-09-24-05-00-26
1.0,113.33816055970055,23.175914309895425,2018-09-24-05-00-26
1.0,113.33940815206375,23.175912051289224,2018-09-24-05-00-26
1.0,113.34165388093693,23.17590803864669,2018-09-24-05-00-26
1.0,113.34539696381242,23.17590152267354,2018-09-24-05-00-26
1.0,113.33591493268801,23.17616832801357,2018-09-24-05-00-26
1.0,113.33766151215879,23.17616512436829,2018-09-24-05-00-26
1.0,113.33940813499031,23.17616195689706,2018-09-24-05-00-26
1.0,113.33965765633964,23.176161507596206,2018-09-24-05-00-26
1.0,113.34065575176396,23.176159718862056,2018-09-24-05-00-26
1.0,113.3409052781918,23.17615927385583,2018-09-24-05-00-26
1.0,113.34464830838675,23.176152712807927,2018-09-24-05-00-26
1.0,113.34689425840891,23.176148889436696,2018-09-24-05-00-26
1.0,113.33791100987843,23.17641457520863,2018-09-24-05-00-26
1.0,113.33816052556307,23.176414121151385,2018-09-24-05-00-26
1.0,113.33990716160315,23.17641096477788,2018-09-24-05-00-26
1.0,113.34090526111252,23.176409179503278,2018-09-24-05-00-26
1.0,113.34689424130771,23.176398795083117,2018-09-24-05-00-26
1.0,113.34714379794325,23.17639837599397,2018-09-24-05-00-26
1.0,113.33641391710822,23.176667220574245,2018-09-24-05-00-26
1.0,113.33791099281038,23.17666448089649,2018-09-24-05-00-26
1.0,113.33816050849407,23.176664026839205,2018-09-24-05-00-26
1.0,113.33890906106494,23.17666266929086,2018-09-24-05-00-26
1.0,113.33990714452747,23.176660870465405,2018-09-24-05-00-26
1.0,113.34090524403308,23.176659085190636,2018-09-24-05-00-26
1.0,113.34514736514859,23.176651666697765,2018-09-24-05-00-26
1.0,113.34639511500515,23.176649542466762,2018-09-24-05-00-26
1.0,113.33791097574218,23.17691438662432,2018-09-24-05-00-26
1.0,113.33965760511548,23.176911224658962,2018-09-24-05-00-26
1.0,113.34040617514512,23.176909881813568,2018-09-24-05-00-26
1.0,113.33766144389016,23.177164747199946,2018-09-24-05-00-26
1.0,113.33816047435558,23.177163838334796,2018-09-24-05-00-26
1.0,113.33865950846591,23.177162932519717,2018-09-24-05-00-26
1.0,113.33890902692069,23.177162480786198,2018-09-24-05-00-26
1.0,113.34115473735241,23.17715845257377,2018-09-24-05-00-26
1.0,113.34564642699173,23.177150625129887,2018-09-24-05-00-26
1.0,113.34589597694867,23.17715020027199,2018-09-24-05-00-26
1.0,113.33791094160527,23.177414198200083,2018-09-24-05-00-26
1.0,113.33965757096519,23.17741103623414,2018-09-24-05-00-26
1.0,113.34140424881694,23.177407915176392,2018-09-24-05-00-26
1.0,113.33766140975483,23.177664558855994,2018-09-24-05-00-26
1.0,113.33791092453656,23.177664104048127,2018-09-24-05-00-26
1.0,113.3381604402164,23.177663649990674,2018-09-24-05-00-26
1.0,113.33915851217917,23.177661841506993,2018-09-24-05-00-26
2.0,113.34140423173496,23.177657821023846,2018-09-24-05-00-26
2.0,113.34165376135996,23.1776573787378,2018-09-24-05-00-26
1.0,113.34689415579915,23.177648323914962,2018-09-24-05-00-26
1.0,113.33890897570308,23.17791219832988,2018-09-24-05-00-26
1.0,113.34165374427688,23.17790728462539,2018-09-24-05-00-26
1.0,113.34240233976146,23.177905963398693,2018-09-24-05-00-26
1.0,113.34589592565321,23.177899917812102,2018-09-24-05-00-26
1.0,113.34639502950463,23.1778990714994,2018-09-24-05-00-26
1.0,113.34165372719362,23.178157190553218,2018-09-24-05-00-26
1.0,113.34190325791023,23.178156749197754,2018-09-24-05-00-26
1.0,113.34564635860104,23.178150248597273,2018-09-24-05-00-26
1.0,113.3361642880014,23.178417020568606,2018-09-24-05-00-26
1.0,113.33840990559462,23.17841291448092,2018-09-24-05-00-26
1.0,113.33865942310716,23.178412461960484,2018-09-24-05-00-26
1.0,113.34190324082587,23.178406655165823,2018-09-24-05-00-26
1.0,113.34539679284805,23.178400580541787,2018-09-24-05-00-26
1.0,113.34564634150296,23.1784001545647,2018-09-24-05-00-26
1.0,113.34664454922377,23.17839846196211,2018-09-24-05-00-26
1.0,113.33591476207921,23.178667386298898,2018-09-24-05-00-26
1.0,113.3361642709388,23.17866692657799,2018-09-24-05-00-26
1.0,113.33915844388353,23.17866146530067,2018-09-24-05-00-26
1.0,113.34215275556245,23.178656120761246,2018-09-24-05-00-26
1.0,113.34240228850281,23.178655681302704,2018-09-24-05-00-26
1.0,113.33616425387602,23.178916832627767,2018-09-24-05-00-26
1.0,113.33816035486556,23.178913179834467,2018-09-24-05-00-26
1.0,113.3386593889625,23.178912274018803,2018-09-24-05-00-26
1.0,113.33890890741058,23.178911822284984,2018-09-24-05-00-26
1.0,113.33940794717144,23.17891092122574,2018-09-24-05-00-26
1.0,113.33965746851032,23.178910471924418,2018-09-24-05-00-26
1.0,113.34215273847683,23.17890602681001,2018-09-24-05-00-26
1.0,113.34240227141625,23.178905587351426,2018-09-24-05-00-26
1.0,113.33516620608579,23.179168581471945,2018-09-24-05-00-26
1.0,113.33691276827425,23.179165363595743,2018-09-24-05-00-26
1.0,113.33766130734486,23.179163994790176,2018-09-24-05-00-26
1.0,113.3381603377949,23.17916308592435,2018-09-24-05-00-26
1.0,113.33840985438023,23.17916263262917,2018-09-24-05-00-26
1.0,113.3386593718899,23.179162180108605,2018-09-24-05-00-26
1.0,113.33915840973471,23.17916127743966,2018-09-24-05-00-26
1.0,113.33940793009599,23.179160827315414,2018-09-24-05-00-26
1.0,113.33965745143392,23.17916037801405,2018-09-24-05-00-26
1.0,113.34240225432953,23.179155493440597,2018-09-24-05-00-26
1.0,113.33591471089332,23.179417104569747,2018-09-24-05-00-26
1.0,113.33641372941256,23.179416185793013,2018-09-24-05-00-26
1.0,113.33840983730843,23.179412538759518,2018-09-24-05-00-26
1.0,113.33965743435736,23.17941028414419,2018-09-24-05-00-26
1.0,113.3426517713123,23.179404961077914,2018-09-24-05-00-26
1.0,113.33766127320686,23.179663807091682,2018-09-24-05-00-26
1.0,113.33890885618946,23.17966154067583,2018-09-24-05-00-26
1.0,113.34290128943802,23.17965442973387,2018-09-24-05-00-26
1.0,113.3369127170757,23.179915082109265,2018-09-24-05-00-26
1.0,113.33716222923329,23.179914625122553,2018-09-24-05-00-26
1.0,113.33816028658188,23.179912804437244,2018-09-24-05-00-26
1.0,113.33840980316434,23.179912351141933,2018-09-24-05-00-26
1.0,113.33915835851022,23.179910995952046,2018-09-24-05-00-26
1.0,113.33965740020373,23.179910096526186,2018-09-24-05-00-26
1.0,113.34290127234895,23.179904335944617,2018-09-24-05-00-26
1.0,113.34315080871951,23.179903899420342,2018-09-24-05-00-26
1.0,113.33766123906821,23.18016361955562,2018-09-24-05-00-26
1.0,113.33791075384032,23.180163164747334,2018-09-24-05-00-26
1.0,113.33816026951055,23.180162710689462,2018-09-24-05-00-26
1.0,113.34240218598097,23.18015511820283,2018-09-24-05-00-26
1.0,113.34315079162936,23.180153805671715,2018-09-24-05-00-26
1.0,113.34340032916957,23.180153370149213,2018-09-24-05-00-26
1.0,113.34364986789319,23.180152935640326,2018-09-24-05-00-26
1.0,113.33816025243904,23.180412616982395,2018-09-24-05-00-26
1.0,113.34340031207832,23.180403276441258,2018-09-24-05-00-26
1.0,113.34364985080101,23.180402841932327,2018-09-24-05-00-26
1.0,113.33791071969905,23.180662977374052,2018-09-24-05-00-26
1.0,113.33965734897203,23.18065981540428,2018-09-24-05-00-26
1.0,113.34364983370868,23.180652748265096,2018-09-24-05-00-26
1.0,113.3438993736266,23.18065231478152,2018-09-24-05-00-26
1.0,113.33865925237713,23.180911523874283,2018-09-24-05-00-26
1.0,113.34414889765907,23.18090178870861,2018-09-24-05-00-26
1.0,113.3458964214461,23.170652663209218,2018-09-24-05-00-26
1.0,113.34988940778274,23.17064602709062,2018-09-24-05-00-26
1.0,113.35587962630444,23.170636717275965,2018-09-24-05-00-26
1.0,113.34589640435213,23.170902567991426,2018-09-24-05-00-26
1.0,113.35138685737697,23.170893527512998,2018-09-24-05-00-26
1.0,113.35163644062298,23.1708931315529,2018-09-24-05-00-26
1.0,113.34639549115765,23.171151626501977,2018-09-24-05-00-26
1.0,113.34514772411087,23.17140365558809,2018-09-24-05-00-26
1.0,113.34764324028943,23.171649340875927,2018-09-24-05-00-26
1.0,113.35013891328981,23.171645242373746,2018-09-24-05-00-26
1.0,113.35138680603687,23.171643242089306,2018-09-24-05-00-26
1.0,113.35213556055766,23.171642058394042,2018-09-24-05-00-26
1.0,113.35737726740147,23.17163414515552,2018-09-24-05-00-26
1.0,113.34789276689341,23.17214873530009,2018-09-24-05-00-26
1.0,113.34889100723372,23.172396990700015,2018-09-24-05-00-26
1.0,113.34914057521166,23.172396581438445,2018-09-24-05-00-26
1.0,113.35013886196086,23.172394957300668,2018-09-24-05-00-26
1.0,113.34564671762224,23.172902232504793,2018-09-24-05-00-26
1.0,113.34664492542164,23.17290053990599,2018-09-24-05-00-26
1.0,113.35138672046669,23.172892767161564,2018-09-24-05-00-26
1.0,113.34489805834836,23.17315341887644,2018-09-24-05-00-26
1.0,113.34589625049894,23.173151712780278,2018-09-24-05-00-26
1.0,113.34689446361035,23.173150024773104,2018-09-24-05-00-26
1.0,113.34914052389148,23.17314629671731,2018-09-24-05-00-26
1.0,113.35138670335215,23.17314267229326,2018-09-24-05-00-26
1.0,113.34489804125633,23.173403324048476,2018-09-24-05-00-26
1.0,113.34539713476003,23.173402468785625,2018-09-24-05-00-26
1.0,113.34564668343293,23.173402042809396,2018-09-24-05-00-26
1.0,113.34639533728689,23.173400771640992,2018-09-24-05-00-26
1.0,113.35138668623745,23.17339257746417,2018-09-24-05-00-26
1.0,113.35163626947511,23.173392181503637,2018-09-24-05-00-26
1.0,113.34489802416412,23.173653229259774,2018-09-24-05-00-26
1.0,113.34664487412671,23.173650255421247,2018-09-24-05-00-26
1.0,113.34689442941179,23.173649835155757,2018-09-24-05-00-26
1.0,113.34864135518922,23.173646926891,2018-09-24-05-00-26
1.0,113.34464846221746,23.173903563773777,2018-09-24-05-00-26
1.0,113.34489800707176,23.17390313451039,2018-09-24-05-00-26
1.0,113.34564664924295,23.173901853271055,2018-09-24-05-00-26
1.0,113.34589619921154,23.173901428413718,2018-09-24-05-00-26
1.0,113.34539708347751,23.174152184537274,2018-09-24-05-00-26
1.0,113.3456466321477,23.174151758560914,2018-09-24-05-00-26
1.0,113.34639528599362,23.174150487392126,2018-09-24-05-00-26
1.0,113.34689439521256,23.17414964569567,2018-09-24-05-00-26
1.0,113.34489797288651,23.174402945129795,2018-09-24-05-00-26
1.0,113.345397066383,23.174402089866604,2018-09-24-05-00-26
1.0,113.346145716296,23.174400815305944,2018-09-24-05-00-26
1.0,113.3468943781127,23.174399551024745,2018-09-24-05-00-26
1.0,113.34714393475531,23.174399131935942,2018-09-24-05-00-26
1.0,113.34589614792262,23.1746511444015,2018-09-24-05-00-26
1.0,113.34639525179726,23.174650298089915,2018-09-24-05-00-26
1.0,113.34864128676553,23.174646548127324,2018-09-24-05-00-26
1.0,113.34889085327642,23.174646137597122,2018-09-24-05-00-26
1.0,113.34464839384994,23.174903185170677,2018-09-24-05-00-26
1.0,113.3451474848109,23.174902327727587,2018-09-24-05-00-26
1.0,113.34564658086097,23.174901474667266,2018-09-24-05-00-26
1.0,113.34589613082598,23.17490104980976,2018-09-24-05-00-26
1.0,113.34614568210108,23.174900626082835,2018-09-24-05-00-26
1.0,113.34689434391245,23.17489936180138,2018-09-24-05-00-26
1.0,113.3448979216074,23.175152661355135,2018-09-24-05-00-26
1.0,113.34539701509846,23.175151806091684,2018-09-24-05-00-26
1.0,113.34614566500338,23.175150531530637,2018-09-24-05-00-26
1.0,113.34639521760025,23.17515010894585,2018-09-24-05-00-26
1.0,113.3536328738593,23.175138402132486,2018-09-24-05-00-26
1.0,113.34464835966517,23.175402996106435,2018-09-24-05-00-26
1.0,113.3451474506225,23.175402138663173,2018-09-24-05-00-26
1.0,113.34489788742049,23.175652472370146,2018-09-24-05-00-26
1.0,113.34539698090794,23.175651617106524,2018-09-24-05-00-26
1.0,113.34589607953504,23.17565076627227,2018-09-24-05-00-26
1.0,113.34539696381242,23.17590152267354,2018-09-24-05-00-26
1.0,113.34464830838675,23.176152712807927,2018-09-24-05-00-26
1.0,113.34689425840891,23.176148889436696,2018-09-24-05-00-26
1.0,113.34689424130771,23.176398795083117,2018-09-24-05-00-26
1.0,113.34714379794325,23.17639837599397,2018-09-24-05-00-26
1.0,113.34514736514859,23.176651666697765,2018-09-24-05-00-26
1.0,113.34639511500515,23.176649542466762,2018-09-24-05-00-26
1.0,113.34864114991011,23.17664579250106,2018-09-24-05-00-26
1.0,113.34564642699173,23.177150625129887,2018-09-24-05-00-26
1.0,113.34589597694867,23.17715020027199,2018-09-24-05-00-26
1.0,113.34689415579915,23.177648323914962,2018-09-24-05-00-26
1.0,113.34814195280606,23.177646240466103,2018-09-24-05-00-26
1.0,113.34589592565321,23.177899917812102,2018-09-24-05-00-26
1.0,113.34639502950463,23.1778990714994,2018-09-24-05-00-26
1.0,113.34564635860104,23.178150248597273,2018-09-24-05-00-26
1.0,113.349389751148,23.17814399968199,2018-09-24-05-00-26
1.0,113.34539679284805,23.178400580541787,2018-09-24-05-00-26
1.0,113.34564634150296,23.1784001545647,2018-09-24-05-00-26
1.0,113.34664454922377,23.17839846196211,2018-09-24-05-00-26
1.0,113.34938958002766,23.18064306117159,2018-09-24-05-00-26
