count,wgs_lng,wgs_lat,time
1.0,113.33242408329887,23.143937313081434,2018-10-13-05-00-31
1.0,113.32743419375932,23.144196653665357,2018-10-13-05-00-31
1.0,113.32893113640219,23.144193807426536,2018-10-13-05-00-31
1.0,113.33242406627403,23.14418721404141,2018-10-13-05-00-31
1.0,113.33491906978844,23.144432461277447,2018-10-13-05-00-31
1.0,113.32568774189974,23.14469978678425,2018-10-13-05-00-31
1.0,113.3306775547327,23.144690303069957,2018-10-13-05-00-31
1.0,113.33566757272877,23.14468097740082,2018-10-13-05-00-31
1.0,113.33766366125242,23.144677313424157,2018-10-13-05-00-31
1.0,113.32693516472354,23.144947307499834,2018-10-13-05-00-31
1.0,113.33616657287986,23.14492995837511,2018-10-13-05-00-31
1.0,113.3366655932919,23.144929040952785,2018-10-13-05-00-31
1.0,113.32468976054315,23.145201495950754,2018-10-13-05-00-31
1.0,113.3301785319487,23.14519104810853,2018-10-13-05-00-31
1.0,113.33267349727478,23.145186350464247,2018-10-13-05-00-31
1.0,113.33591704684976,23.145180319181218,2018-10-13-05-00-31
1.0,113.32893105134528,23.145443312722165,2018-10-13-05-00-31
1.0,113.33092699881244,23.145439535487807,2018-10-13-05-00-31
1.0,113.33591702981033,23.145430220305077,2018-10-13-05-00-31
1.0,113.3254381867334,23.145699867783097,2018-10-13-05-00-31
1.0,113.3266856251804,23.145697486574623,2018-10-13-05-00-31
1.0,113.32718460255684,23.145696535387145,2018-10-13-05-00-31
1.0,113.33466947945384,23.14568242959176,2018-10-13-05-00-31
1.0,113.33566750457528,23.14568058183052,2018-10-13-05-00-31
1.0,113.3261866319981,23.14594833974374,2018-10-13-05-00-31
1.0,113.32793305408876,23.1459450114949,2018-10-13-05-00-31
1.0,113.33067746963908,23.145939808693903,2018-10-13-05-00-31
1.0,113.33267344619428,23.14593605393669,2018-10-13-05-00-31
1.0,113.33466946241896,23.145932330782006,2018-10-13-05-00-31
1.0,113.33591699573098,23.145930022652035,2018-10-13-05-00-31
1.0,113.3259371103227,23.146448618480818,2018-10-13-05-00-31
1.0,113.33017844686341,23.146440554063794,2018-10-13-05-00-31
1.0,113.33042794098212,23.146440082428107,2018-10-13-05-00-31
1.0,113.33092691371134,23.146689041608322,2018-10-13-05-00-31
1.0,113.33192489963089,23.14668716237702,2018-10-13-05-00-31
1.0,113.33367139782776,23.146683891786118,2018-10-13-05-00-31
1.0,113.3341704031711,23.146682962034046,2018-10-13-05-00-31
1.0,113.33616645359474,23.146679266705878,2018-10-13-05-00-31
1.0,113.33641596338451,23.14667880765566,2018-10-13-05-00-31
1.0,113.32668554016381,23.146946992864827,2018-10-13-05-00-31
1.0,113.33342187914182,23.146934258806255,2018-10-13-05-00-31
1.0,113.33192486558133,23.147186965057912,2018-10-13-05-00-31
1.0,113.33267336105675,23.147185560388355,2018-10-13-05-00-31
1.0,113.32718446651215,23.147695745851166,2018-10-13-05-00-31
1.0,113.33367132970028,23.14768349728057,2018-10-13-05-00-31
1.0,113.3354178438128,23.14793015475013,2018-10-13-05-00-31
1.0,113.33666538877485,23.147927856232307,2018-10-13-05-00-31
1.0,113.32493904310435,23.148199834721108,2018-10-13-05-00-31
1.0,113.33766342259517,23.14817593124963,2018-10-13-05-00-31
1.0,113.32493900910904,23.148699637807166,2018-10-13-05-00-31
1.0,113.32643591590838,23.148946680565636,2018-10-13-05-00-31
1.0,113.33591679124083,23.148928839536318,2018-10-13-05-00-31
1.0,113.32992876603973,23.14918994211137,2018-10-13-05-00-31
1.0,113.32992874902135,23.149439843771994,2018-10-13-05-00-31
1.0,113.32618635996002,23.149946763360497,2018-10-13-05-00-31
1.0,113.33167518099344,23.149936351360974,2018-10-13-05-00-31
1.0,113.33242367465652,23.149934945282435,2018-10-13-05-00-31
1.0,113.33192466126995,23.15018578396949,2018-10-13-05-00-31
1.0,113.33292265641161,23.150183912045982,2018-10-13-05-00-31
1.0,113.33666523537129,23.150176970864337,2018-10-13-05-00-31
1.0,113.3301781745625,23.150438978747808,2018-10-13-05-00-31
1.0,113.3366652183256,23.150426872660034,2018-10-13-05-00-31
1.0,113.33292262234946,23.15068371567282,2018-10-13-05-00-31
1.0,113.33541765637118,23.150679073010046,2018-10-13-05-00-31
1.0,113.32543782974192,23.15094779985238,2018-10-13-05-00-31
1.0,113.3299286469075,23.150939254450975,2018-10-13-05-00-31
1.0,113.32818218708658,23.151192469737392,2018-10-13-05-00-31
1.0,113.32992862988796,23.151189156350537,2018-10-13-05-00-31
1.0,113.33491860978421,23.151179800667716,2018-10-13-05-00-31
1.0,113.32918011779823,23.15169037837389,2018-10-13-05-00-31
1.0,113.32942961003099,23.151689905329242,2018-10-13-05-00-31
1.0,113.3271841773818,23.151944075256775,2018-10-13-05-00-31
1.0,113.32843162662901,23.151941701388242,2018-10-13-05-00-31
1.0,113.32868111760263,23.151941227417232,2018-10-13-05-00-31
1.0,113.32893060898222,23.151940753742636,2018-10-13-05-00-31
1.0,113.32918010078117,23.151940280376813,2018-10-13-05-00-31
1.0,113.33017807243867,23.151938390248432,2018-10-13-05-00-31
1.0,113.328930591966,23.152190655780128,2018-10-13-05-00-31
1.0,113.32942957599471,23.152189709369537,2018-10-13-05-00-31
1.0,113.33417002839367,23.152180798950635,2018-10-13-05-00-31
1.0,113.3356670615126,23.152178023701193,2018-10-13-05-00-31
2.0,113.3361660786454,23.152177103615113,2018-10-13-05-00-31
1.0,113.3246892676334,23.152448642226204,2018-10-13-05-00-31
1.0,113.33741361875903,23.152424717327,2018-10-13-05-00-31
1.0,113.32693463753776,23.15269425696389,2018-10-13-05-00-31
1.0,113.3279325948091,23.15269235638683,2018-10-13-05-00-31
1.0,113.32893055793308,23.15269045995891,2018-10-13-05-00-31
1.0,113.32918004972903,23.152689986592964,2018-10-13-05-00-31
1.0,113.33142549697378,23.152685742232805,2018-10-13-05-00-31
1.0,113.33516801341449,23.152678750527706,2018-10-13-05-00-31
1.0,113.33067699303791,23.15293705571464,2018-10-13-05-00-31
1.0,113.33217397183476,23.152934236923098,2018-10-13-05-00-31
1.0,113.32843154155634,23.153191211922493,2018-10-13-05-00-31
1.0,113.32917998165718,23.153689595367144,2018-10-13-05-00-31
1.0,113.33042743035296,23.153937135881197,2018-10-13-05-00-31
1.0,113.34040842795982,23.14392265089115,2018-10-13-05-00-31
1.0,113.3426541961069,23.14391867072573,2018-10-13-05-00-31
1.0,113.34639735362656,23.14391221740583,2018-10-13-05-00-31
1.0,113.33941031903194,23.144174343974036,2018-10-13-05-00-31
1.0,113.34040841090399,23.144172551849785,2018-10-13-05-00-31
1.0,113.33491906978844,23.144432461277447,2018-10-13-05-00-31
1.0,113.33566757272877,23.14468097740082,2018-10-13-05-00-31
1.0,113.33766366125242,23.144677313424157,2018-10-13-05-00-31
1.0,113.34040837679183,23.14467235386546,2018-10-13-05-00-31
1.0,113.34365229328176,23.144666629653074,2018-10-13-05-00-31
1.0,113.34415137458963,23.144665763735375,2018-10-13-05-00-31
1.0,113.34490000574294,23.144664472754922,2018-10-13-05-00-31
1.0,113.34514955196252,23.144664044580576,2018-10-13-05-00-31
1.0,113.33616657287986,23.14492995837511,2018-10-13-05-00-31
1.0,113.3366655932919,23.144929040952785,2018-10-13-05-00-31
1.0,113.33891122785501,23.14492494809514,2018-10-13-05-00-31
1.0,113.34015883526011,23.144922701677384,2018-10-13-05-00-31
1.0,113.34440089999804,23.144915233400482,2018-10-13-05-00-31
1.0,113.33591704684976,23.145180319181218,2018-10-13-05-00-31
1.0,113.33591702981033,23.145430220305077,2018-10-13-05-00-31
1.0,113.33466947945384,23.14568242959176,2018-10-13-05-00-31
1.0,113.33566750457528,23.14568058183052,2018-10-13-05-00-31
1.0,113.34165594661475,23.145669737820747,2018-10-13-05-00-31
1.0,113.33466946241896,23.145932330782006,2018-10-13-05-00-31
1.0,113.33591699573098,23.145930022652035,2018-10-13-05-00-31
1.0,113.33941016555599,23.14642345408516,2018-10-13-05-00-31
1.0,113.33616645359474,23.146679266705878,2018-10-13-05-00-31
1.0,113.33641596338451,23.14667880765566,2018-10-13-05-00-31
1.0,113.33791303978181,23.146676068008116,2018-10-13-05-00-31
1.0,113.33816252148226,23.147175416634674,2018-10-13-05-00-31
1.0,113.34440074635023,23.147164344398167,2018-10-13-05-00-31
1.0,113.33866153877096,23.147424412219173,2018-10-13-05-00-31
1.0,113.3458980104525,23.147411680118147,2018-10-13-05-00-31
1.0,113.3354178438128,23.14793015475013,2018-10-13-05-00-31
1.0,113.33666538877485,23.147927856232307,2018-10-13-05-00-31
1.0,113.34190532388295,23.147918408371098,2018-10-13-05-00-31
1.0,113.33766342259517,23.14817593124963,2018-10-13-05-00-31
1.0,113.33941001206651,23.14867256689262,2018-10-13-05-00-31
1.0,113.33591679124083,23.148928839536318,2018-10-13-05-00-31
1.0,113.34115663229113,23.14941914464714,2018-10-13-05-00-31
1.0,113.34664653189925,23.149409624705825,2018-10-13-05-00-31
1.0,113.3391604233711,23.149672623580347,2018-10-13-05-00-31
1.0,113.33990898773402,23.14967127570322,2018-10-13-05-00-31
1.0,113.34090707058535,23.149919392173487,2018-10-13-05-00-31
1.0,113.33666523537129,23.150176970864337,2018-10-13-05-00-31
1.0,113.3366652183256,23.150426872660034,2018-10-13-05-00-31
1.0,113.33965941412356,23.150421429447924,2018-10-13-05-00-31
1.0,113.33541765637118,23.150679073010046,2018-10-13-05-00-31
1.0,113.34140605855931,23.150918112114564,2018-10-13-05-00-31
1.0,113.3446500339313,23.150912438438475,2018-10-13-05-00-31
1.0,113.33491860978421,23.151179800667716,2018-10-13-05-00-31
1.0,113.34315275590106,23.15141483993297,2018-10-13-05-00-31
1.0,113.34265364996871,23.151915517928664,2018-10-13-05-00-31
1.0,113.3356670615126,23.152178023701193,2018-10-13-05-00-31
2.0,113.3361660786454,23.152177103615113,2018-10-13-05-00-31
1.0,113.33741361875903,23.152424717327,2018-10-13-05-00-31
1.0,113.34739499707307,23.15240719002125,2018-10-13-05-00-31
1.0,113.33516801341449,23.152678750527706,2018-10-13-05-00-31
1.0,113.34315267054396,23.152664350108758,2018-10-13-05-00-31
1.0,113.34340220818531,23.152663914590946,2018-10-13-05-00-31
1.0,113.33940967093034,23.15367060521413,2018-10-13-05-00-31
1.0,113.34614781799507,23.143662739060304,2018-10-13-05-00-31
1.0,113.3533854336621,23.14365099434277,2018-10-13-05-00-31
1.0,113.34639735362656,23.14391221740583,2018-10-13-05-00-31
1.0,113.3566303048291,23.143896015006653,2018-10-13-05-00-31
1.0,113.35163827085535,23.144153528332875,2018-10-13-05-00-31
1.0,113.35563182886179,23.144147389733547,2018-10-13-05-00-31
1.0,113.34415137458963,23.144665763735375,2018-10-13-05-00-31
1.0,113.34490000574294,23.144664472754922,2018-10-13-05-00-31
1.0,113.34514955196252,23.144664044580576,2018-10-13-05-00-31
1.0,113.34440089999804,23.144915233400482,2018-10-13-05-00-31
1.0,113.35588137243623,23.145146623069117,2018-10-13-05-00-31
1.0,113.34939195709711,23.145906448310303,2018-10-13-05-00-31
1.0,113.34964152812118,23.145906041623775,2018-10-13-05-00-31
1.0,113.35363487614518,23.145899719322415,2018-10-13-05-00-31
1.0,113.34864318452746,23.14690728115367,2018-10-13-05-00-31
1.0,113.35138849946304,23.14690283698836,2018-10-13-05-00-31
1.0,113.34440074635023,23.147164344398167,2018-10-13-05-00-31
1.0,113.3501405892058,23.14715473860519,2018-10-13-05-00-31
1.0,113.3458980104525,23.147411680118147,2018-10-13-05-00-31
1.0,113.35638044783211,23.147394997450547,2018-10-13-05-00-31
1.0,113.34664653189925,23.149409624705825,2018-10-13-05-00-31
1.0,113.35588106442222,23.14964484834111,2018-10-13-05-00-31
1.0,113.34939168364252,23.149904871864337,2018-10-13-05-00-31
1.0,113.35438340180474,23.149896998231743,2018-10-13-05-00-31
1.0,113.34939164945767,23.150404675417246,2018-10-13-05-00-31
1.0,113.3446500339313,23.150912438438475,2018-10-13-05-00-31
1.0,113.34989075878178,23.150903667034253,2018-10-13-05-00-31
1.0,113.35038989122668,23.151152762111238,2018-10-13-05-00-31
1.0,113.34739499707307,23.15240719002125,2018-10-13-05-00-31
1.0,113.34939151271162,23.152403891000954,2018-10-13-05-00-31
1.0,113.347894100337,23.152656259942294,2018-10-13-05-00-31
1.0,113.34839315796283,23.15365504141175,2018-10-13-05-00-31
1.0,113.33067699303791,23.15293705571464,2018-10-13-05-00-31
1.0,113.33217397183476,23.152934236923098,2018-10-13-05-00-31
1.0,113.32843154155634,23.153191211922493,2018-10-13-05-00-31
1.0,113.32917998165718,23.153689595367144,2018-10-13-05-00-31
1.0,113.33042743035296,23.153937135881197,2018-10-13-05-00-31
1.0,113.32942943984297,23.15418892691845,2018-10-13-05-00-31
1.0,113.3304274133294,23.15418703819666,2018-10-13-05-00-31
1.0,113.33217386965312,23.154433650499996,2018-10-13-05-00-31
1.0,113.33441937873654,23.154429454810916,2018-10-13-05-00-31
1.0,113.33741348235377,23.15442393514392,2018-10-13-05-00-31
1.0,113.33292233279421,23.154932052076827,2018-10-13-05-00-31
1.0,113.33666489442608,23.155175013338155,2018-10-13-05-00-31
1.0,113.32543752369084,23.155446039360264,2018-10-13-05-00-31
1.0,113.32967883038503,23.155687868837983,2018-10-13-05-00-31
1.0,113.33242328295083,23.155682694549697,2018-10-13-05-00-31
1.0,113.33491828600462,23.15592794333531,2018-10-13-05-00-31
1.0,113.32518798577918,23.156196223748243,2018-10-13-05-00-31
1.0,113.32693439940145,23.156192890130765,2018-10-13-05-00-31
1.0,113.33067677171438,23.156185786731704,2018-10-13-05-00-31
1.0,113.33491826896191,23.15617784593182,2018-10-13-05-00-31
1.0,113.3351677748182,23.15617738367539,2018-10-13-05-00-31
1.0,113.33541728142734,23.15617692203546,2018-10-13-05-00-31
1.0,113.32493848209678,23.156446603205133,2018-10-13-05-00-31
1.0,113.32668489390174,23.15644326846453,2018-10-13-05-00-31
1.0,113.33192423554416,23.156433339267398,2018-10-13-05-00-31
1.0,113.33466874680335,23.156428211424537,2018-10-13-05-00-31
1.0,113.33541726438253,23.156426824667363,2018-10-13-05-00-31
1.0,113.3256869257948,23.156695075786665,2018-10-13-05-00-31
1.0,113.3266848768916,23.15669317113342,2018-10-13-05-00-31
1.0,113.33067673766212,23.156685592032627,2018-10-13-05-00-31
1.0,113.33516774073034,23.156677188974815,2018-10-13-05-00-31
1.0,113.33616577180861,23.15667534623591,2018-10-13-05-00-31
1.0,113.3274332922642,23.157441452893927,2018-10-13-05-00-31
1.0,113.32743325823637,23.157941258552622,2018-10-13-05-00-31
1.0,113.33616568656656,23.157924860107364,2018-10-13-05-00-31
1.0,113.3286806921725,23.15818878885864,2018-10-13-05-00-31
1.0,113.3324231126165,23.158181721765345,2018-10-13-05-00-31
1.0,113.33142510531728,23.15843350036615,2018-10-13-05-00-31
1.0,113.33616565246857,23.158424665906608,2018-10-13-05-00-31
1.0,113.32493832906329,23.158695728513514,2018-10-13-05-00-31
1.0,113.32518779872709,23.158945154681273,2018-10-13-05-00-31
1.0,113.32543728561386,23.1589446779809,2018-10-13-05-00-31
1.0,113.32493829505401,23.159195534532515,2018-10-13-05-00-31
1.0,113.32618573070884,23.159193151770648,2018-10-13-05-00-31
1.0,113.33217354603832,23.159181801883534,2018-10-13-05-00-31
1.0,113.32518776471545,23.15944496077242,2018-10-13-05-00-31
1.0,113.32543725160019,23.15944448407196,2018-10-13-05-00-31
1.0,113.32668468976907,23.159442102852122,2018-10-13-05-00-31
1.0,113.33042705579626,23.159434994998993,2018-10-13-05-00-31
1.0,113.3316744998286,23.15993244903375,2018-10-13-05-00-31
4.0,113.33516751914301,23.1599259269106,2018-10-13-05-00-31
1.0,113.33367047788167,23.160178612442895,2018-10-13-05-00-31
1.0,113.33441898678035,23.16017721865317,2018-10-13-05-00-31
1.0,113.33466849115503,23.160176755199796,2018-10-13-05-00-31
1.0,113.32693411019207,23.16044123976712,2018-10-13-05-00-31
1.0,113.32768257753655,23.16043981397241,2018-10-13-05-00-31
1.0,113.33217346086653,23.16043131755848,2018-10-13-05-00-31
1.0,113.32693409317825,23.160691143012013,2018-10-13-05-00-31
1.0,113.32718358196199,23.160690667520722,2018-10-13-05-00-31
1.0,113.32793205032048,23.160689242429655,2018-10-13-05-00-31
1.0,113.33441895269303,23.160677025104047,2018-10-13-05-00-31
1.0,113.32843101401285,23.160938196926068,2018-10-13-05-00-31
1.0,113.32992794896913,23.161185261101856,2018-10-13-05-00-31
1.0,113.33591595599005,23.161174060104557,2018-10-13-05-00-31
1.0,113.33267237315688,23.161679898165996,2018-10-13-05-00-31
1.0,113.33242285708374,23.161930269341084,2018-10-13-05-00-31
1.0,113.33491787693377,23.161925615555184,2018-10-13-05-00-31
1.0,113.33466835479389,23.16217598188011,2018-10-13-05-00-31
1.0,113.33541687230559,23.162174595120053,2018-10-13-05-00-31
1.0,113.32543701348594,23.162943130788257,2018-10-13-05-00-31
1.0,113.32568650058833,23.162942654222906,2018-10-13-05-00-31
1.0,113.32643496342035,23.16294122546454,2018-10-13-05-00-31
1.0,113.33940967093034,23.15367060521413,2018-10-13-05-00-31
1.0,113.33741348235377,23.15442393514392,2018-10-13-05-00-31
1.0,113.34664617313368,23.154657567451945,2018-10-13-05-00-31
1.0,113.34714528519858,23.15465672810433,2018-10-13-05-00-31
1.0,113.34714526811089,23.154906630522227,2018-10-13-05-00-31
1.0,113.33666489442608,23.155175013338155,2018-10-13-05-00-31
1.0,113.34689569431235,23.1551569520608,2018-10-13-05-00-31
1.0,113.33791242594295,23.155672537071307,2018-10-13-05-00-31
1.0,113.33491828600462,23.15592794333531,2018-10-13-05-00-31
1.0,113.33791240888877,23.155922439631897,2018-10-13-05-00-31
1.0,113.33491826896191,23.15617784593182,2018-10-13-05-00-31
1.0,113.3351677748182,23.15617738367539,2018-10-13-05-00-31
1.0,113.33541728142734,23.15617692203546,2018-10-13-05-00-31
1.0,113.33940950033718,23.156169629584493,2018-10-13-05-00-31
1.0,113.33466874680335,23.156428211424537,2018-10-13-05-00-31
1.0,113.33541726438253,23.156426824667363,2018-10-13-05-00-31
1.0,113.34464965821557,23.15641028819705,2018-10-13-05-00-31
1.0,113.33516774073034,23.156677188974815,2018-10-13-05-00-31
1.0,113.33616577180861,23.15667534623591,2018-10-13-05-00-31
1.0,113.34664600226698,23.15715659322228,2018-10-13-05-00-31
1.0,113.33616568656656,23.157924860107364,2018-10-13-05-00-31
1.0,113.33965890233068,23.157918499453434,2018-10-13-05-00-31
1.0,113.33616565246857,23.158424665906608,2018-10-13-05-00-31
1.0,113.34439997790797,23.158409940856625,2018-10-13-05-00-31
1.0,113.34439996082763,23.15865984380879,2018-10-13-05-00-31
1.0,113.34464950449035,23.15865941347567,2018-10-13-05-00-31
4.0,113.33516751914301,23.1599259269106,2018-10-13-05-00-31
1.0,113.33466849115503,23.160176755199796,2018-10-13-05-00-31
1.0,113.34215401943435,23.160163181598215,2018-10-13-05-00-31
1.0,113.33940921029048,23.16041797918542,2018-10-13-05-00-31
1.0,113.33591595599005,23.161174060104557,2018-10-13-05-00-31
1.0,113.34065675908987,23.161415354353178,2018-10-13-05-00-31
1.0,113.33491787693377,23.161925615555184,2018-10-13-05-00-31
1.0,113.33466835479389,23.16217598188011,2018-10-13-05-00-31
1.0,113.33541687230559,23.162174595120053,2018-10-13-05-00-31
1.0,113.34340152514116,23.16266002780541,2018-10-13-05-00-31
1.0,113.347894100337,23.152656259942294,2018-10-13-05-00-31
1.0,113.34839315796283,23.15365504141175,2018-10-13-05-00-31
1.0,113.34789398071061,23.154405575641402,2018-10-13-05-00-31
1.0,113.34664617313368,23.154657567451945,2018-10-13-05-00-31
1.0,113.34714528519858,23.15465672810433,2018-10-13-05-00-31
1.0,113.34714526811089,23.154906630522227,2018-10-13-05-00-31
1.0,113.34789394653014,23.154905380441786,2018-10-13-05-00-31
1.0,113.35563109302278,23.154893162597876,2018-10-13-05-00-31
1.0,113.34689569431235,23.1551569520608,2018-10-13-05-00-31
1.0,113.34839305541196,23.15515445560216,2018-10-13-05-00-31
1.0,113.34464965821557,23.15641028819705,2018-10-13-05-00-31
1.0,113.34664600226698,23.15715659322228,2018-10-13-05-00-31
1.0,113.34439997790797,23.158409940856625,2018-10-13-05-00-31
1.0,113.34439996082763,23.15865984380879,2018-10-13-05-00-31
1.0,113.34464950449035,23.15865941347567,2018-10-13-05-00-31
1.0,113.35163724479327,23.159147647749062,2018-10-13-05-00-31
1.0,113.3523859015982,23.160645887166144,2018-10-13-05-00-31
1.0,113.35113787453864,23.16214728015773,2018-10-13-05-00-31
1.0,113.33242285708374,23.161930269341084,2018-10-13-05-00-31
1.0,113.33491787693377,23.161925615555184,2018-10-13-05-00-31
1.0,113.33466835479389,23.16217598188011,2018-10-13-05-00-31
1.0,113.33541687230559,23.162174595120053,2018-10-13-05-00-31
1.0,113.32543701348594,23.162943130788257,2018-10-13-05-00-31
1.0,113.32568650058833,23.162942654222906,2018-10-13-05-00-31
1.0,113.32643496342035,23.16294122546454,2018-10-13-05-00-31
1.0,113.32568648357791,23.16319255783523,2018-10-13-05-00-31
1.0,113.3271834118046,23.163189701984415,2018-10-13-05-00-31
1.0,113.32743290090386,23.163189226714934,2018-10-13-05-00-31
1.0,113.3251874755897,23.16369331843764,2018-10-13-05-00-31
1.0,113.3271833777711,23.163689509319692,2018-10-13-05-00-31
1.0,113.33367023929772,23.163677260680046,2018-10-13-05-00-31
1.0,113.32693385496736,23.164189792295385,2018-10-13-05-00-31
1.0,113.32718334373698,23.164189316803515,2018-10-13-05-00-31
1.0,113.3274328328322,23.164188841533868,2018-10-13-05-00-31
1.0,113.3276823052471,23.164438270296483,2018-10-13-05-00-31
1.0,113.33367018816834,23.164426971958385,2018-10-13-05-00-31
1.0,113.33466820137487,23.16442511471245,2018-10-13-05-00-31
1.0,113.32743279879537,23.164688649166592,2018-10-13-05-00-31
1.0,113.32768228822759,23.164688174131452,2018-10-13-05-00-31
1.0,113.32793177801224,23.164687699343272,2018-10-13-05-00-31
1.0,113.33491768941084,23.164674555684147,2018-10-13-05-00-31
1.0,113.3354167018098,23.16467363178495,2018-10-13-05-00-31
1.0,113.32793176099156,23.164937603215552,2018-10-13-05-00-31
1.0,113.33516717818435,23.16492399729738,2018-10-13-05-00-31
1.0,113.33117514931116,23.165181362975392,2018-10-13-05-00-31
1.0,113.32693371883221,23.16618902372522,2018-10-13-05-00-31
1.0,113.3346680820396,23.166174442335482,2018-10-13-05-00-31
1.0,113.33566610684055,23.166172594560535,2018-10-13-05-00-31
1.0,113.33716315062932,23.166419746465678,2018-10-13-05-00-31
1.0,113.33466803089341,23.166924154738098,2018-10-13-05-00-31
1.0,113.33441850949714,23.16717452240247,2018-10-13-05-00-31
1.0,113.33466801384435,23.16717405894792,2018-10-13-05-00-31
1.0,113.33491751891793,23.167173596085398,2018-10-13-05-00-31
1.0,113.33566603862965,23.167172211172307,2018-10-13-05-00-31
1.0,113.32668414529806,23.167439020294097,2018-10-13-05-00-31
1.0,113.33516699062864,23.16767294236039,2018-10-13-05-00-31
1.0,113.33566598746972,23.16792192402893,2018-10-13-05-00-31
1.0,113.32568610930652,23.16869044677105,2018-10-13-05-00-31
1.0,113.33466791154646,23.16867348500478,2018-10-13-05-00-31
1.0,113.33591544441418,23.168671176855792,2018-10-13-05-00-31
1.0,113.32568605826327,23.169440160319343,2018-10-13-05-00-31
1.0,113.33217283046568,23.16967776230683,2018-10-13-05-00-31
1.0,113.33391933245845,23.169674495231863,2018-10-13-05-00-31
1.0,113.33791145358872,23.169917041175147,2018-10-13-05-00-31
1.0,113.33267177673899,23.17042654033216,2018-10-13-05-00-31
1.0,113.32518699927775,23.170690636937408,2018-10-13-05-00-31
1.0,113.33317067434037,23.171925035381893,2018-10-13-05-00-31
1.0,113.33491787693377,23.161925615555184,2018-10-13-05-00-31
1.0,113.33541687230559,23.162174595120053,2018-10-13-05-00-31
1.0,113.34340152514116,23.16266002780541,2018-10-13-05-00-31
1.0,113.34215383161947,23.16291211887553,2018-10-13-05-00-31
1.0,113.34290236571225,23.163910418078864,2018-10-13-05-00-31
1.0,113.34240327923658,23.164161197838087,2018-10-13-05-00-31
1.0,113.3386603788864,23.16441778826387,2018-10-13-05-00-31
1.0,113.33491768941084,23.164674555684147,2018-10-13-05-00-31
1.0,113.3354167018098,23.16467363178495,2018-10-13-05-00-31
1.0,113.33816132761741,23.164668597907873,2018-10-13-05-00-31
1.0,113.33516717818435,23.16492399729738,2018-10-13-05-00-31
1.0,113.33816131055626,23.16491850177845,2018-10-13-05-00-31
1.0,113.3399079469033,23.16491534541851,2018-10-13-05-00-31
1.0,113.33841077600894,23.165667760321945,2018-10-13-05-00-31
1.0,113.33965837332003,23.165665505718202,2018-10-13-05-00-31
1.0,113.33566610684055,23.166172594560535,2018-10-13-05-00-31
1.0,113.33816122524804,23.166168021693583,2018-10-13-05-00-31
1.0,113.33716315062932,23.166419746465678,2018-10-13-05-00-31
1.0,113.33491751891793,23.167173596085398,2018-10-13-05-00-31
1.0,113.33566603862965,23.167172211172307,2018-10-13-05-00-31
1.0,113.33516699062864,23.16767294236039,2018-10-13-05-00-31
1.0,113.34115538630213,23.16766206109415,2018-10-13-05-00-31
1.0,113.33566598746972,23.16792192402893,2018-10-13-05-00-31
1.0,113.3419039582249,23.167910638575496,2018-10-13-05-00-31
1.0,113.33591544441418,23.168671176855792,2018-10-13-05-00-31
1.0,113.34689475427109,23.168901642809136,2018-10-13-05-00-31
1.0,113.34040670447698,23.169162822605077,2018-10-13-05-00-31
1.0,113.34240293766783,23.169159280891716,2018-10-13-05-00-31
1.0,113.34040667033139,23.169662631747393,2018-10-13-05-00-31
1.0,113.34639559373063,23.169652198156644,2018-10-13-05-00-31
1.0,113.33791145358872,23.169917041175147,2018-10-13-05-00-31
1.0,113.34514782665795,23.16990422700963,2018-10-13-05-00-31
1.0,113.34614602401996,23.169902525368315,2018-10-13-05-00-31
1.0,113.34639557663556,23.169902102784427,2018-10-13-05-00-31
1.0,113.34240286934605,23.17015889932879,2018-10-13-05-00-31
1.0,113.34265240344999,23.170158460838007,2018-10-13-05-00-31
1.0,113.34614600692561,23.17015243003464,2018-10-13-05-00-31
1.0,113.34639555954031,23.17015200745071,2018-10-13-05-00-31
1.0,113.33816093516886,23.17041639649293,2018-10-13-05-00-31
1.0,113.33841045178775,23.170415943199217,2018-10-13-05-00-31
1.0,113.34090567096904,23.17041145485596,2018-10-13-05-00-31
1.0,113.34564687146585,23.170653088065997,2018-10-13-05-00-31
1.0,113.34614597273641,23.170652239483026,2018-10-13-05-00-31
1.0,113.34489821216914,23.17090427408604,2018-10-13-05-00-31
1.0,113.34090561974224,23.1711611692052,2018-10-13-05-00-31
1.0,113.34190373620437,23.171159398251774,2018-10-13-05-00-31
1.0,113.34140465873452,23.171410186751473,2018-10-13-05-00-31
1.0,113.34514772411087,23.17140365558809,2018-10-13-05-00-31
1.0,113.34140464165655,23.171660091650775,2018-10-13-05-00-31
1.0,113.3434009101725,23.171656580094403,2018-10-13-05-00-31
1.0,113.33990746893664,23.171912669174976,2018-10-13-05-00-31
1.0,113.34340089308695,23.171906485032252,2018-10-13-05-00-31
1.0,113.34365043184084,23.171906050524772,2018-10-13-05-00-31
1.0,113.35113787453864,23.16214728015773,2018-10-13-05-00-31
1.0,113.35438239209151,23.164641262201926,2018-10-13-05-00-31
1.0,113.35088807202618,23.165396427221857,2018-10-13-05-00-31
1.0,113.35213597129602,23.165644351462145,2018-10-13-05-00-31
1.0,113.35313431630927,23.16589269706437,2018-10-13-05-00-31
1.0,113.35388305398007,23.166641255795618,2018-10-13-05-00-31
1.0,113.35013922123183,23.16714696010994,2018-10-13-05-00-31
1.0,113.34689475427109,23.168901642809136,2018-10-13-05-00-31
1.0,113.35413249962232,23.168890013129673,2018-10-13-05-00-31
1.0,113.34639559373063,23.169652198156644,2018-10-13-05-00-31
1.0,113.34514782665795,23.16990422700963,2018-10-13-05-00-31
1.0,113.34614602401996,23.169902525368315,2018-10-13-05-00-31
1.0,113.34639557663556,23.169902102784427,2018-10-13-05-00-31
1.0,113.35138692582808,23.169893908619766,2018-10-13-05-00-31
1.0,113.34614600692561,23.17015243003464,2018-10-13-05-00-31
1.0,113.34639555954031,23.17015200745071,2018-10-13-05-00-31
1.0,113.34864159465099,23.170148257495118,2018-10-13-05-00-31
1.0,113.35438201543872,23.170139156019108,2018-10-13-05-00-31
1.0,113.34789288660306,23.170399401283806,2018-10-13-05-00-31
1.0,113.35563003149925,23.17038718335545,2018-10-13-05-00-31
1.0,113.34564687146585,23.170653088065997,2018-10-13-05-00-31
1.0,113.34614597273641,23.170652239483026,2018-10-13-05-00-31
1.0,113.35163645773684,23.170643226771695,2018-10-13-05-00-31
1.0,113.35587962630444,23.170636717275965,2018-10-13-05-00-31
1.0,113.34489821216914,23.17090427408604,2018-10-13-05-00-31
1.0,113.3488910927597,23.17114746601524,2018-10-13-05-00-31
1.0,113.35238518284888,23.171141856885324,2018-10-13-05-00-31
1.0,113.34514772411087,23.17140365558809,2018-10-13-05-00-31
1.0,113.35238516573219,23.171391761743898,2018-10-13-05-00-31
1.0,113.347892801097,23.171648925387,2018-10-13-05-00-31
1.0,113.35013891328981,23.171645242373746,2018-10-13-05-00-31
1.0,113.35188597411664,23.17164245156031,2018-10-13-05-00-31
1.0,113.35213556055766,23.171642058394042,2018-10-13-05-00-31
1.0,113.33317067434037,23.171925035381893,2018-10-13-05-00-31
1.0,113.3269333103628,23.17218673259745,2018-10-13-05-00-31
1.0,113.33616471451221,23.17216938330509,2018-10-13-05-00-31
1.0,113.33566568047863,23.17242020841495,2018-10-13-05-00-31
1.0,113.33591518856989,23.17241974804195,2018-10-13-05-00-31
1.0,113.32593532436664,23.172688446621617,2018-10-13-05-00-31
1.0,113.32643429977213,23.17268749427734,2018-10-13-05-00-31
1.0,113.32768174351546,23.172685116872785,2018-10-13-05-00-31
1.0,113.32843021388354,23.172683693294594,2018-10-13-05-00-31
1.0,113.33267162334137,23.172675684440737,2018-10-13-05-00-31
1.0,113.33591517151227,23.172669653098044,2018-10-13-05-00-31
1.0,113.32643428275217,23.172937399374113,2018-10-13-05-00-31
1.0,113.32668377087535,23.172936923473443,2018-10-13-05-00-31
1.0,113.32768172649045,23.17293502196935,2018-10-13-05-00-31
1.0,113.33666368353117,23.172918181041588,2018-10-13-05-00-31
1.0,113.32768170946528,23.17318492710507,2018-10-13-05-00-31
1.0,113.32892916200959,23.173182555873986,2018-10-13-05-00-31
1.0,113.32967763846231,23.173181136741714,2018-10-13-05-00-31
1.0,113.33491710966682,23.17317130861681,2018-10-13-05-00-31
1.0,113.32743220304303,23.173435307316588,2018-10-13-05-00-31
1.0,113.32917863669181,23.173431987679326,2018-10-13-05-00-31
1.0,113.32942812883726,23.173431514631073,2018-10-13-05-00-31
1.0,113.3349170926126,23.173421213790537,2018-10-13-05-00-31
1.0,113.32892912794868,23.173682366262696,2018-10-13-05-00-31
1.0,113.33167356279134,23.1736771788994,2018-10-13-05-00-31
1.0,113.32643421467071,23.173937020153293,2018-10-13-05-00-31
1.0,113.32743216899388,23.173935117784374,2018-10-13-05-00-31
1.0,113.32668368576805,23.17418644954551,2018-10-13-05-00-31
1.0,113.32718266291421,23.1741854983486,2018-10-13-05-00-31
1.0,113.33766164868803,23.174165880614684,2018-10-13-05-00-31
1.0,113.32768162433693,23.174434453372896,2018-10-13-05-00-31
1.0,113.32917856856464,23.17443160877123,2018-10-13-05-00-31
1.0,113.33516653017892,23.17442037261914,2018-10-13-05-00-31
1.0,113.33766163162247,23.174415785945328,2018-10-13-05-00-31
1.0,113.3269331231156,23.174935689957916,2018-10-13-05-00-31
1.0,113.32892904279349,23.174931892923475,2018-10-13-05-00-31
1.0,113.3301765057887,23.174929529410207,2018-10-13-05-00-31
1.0,113.33716257054789,23.174916508542662,2018-10-13-05-00-31
1.0,113.32643412956513,23.175186547013542,2018-10-13-05-00-31
1.0,113.32917851746751,23.175181325004505,2018-10-13-05-00-31
1.0,113.32643411254351,23.1754364525043,2018-10-13-05-00-31
1.0,113.32818053607969,23.17543312577687,2018-10-13-05-00-31
1.0,113.3351664619538,23.175419994338725,2018-10-13-05-00-31
1.0,113.32593512014053,23.175687310380024,2018-10-13-05-00-31
1.0,113.32668358363377,23.17568588213363,2018-10-13-05-00-31
1.0,113.32693307204467,23.17568540643,2018-10-13-05-00-31
1.0,113.32793102894469,23.175683505837714,2018-10-13-05-00-31
1.0,113.3259351031206,23.175937215950313,2018-10-13-05-00-31
1.0,113.32942795850428,23.175930568545894,2018-10-13-05-00-31
1.0,113.33691299011726,23.175916587564085,2018-10-13-05-00-31
1.0,113.33791104401399,23.175914763952584,2018-10-13-05-00-31
1.0,113.332421885717,23.176174827114455,2018-10-13-05-00-31
1.0,113.32593505205983,23.17668693290021,2018-10-13-05-00-31
1.0,113.32818045093376,23.176682653825733,2018-10-13-05-00-31
1.0,113.32793094380297,23.17693303408607,2018-10-13-05-00-31
1.0,113.33192280434217,23.177425292692305,2018-10-13-05-00-31
1.0,113.33741189585807,23.17766501440215,2018-10-13-05-00-31
1.0,113.33666334228202,23.177916291237434,2018-10-13-05-00-31
1.0,113.337162348701,23.17816528249141,2018-10-13-05-00-31
1.0,113.32718237348384,23.178433894405178,2018-10-13-05-00-31
1.0,113.33142374234691,23.17842585509151,2018-10-13-05-00-31
1.0,113.33591477914085,23.178417480289472,2018-10-13-05-00-31
1.0,113.33167322192543,23.1786752914985,2018-10-13-05-00-31
1.0,113.32743182846569,23.178933231195245,2018-10-13-05-00-31
1.0,113.3301762331838,23.17892802140532,2018-10-13-05-00-31
1.0,113.33641376354053,23.17891637357215,2018-10-13-05-00-31
1.0,113.3369127853401,23.178915457505646,2018-10-13-05-00-31
1.0,113.33192268502222,23.179174634481296,2018-10-13-05-00-31
1.0,113.32743179440921,23.179433043419102,2018-10-13-05-00-31
1.0,113.33691275120823,23.179415269726345,2018-10-13-05-00-31
1.0,113.33716226336774,23.17941481273972,2018-10-13-05-00-31
2.0,113.33766129027595,23.179413900920654,2018-10-13-05-00-31
1.0,113.32768126675239,23.17968247455422,2018-10-13-05-00-31
1.0,113.33167315374425,23.179674915943508,2018-10-13-05-00-31
1.0,113.33441765688019,23.179669782355887,2018-10-13-05-00-31
1.0,113.33466716117833,23.179669318899258,2018-10-13-05-00-31
1.0,113.33341962963395,23.179921548069853,2018-10-13-05-00-31
1.0,113.3336691311581,23.179921082367674,2018-10-13-05-00-31
1.0,113.33391863335557,23.17992061720847,2018-10-13-05-00-31
1.0,113.33466714412076,23.179919225111394,2018-10-13-05-00-31
1.0,113.3336691141043,23.180170988620645,2018-10-13-05-00-31
1.0,113.33716219509814,23.18041443766804,2018-10-13-05-00-31
1.0,113.33791073676977,23.180413071040313,2018-10-13-05-00-31
1.0,113.33691266587564,23.180664800988744,2018-10-13-05-00-31
1.0,113.33791071969905,23.180662977374052,2018-10-13-05-00-31
1.0,113.34489821216914,23.17090427408604,2018-10-13-05-00-31
1.0,113.34090561974224,23.1711611692052,2018-10-13-05-00-31
1.0,113.34190373620437,23.171159398251774,2018-10-13-05-00-31
1.0,113.34140465873452,23.171410186751473,2018-10-13-05-00-31
1.0,113.34514772411087,23.17140365558809,2018-10-13-05-00-31
1.0,113.34140464165655,23.171660091650775,2018-10-13-05-00-31
1.0,113.3434009101725,23.171656580094403,2018-10-13-05-00-31
1.0,113.347892801097,23.171648925387,2018-10-13-05-00-31
1.0,113.33990746893664,23.171912669174976,2018-10-13-05-00-31
1.0,113.34340089308695,23.171906485032252,2018-10-13-05-00-31
1.0,113.34365043184084,23.171906050524772,2018-10-13-05-00-31
1.0,113.34789278399529,23.17189883032408,2018-10-13-05-00-31
1.0,113.33616471451221,23.17216938330509,2018-10-13-05-00-31
1.0,113.34340087600121,23.17215639000904,2018-10-13-05-00-31
1.0,113.33566568047863,23.17242020841495,2018-10-13-05-00-31
1.0,113.33591518856989,23.17241974804195,2018-10-13-05-00-31
1.0,113.33591517151227,23.172669653098044,2018-10-13-05-00-31
1.0,113.34539718604105,23.17265275338735,2018-10-13-05-00-31
1.0,113.33666368353117,23.172918181041588,2018-10-13-05-00-31
1.0,113.34789271558675,23.172898450462306,2018-10-13-05-00-31
1.0,113.33491710966682,23.17317130861681,2018-10-13-05-00-31
1.0,113.34389988635132,23.173155142316663,2018-10-13-05-00-31
1.0,113.34514760446498,23.173152990697208,2018-10-13-05-00-31
1.0,113.34639535438431,23.173150866469214,2018-10-13-05-00-31
1.0,113.3478926984842,23.173148355594613,2018-10-13-05-00-31
1.0,113.3349170926126,23.173421213790537,2018-10-13-05-00-31
1.0,113.33915880240578,23.17341344751438,2018-10-13-05-00-31
1.0,113.34739356117613,23.17339909295586,2018-10-13-05-00-31
1.0,113.34789268138148,23.173398260766135,2018-10-13-05-00-31
1.0,113.34240263019873,23.173657568739692,2018-10-13-05-00-31
1.0,113.34464847930893,23.17365365852312,2018-10-13-05-00-31
1.0,113.34489802416412,23.173653229259774,2018-10-13-05-00-31
1.0,113.34564666633801,23.173651948020566,2018-10-13-05-00-31
1.0,113.34589621630751,23.173651523163272,2018-10-13-05-00-31
1.0,113.33816069624385,23.173915066459404,2018-10-13-05-00-31
1.0,113.34240261311552,23.173907473990734,2018-10-13-05-00-31
1.0,113.34290168244053,23.173906597986065,2018-10-13-05-00-31
1.0,113.3441493762371,23.173904425505864,2018-10-13-05-00-31
1.0,113.34714396895664,23.173899321317307,2018-10-13-05-00-31
1.0,113.3473935269737,23.173898903416916,2018-10-13-05-00-31
1.0,113.33766164868803,23.174165880614684,2018-10-13-05-00-31
1.0,113.34240259603216,23.17415737928115,2018-10-13-05-00-31
1.0,113.33516653017892,23.17442037261914,2018-10-13-05-00-31
1.0,113.33766163162247,23.174415785945328,2018-10-13-05-00-31
1.0,113.3399072982025,23.174411720709955,2018-10-13-05-00-31
1.0,113.34365026096687,23.174405102053385,2018-10-13-05-00-31
1.0,113.34564661505229,23.1744016638902,2018-10-13-05-00-31
1.0,113.346145716296,23.174400815305944,2018-10-13-05-00-31
1.0,113.34664482283026,23.174399971290367,2018-10-13-05-00-31
1.0,113.34789261296892,23.174397881845387,2018-10-13-05-00-31
1.0,113.33965775878347,23.174662074545385,2018-10-13-05-00-31
1.0,113.34439886733749,23.17465371009806,2018-10-13-05-00-31
1.0,113.33716257054789,23.174916508542662,2018-10-13-05-00-31
1.0,113.33915869997838,23.174912879378883,2018-10-13-05-00-31
1.0,113.33990726405366,23.174911531488977,2018-10-13-05-00-31
1.0,113.34265207886737,23.17490665689758,2018-10-13-05-00-31
1.0,113.34365022679006,23.174904912831135,2018-10-13-05-00-31
1.0,113.34439885024626,23.174903615506576,2018-10-13-05-00-31
1.0,113.34539703219347,23.174901900643754,2018-10-13-05-00-31
1.0,113.34564658086097,23.174901474667266,2018-10-13-05-00-31
1.0,113.34614568210108,23.174900626082835,2018-10-13-05-00-31
1.0,113.34664478863179,23.174899782067087,2018-10-13-05-00-31
1.0,113.34090534650724,23.17515965166409,2018-10-13-05-00-31
1.0,113.34115487399349,23.175159207552902,2018-10-13-05-00-31
1.0,113.34414929078638,23.17515395235125,2018-10-13-05-00-31
1.0,113.34539701509846,23.175151806091684,2018-10-13-05-00-31
1.0,113.34564656376506,23.175151380115157,2018-10-13-05-00-31
1.0,113.34714388345205,23.17514884816012,2018-10-13-05-00-31
1.0,113.3351664619538,23.175419994338725,2018-10-13-05-00-31
1.0,113.33890914642261,23.17541314125096,2018-10-13-05-00-31
1.0,113.34065580299797,23.175410002158525,2018-10-13-05-00-31
1.0,113.34090532942864,23.175409557152424,2018-10-13-05-00-31
1.0,113.34464835966517,23.175402996106435,2018-10-13-05-00-31
1.0,113.3451474506225,23.175402138663173,2018-10-13-05-00-31
1.0,113.34539699800328,23.175401711579255,2018-10-13-05-00-31
1.0,113.34564654666897,23.175401285602682,2018-10-13-05-00-31
1.0,113.33990721282916,23.175661247954555,2018-10-13-05-00-31
1.0,113.34065578592015,23.1756599076866,2018-10-13-05-00-31
1.0,113.34489788742049,23.175652472370146,2018-10-13-05-00-31
1.0,113.33691299011726,23.175916587564085,2018-10-13-05-00-31
1.0,113.33791104401399,23.175914763952584,2018-10-13-05-00-31
1.0,113.33841007629836,23.175913856600786,2018-10-13-05-00-31
1.0,113.34489787032678,23.17590237793725,2018-10-13-05-00-31
1.0,113.34739339015728,23.175898146840336,2018-10-13-05-00-31
1.0,113.3381605426319,23.176164215503473,2018-10-13-05-00-31
1.0,113.3389090952085,23.17616285795538,2018-10-13-05-00-31
1.0,113.34564649537974,23.17615100230366,2018-10-13-05-00-31
1.0,113.34639514920418,23.176149731133837,2018-10-13-05-00-31
1.0,113.33915859754495,23.176412312668546,2018-10-13-05-00-31
1.0,113.34090526111252,23.176409179503278,2018-10-13-05-00-31
1.0,113.34115478859407,23.17640873539188,2018-10-13-05-00-31
1.0,113.34489783613884,23.17640218919092,2018-10-13-05-00-31
1.0,113.34764291534485,23.176397541392127,2018-10-13-05-00-31
1.0,113.33816050849407,23.176664026839205,2018-10-13-05-00-31
1.0,113.33865954260824,23.176663121024298,2018-10-13-05-00-31
1.0,113.33890906106494,23.17666266929086,2018-10-13-05-00-31
1.0,113.33990714452747,23.176660870465405,2018-10-13-05-00-31
1.0,113.3401566678673,23.176660422846314,2018-10-13-05-00-31
1.0,113.34090524403308,23.176659085190636,2018-10-13-05-00-31
1.0,113.34614556241364,23.176649965051812,2018-10-13-05-00-31
1.0,113.33915856339914,23.176912124083813,2018-10-13-05-00-31
1.0,113.33990712745164,23.176910776192894,2018-10-13-05-00-31
1.0,113.34065570052844,23.17690943592431,2018-10-13-05-00-31
1.0,113.33865950846591,23.177162932519717,2018-10-13-05-00-31
1.0,113.34539687833232,23.177151051106758,2018-10-13-05-00-31
1.0,113.3394080496206,23.17741148553521,2018-10-13-05-00-31
1.0,113.34639506370534,23.177399259766023,2018-10-13-05-00-31
1.0,113.34664461762941,23.17739883833459,2018-10-13-05-00-31
1.0,113.33741189585807,23.17766501440215,2018-10-13-05-00-31
1.0,113.3396575538898,23.17766094208189,2018-10-13-05-00-31
1.0,113.33990707622311,23.177660493615694,2018-10-13-05-00-31
1.0,113.33666334228202,23.177916291237434,2018-10-13-05-00-31
1.0,113.33965753681423,23.17791084796982,2018-10-13-05-00-31
1.0,113.34215280681832,23.177906402857108,2018-10-13-05-00-31
1.0,113.34539682704226,23.177900768647127,2018-10-13-05-00-31
1.0,113.337162348701,23.17816528249141,2018-10-13-05-00-31
1.0,113.34040608975396,23.178159411051958,2018-10-13-05-00-31
1.0,113.3421527897332,23.17815630878485,2018-10-13-05-00-31
1.0,113.34240232267541,23.178155869326392,2018-10-13-05-00-31
1.0,113.33591477914085,23.178417480289472,2018-10-13-05-00-31
1.0,113.34664454922377,23.17839846196211,2018-10-13-05-00-31
1.0,113.34664453212193,23.178648367969714,2018-10-13-05-00-31
1.0,113.33641376354053,23.17891637357215,2018-10-13-05-00-31
1.0,113.3369127853401,23.178915457505646,2018-10-13-05-00-31
1.0,113.3386593889625,23.178912274018803,2018-10-13-05-00-31
1.0,113.3381603377949,23.17916308592435,2018-10-13-05-00-31
1.0,113.33915840973471,23.17916127743966,2018-10-13-05-00-31
1.0,113.33691275120823,23.179415269726345,2018-10-13-05-00-31
1.0,113.33716226336774,23.17941481273972,2018-10-13-05-00-31
2.0,113.33766129027595,23.179413900920654,2018-10-13-05-00-31
1.0,113.34315082580952,23.179653993209637,2018-10-13-05-00-31
1.0,113.33816028658188,23.179912804437244,2018-10-13-05-00-31
1.0,113.33840980316434,23.179912351141933,2018-10-13-05-00-31
1.0,113.33890883911542,23.179911446887257,2018-10-13-05-00-31
1.0,113.33890882204122,23.180161353139347,2018-10-13-05-00-31
1.0,113.33716219509814,23.18041443766804,2018-10-13-05-00-31
1.0,113.33791073676977,23.180413071040313,2018-10-13-05-00-31
1.0,113.33865928652448,23.180411711166226,2018-10-13-05-00-31
1.0,113.33691266587564,23.180664800988744,2018-10-13-05-00-31
1.0,113.33791071969905,23.180662977374052,2018-10-13-05-00-31
1.0,113.33816021829553,23.180912429690622,2018-10-13-05-00-31
1.0,113.34315074035786,23.180903524670338,2018-10-13-05-00-31
1.0,113.34514707450599,23.180900069528985,2018-10-13-05-00-31
1.0,113.34564687146585,23.170653088065997,2018-10-13-05-00-31
1.0,113.34614597273641,23.170652239483026,2018-10-13-05-00-31
1.0,113.35163645773684,23.170643226771695,2018-10-13-05-00-31
1.0,113.35587962630444,23.170636717275965,2018-10-13-05-00-31
1.0,113.34489821216914,23.17090427408604,2018-10-13-05-00-31
1.0,113.3488910927597,23.17114746601524,2018-10-13-05-00-31
1.0,113.35238518284888,23.171141856885324,2018-10-13-05-00-31
1.0,113.34514772411087,23.17140365558809,2018-10-13-05-00-31
1.0,113.35238516573219,23.171391761743898,2018-10-13-05-00-31
1.0,113.35762690924842,23.171383880686815,2018-10-13-05-00-31
1.0,113.347892801097,23.171648925387,2018-10-13-05-00-31
1.0,113.35013891328981,23.171645242373746,2018-10-13-05-00-31
1.0,113.35188597411664,23.17164245156031,2018-10-13-05-00-31
1.0,113.35213556055766,23.171642058394042,2018-10-13-05-00-31
1.0,113.34789278399529,23.17189883032408,2018-10-13-05-00-31
1.0,113.34988932224127,23.17189555138596,2018-10-13-05-00-31
1.0,113.34539718604105,23.17265275338735,2018-10-13-05-00-31
1.0,113.34789271558675,23.172898450462306,2018-10-13-05-00-31
1.0,113.3493901104461,23.172895983603123,2018-10-13-05-00-31
1.0,113.34514760446498,23.173152990697208,2018-10-13-05-00-31
1.0,113.34639535438431,23.173150866469214,2018-10-13-05-00-31
1.0,113.3478926984842,23.173148355594613,2018-10-13-05-00-31
1.0,113.34739356117613,23.17339909295586,2018-10-13-05-00-31
1.0,113.34789268138148,23.173398260766135,2018-10-13-05-00-31
1.0,113.35138668623745,23.17339257746417,2018-10-13-05-00-31
1.0,113.34464847930893,23.17365365852312,2018-10-13-05-00-31
1.0,113.34489802416412,23.173653229259774,2018-10-13-05-00-31
1.0,113.34564666633801,23.173651948020566,2018-10-13-05-00-31
1.0,113.34589621630751,23.173651523163272,2018-10-13-05-00-31
1.0,113.35063792884868,23.17364367879393,2018-10-13-05-00-31
1.0,113.34714396895664,23.173899321317307,2018-10-13-05-00-31
1.0,113.3473935269737,23.173898903416916,2018-10-13-05-00-31
1.0,113.34564661505229,23.1744016638902,2018-10-13-05-00-31
1.0,113.346145716296,23.174400815305944,2018-10-13-05-00-31
1.0,113.34664482283026,23.174399971290367,2018-10-13-05-00-31
1.0,113.34789261296892,23.174397881845387,2018-10-13-05-00-31
1.0,113.35338332891833,23.17438907043292,2018-10-13-05-00-31
1.0,113.34539703219347,23.174901900643754,2018-10-13-05-00-31
1.0,113.34564658086097,23.174901474667266,2018-10-13-05-00-31
1.0,113.34614568210108,23.174900626082835,2018-10-13-05-00-31
1.0,113.34664478863179,23.174899782067087,2018-10-13-05-00-31
1.0,113.34539701509846,23.175151806091684,2018-10-13-05-00-31
1.0,113.34564656376506,23.175151380115157,2018-10-13-05-00-31
1.0,113.34714388345205,23.17514884816012,2018-10-13-05-00-31
1.0,113.34464835966517,23.175402996106435,2018-10-13-05-00-31
1.0,113.3451474506225,23.175402138663173,2018-10-13-05-00-31
1.0,113.34539699800328,23.175401711579255,2018-10-13-05-00-31
1.0,113.34564654666897,23.175401285602682,2018-10-13-05-00-31
1.0,113.34489788742049,23.175652472370146,2018-10-13-05-00-31
1.0,113.34489787032678,23.17590237793725,2018-10-13-05-00-31
1.0,113.34739339015728,23.175898146840336,2018-10-13-05-00-31
1.0,113.34564649537974,23.17615100230366,2018-10-13-05-00-31
1.0,113.34639514920418,23.176149731133837,2018-10-13-05-00-31
1.0,113.34489783613884,23.17640218919092,2018-10-13-05-00-31
1.0,113.34764291534485,23.176397541392127,2018-10-13-05-00-31
1.0,113.34614556241364,23.176649965051812,2018-10-13-05-00-31
1.0,113.34539687833232,23.177151051106758,2018-10-13-05-00-31
1.0,113.34639506370534,23.177399259766023,2018-10-13-05-00-31
1.0,113.34664461762941,23.17739883833459,2018-10-13-05-00-31
1.0,113.34539682704226,23.177900768647127,2018-10-13-05-00-31
1.0,113.34664454922377,23.17839846196211,2018-10-13-05-00-31
1.0,113.34664453212193,23.178648367969714,2018-10-13-05-00-31
