count,wgs_lng,wgs_lat,time
1.0,113.32518881876672,23.143951037062667,2018-09-22-03-02-38
1.0,113.32543830571424,23.143950560364775,2018-09-22-03-02-38
1.0,113.33017861702983,23.143941542978407,2018-09-22-03-02-38
1.0,113.33042811115853,23.143941071343132,2018-09-22-03-02-38
1.0,113.33117659659607,23.143939658784046,2018-09-22-03-02-38
1.0,113.33292308213228,23.14393637808479,2018-09-22-03-02-38
1.0,113.33417059052954,23.143934049665283,2018-09-22-03-02-38
1.0,113.32468982851972,23.14420189177734,2018-09-22-03-02-38
1.0,113.32493931504284,23.144201414845107,2018-09-22-03-02-38
1.0,113.3256877758958,23.14419998476366,2018-09-22-03-02-38
1.0,113.32668572719483,23.14419808011868,2018-09-22-03-02-38
1.0,113.33017860001394,23.144191443938755,2018-09-22-03-02-38
1.0,113.33067758876898,23.14419050105102,2018-09-22-03-02-38
1.0,113.33466958165963,23.144183023143786,2018-09-22-03-02-38
1.0,113.32468981152583,23.144451792771385,2018-09-22-03-02-38
1.0,113.3261867340014,23.144448933089436,2018-09-22-03-02-38
1.0,113.3274341767543,23.14444655465895,2018-09-22-03-02-38
1.0,113.33067757175093,23.144440402044072,2018-09-22-03-02-38
1.0,113.32743415974912,23.144696455685374,2018-09-22-03-02-38
1.0,113.32943008646882,23.14469266303795,2018-09-22-03-02-38
1.0,113.33217453372656,23.14468748428664,2018-09-22-03-02-38
1.0,113.33292303105131,23.144686081062872,2018-09-22-03-02-38
1.0,113.33392103641103,23.14468421724082,2018-09-22-03-02-38
1.0,113.3349190527534,23.144682362302625,2018-09-22-03-02-38
1.0,113.33566757272877,23.14468097740082,2018-09-22-03-02-38
1.0,113.32743414274377,23.144946356744686,2018-09-22-03-02-38
1.0,113.33017854896526,23.14494114701672,2018-09-22-03-02-38
1.0,113.3321745167022,23.144937385345166,2018-09-22-03-02-38
1.0,113.33292301402398,23.144935982121275,2018-09-22-03-02-38
1.0,113.33741413018363,23.144927670022422,2018-09-22-03-02-38
1.0,113.32518873378628,23.145200542196932,2018-09-22-03-02-38
1.0,113.33616655583963,23.14517985946592,2018-09-22-03-02-38
1.0,113.33741411313856,23.145177571113024,2018-09-22-03-02-38
1.0,113.33092699881244,23.145439535487807,2018-09-22-03-02-38
1.0,113.33242398114729,23.145436719334132,2018-09-22-03-02-38
1.0,113.33317248032272,23.145435317591446,2018-09-22-03-02-38
1.0,113.33591702981033,23.145430220305077,2018-09-22-03-02-38
1.0,113.3254381867334,23.145699867783097,2018-09-22-03-02-38
1.0,113.33192496772801,23.14568755741492,2018-09-22-03-02-38
1.0,113.33242396412145,23.145686620491634,2018-09-22-03-02-38
1.0,113.33566750457528,23.14568058183052,2018-09-22-03-02-38
1.0,113.32693509670855,23.14594691206749,2018-09-22-03-02-38
1.0,113.33292294591301,23.14593558668495,2018-09-22-03-02-38
1.0,113.33491896757579,23.145931867923032,2018-09-22-03-02-38
1.0,113.33516847347214,23.145931405668318,2018-09-22-03-02-38
1.0,113.33591699573098,23.145930022652035,2018-09-22-03-02-38
1.0,113.32668559117427,23.146197288990955,2018-09-22-03-02-38
1.0,113.33092694775227,23.146189239060476,2018-09-22-03-02-38
1.0,113.32743404070818,23.146445763794496,2018-09-22-03-02-38
1.0,113.32868149189507,23.146443391227127,2018-09-22-03-02-38
1.0,113.33042794098212,23.146440082428107,2018-09-22-03-02-38
1.0,113.33092693073189,23.146439140317753,2018-09-22-03-02-38
1.0,113.33292291185651,23.146435389165607,2018-09-22-03-02-38
1.0,113.33367141485921,23.146433990496007,2018-09-22-03-02-38
1.0,113.33516843939798,23.146431208148226,2018-09-22-03-02-38
1.0,113.32468965857329,23.146700903202174,2018-09-22-03-02-38
1.0,113.32518863180427,23.146699949447857,2018-09-22-03-02-38
1.0,113.32668555716747,23.146697091540208,2018-09-22-03-02-38
1.0,113.32992893621447,23.14669092736077,2018-09-22-03-02-38
1.0,113.33042792396355,23.14668998371876,2018-09-22-03-02-38
1.0,113.33092691371134,23.146689041608322,2018-09-22-03-02-38
1.0,113.3339209001562,23.146683426632457,2018-09-22-03-02-38
1.0,113.33516842236064,23.146681109438088,2018-09-22-03-02-38
1.0,113.33641596338451,23.14667880765566,2018-09-22-03-02-38
1.0,113.32868145787181,23.146943193842354,2018-09-22-03-02-38
1.0,113.33192488260619,23.14693706370077,2018-09-22-03-02-38
1.0,113.33541791196839,23.146930549122906,2018-09-22-03-02-38
1.0,113.33591692757027,23.14692962774451,2018-09-22-03-02-38
1.0,113.33616643655334,23.146929168028915,2018-09-22-03-02-38
1.0,113.33766350783365,23.146926424133557,2018-09-22-03-02-38
1.0,113.32618654699077,23.147197846200793,2018-09-22-03-02-38
1.0,113.32693501168607,23.147196418523922,2018-09-22-03-02-38
1.0,113.33067738454132,23.14718931514723,2018-09-22-03-02-38
1.0,113.33242386196285,23.14718602813413,2018-09-22-03-02-38
1.0,113.33491888239398,23.147181374372817,2018-09-22-03-02-38
1.0,113.33541789492975,23.147180450479468,2018-09-22-03-02-38
1.0,113.33591691052968,23.147179529100985,2018-09-22-03-02-38
1.0,113.33067736752126,23.147439216538043,2018-09-22-03-02-38
1.0,113.33292284374154,23.147434994526844,2018-09-22-03-02-38
1.0,113.33691493430058,23.147427595668965,2018-09-22-03-02-38
1.0,113.33591687644798,23.14767933191438,2018-09-22-03-02-38
1.0,113.33741392563182,23.147926485300435,2018-09-22-03-02-38
1.0,113.32918035601942,23.14819175392675,2018-09-22-03-02-38
1.0,113.33042782184872,23.148189392164873,2018-09-22-03-02-38
1.0,113.3331722929966,23.14818423215347,2018-09-22-03-02-38
1.0,113.33666537173067,23.148177757722834,2018-09-22-03-02-38
1.0,113.32718441549264,23.148445450327532,2018-09-22-03-02-38
1.0,113.3294298312505,23.1484411824081,2018-09-22-03-02-38
1.0,113.32967932394243,23.148440709697482,2018-09-22-03-02-38
1.0,113.33092679456281,23.14843835157911,2018-09-22-03-02-38
1.0,113.3319247804545,23.148436472346642,2018-09-22-03-02-38
1.0,113.32618644497649,23.148697255053975,2018-09-22-03-02-38
1.0,113.3274338876436,23.148694876619974,2018-09-22-03-02-38
1.0,113.3359168082826,23.14867893794445,2018-09-22-03-02-38
1.0,113.33616631725887,23.14867847822856,2018-09-22-03-02-38
1.0,113.32967928990848,23.148940512849503,2018-09-22-03-02-38
1.0,113.33042777078906,23.148939096841893,2018-09-22-03-02-38
1.0,113.33441975356858,23.148931611120297,2018-09-22-03-02-38
1.0,113.32518846182096,23.14919896420632,2018-09-22-03-02-38
1.0,113.33017825966112,23.149189470104677,2018-09-22-03-02-38
1.0,113.33042775376883,23.149188998468528,2018-09-22-03-02-38
1.0,113.33117623914355,23.149187585906827,2018-09-22-03-02-38
1.0,113.32468947161301,23.14944981962296,2018-09-22-03-02-38
1.0,113.32493895811484,23.14944934268986,2018-09-22-03-02-38
1.0,113.32992874902135,23.149439843771994,2018-09-22-03-02-38
1.0,113.33042773674845,23.14943890012907,2018-09-22-03-02-38
1.0,113.3316752150447,23.14943654793835,2018-09-22-03-02-38
1.0,113.3271843304568,23.14969495846368,2018-09-22-03-02-38
1.0,113.32818228915927,23.1496930588517,2018-09-22-03-02-38
1.0,113.33092670945172,23.14968785971215,2018-09-22-03-02-38
1.0,113.33691478089132,23.14967670969179,2018-09-22-03-02-38
2.0,113.33716429316584,23.14967625271015,2018-09-22-03-02-38
1.0,113.32543789774594,23.149948192593623,2018-09-22-03-02-38
1.0,113.32593687230121,23.14994723961526,2018-09-22-03-02-38
9.0,113.33716427611857,23.149926154437555,2018-09-22-03-02-38
1.0,113.32568736789922,23.15019761779381,2018-09-22-03-02-38
1.0,113.32593685529842,23.150197141378605,2018-09-22-03-02-38
1.0,113.33167516396757,23.150186253123373,2018-09-22-03-02-38
1.0,113.33292265641161,23.150183912045982,2018-09-22-03-02-38
1.0,113.32518837682305,23.15044847285359,2018-09-22-03-02-38
1.0,113.32568735089728,23.150447519591335,2018-09-22-03-02-38
1.0,113.33067716326761,23.150438035857995,2018-09-22-03-02-38
1.0,113.33092665838306,23.150437564999773,2018-09-22-03-02-38
1.0,113.33367114233596,23.15043241517071,2018-09-22-03-02-38
1.0,113.33417011357744,23.15093128911224,2018-09-22-03-02-38
1.0,113.33491862682357,23.15092989876899,2018-09-22-03-02-38
1.0,113.33516813270037,23.15092943651344,2018-09-22-03-02-38
1.0,113.33566714672573,23.15092851386405,2018-09-22-03-02-38
1.0,113.33342158959553,23.151182586462053,2018-09-22-03-02-38
1.0,113.33441960023796,23.151180726979444,2018-09-22-03-02-38
1.0,113.33466910464794,23.15118026352757,2018-09-22-03-02-38
1.0,113.33491860978421,23.151179800667716,2018-09-22-03-02-38
1.0,113.33766321800577,23.15117475177727,2018-09-22-03-02-38
1.0,113.32893064301413,23.151440949771175,2018-09-22-03-02-38
1.0,113.32942962704887,23.151440003360833,2018-09-22-03-02-38
1.0,113.33516809861953,23.15142924034517,2018-09-22-03-02-38
1.0,113.33541760524723,23.15142877870603,2018-09-22-03-02-38
1.0,113.33691466156365,23.151426022501486,2018-09-22-03-02-38
1.0,113.32818215306104,23.151692273640215,2018-09-22-03-02-38
1.0,113.32942961003099,23.151689905329242,2018-09-22-03-02-38
1.0,113.32893060898222,23.151940753742636,2018-09-22-03-02-38
1.0,113.33267302046498,23.1521835946298,2018-09-22-03-02-38
1.0,113.32843159260044,23.152441505497972,2018-09-22-03-02-38
1.0,113.33092652219266,23.15243678060855,2018-09-22-03-02-38
1.0,113.33541753707962,23.152428386782727,2018-09-22-03-02-38
1.0,113.33566704446947,23.15242792577214,2018-09-22-03-02-38
1.0,113.33741361875903,23.152424717327,2018-09-22-03-02-38
1.0,113.32768310497607,23.152692831173024,2018-09-22-03-02-38
1.0,113.32818208500791,23.152691881859955,2018-09-22-03-02-38
1.0,113.33117600080104,23.152686212263912,2018-09-22-03-02-38
1.0,113.33516801341449,23.152678750527706,2018-09-22-03-02-38
1.0,113.33766311570206,23.152674163890335,2018-09-22-03-02-38
1.0,113.32743359848479,23.152943208347832,2018-09-22-03-02-38
2.0,113.32818206799422,23.152941784001484,2018-09-22-03-02-38
1.0,113.32693460352029,23.15319406128211,2018-09-22-03-02-38
1.0,113.3271840923343,23.15319358579206,2018-09-22-03-02-38
1.0,113.3309264711185,23.153186487031828,2018-09-22-03-02-38
1.0,113.32893050688244,23.15344016648743,2018-09-22-03-02-38
1.0,113.33042746439956,23.153437331355132,2018-09-22-03-02-38
1.0,113.33092645409346,23.153436389242458,2018-09-22-03-02-38
1.0,113.32693456950214,23.15369386573956,2018-09-22-03-02-38
1.0,113.32868099849269,23.153690542408143,2018-09-22-03-02-38
1.0,113.32893048986524,23.153690068733255,2018-09-22-03-02-38
1.0,113.3294294738819,23.153689122322167,2018-09-22-03-02-38
1.0,113.32992845968323,23.15368817724504,2018-09-22-03-02-38
1.0,113.33017795328662,23.1536877052376,2018-09-22-03-02-38
18.0,113.32843149051074,23.153940918660265,2018-09-22-03-02-38
1.0,113.32868098147631,23.15394044468892,2018-09-22-03-02-38
1.0,113.33017793626423,23.15393760751813,2018-09-22-03-02-38
1.0,113.33042743035296,23.153937135881197,2018-09-22-03-02-38
1.0,113.333920406143,23.153930578778013,2018-09-22-03-02-38
1.0,113.34165606604188,23.143920430421417,2018-09-22-03-02-38
1.0,113.33466958165963,23.144183023143786,2018-09-22-03-02-38
1.0,113.33990936296303,23.14417344621804,2018-09-22-03-02-38
1.0,113.34015888642578,23.14417299860444,2018-09-22-03-02-38
1.0,113.34040841090399,23.144172551849785,2018-09-22-03-02-38
1.0,113.34490003988834,23.14416467074078,2018-09-22-03-02-38
1.0,113.340408393848,23.1444224528412,2018-09-22-03-02-38
1.0,113.34240462777903,23.144418911161424,2018-09-22-03-02-38
1.0,113.3349190527534,23.144682362302625,2018-09-22-03-02-38
1.0,113.33566757272877,23.14468097740082,2018-09-22-03-02-38
1.0,113.33791317616105,23.144676858621835,2018-09-22-03-02-38
1.0,113.33916076443481,23.144674596108477,2018-09-22-03-02-38
1.0,113.34365229328176,23.144666629653074,2018-09-22-03-02-38
1.0,113.33741413018363,23.144927670022422,2018-09-22-03-02-38
1.0,113.33791315911424,23.1449267596794,2018-09-22-03-02-38
1.0,113.34015883526011,23.144922701677384,2018-09-22-03-02-38
1.0,113.33616655583963,23.14517985946592,2018-09-22-03-02-38
1.0,113.33741411313856,23.145177571113024,2018-09-22-03-02-38
1.0,113.3426541107841,23.14516817584537,2018-09-22-03-02-38
1.0,113.33591702981033,23.145430220305077,2018-09-22-03-02-38
1.0,113.34165596367627,23.1454198366648,2018-09-22-03-02-38
1.0,113.33566750457528,23.14568058183052,2018-09-22-03-02-38
1.0,113.33841214048917,23.1456755557084,2018-09-22-03-02-38
1.0,113.33965973818128,23.145673301121516,2018-09-22-03-02-38
1.0,113.33491896757579,23.145931867923032,2018-09-22-03-02-38
1.0,113.33516847347214,23.145931405668318,2018-09-22-03-02-38
1.0,113.33591699573098,23.145930022652035,2018-09-22-03-02-38
1.0,113.3396597211271,23.145923202310925,2018-09-22-03-02-38
1.0,113.33516843939798,23.146431208148226,2018-09-22-03-02-38
1.0,113.33791305682979,23.146426166718715,2018-09-22-03-02-38
1.0,113.33916064507011,23.146423904203882,2018-09-22-03-02-38
1.0,113.33516842236064,23.146681109438088,2018-09-22-03-02-38
1.0,113.33641596338451,23.14667880765566,2018-09-22-03-02-38
1.0,113.33541791196839,23.146930549122906,2018-09-22-03-02-38
1.0,113.33591692757027,23.14692962774451,2018-09-22-03-02-38
1.0,113.33616643655334,23.146929168028915,2018-09-22-03-02-38
1.0,113.33766350783365,23.146926424133557,2018-09-22-03-02-38
1.0,113.33491888239398,23.147181374372817,2018-09-22-03-02-38
1.0,113.33541789492975,23.147180450479468,2018-09-22-03-02-38
1.0,113.33591691052968,23.147179529100985,2018-09-22-03-02-38
1.0,113.33816252148226,23.147175416634674,2018-09-22-03-02-38
1.0,113.33691493430058,23.147427595668965,2018-09-22-03-02-38
1.0,113.33841202113983,23.147424864734393,2018-09-22-03-02-38
1.0,113.33591687644798,23.14767933191438,2018-09-22-03-02-38
1.0,113.33841200408925,23.147674766157426,2018-09-22-03-02-38
1.0,113.33866152171944,23.147674313642167,2018-09-22-03-02-38
1.0,113.34290347545786,23.14766675105836,2018-09-22-03-02-38
1.0,113.33741392563182,23.147926485300435,2018-09-22-03-02-38
1.0,113.34090720707309,23.147920179308752,2018-09-22-03-02-38
1.0,113.33666537173067,23.148177757722834,2018-09-22-03-02-38
1.0,113.33791293749036,23.14817547644672,2018-09-22-03-02-38
1.0,113.34190530681883,23.148168309860736,2018-09-22-03-02-38
1.0,113.3379129204412,23.148425377970717,2018-09-22-03-02-38
1.0,113.3359168082826,23.14867893794445,2018-09-22-03-02-38
1.0,113.33616631725887,23.14867847822856,2018-09-22-03-02-38
1.0,113.34015857940923,23.148671221520747,2018-09-22-03-02-38
1.0,113.33441975356858,23.148931611120297,2018-09-22-03-02-38
1.0,113.3394099950113,23.1489224684839,2018-09-22-03-02-38
1.0,113.3396595164641,23.14892201918764,2018-09-22-03-02-38
1.0,113.33965949940776,23.14917192081273,2018-09-22-03-02-38
1.0,113.33691478089132,23.14967670969179,2018-09-22-03-02-38
2.0,113.33716429316584,23.14967625271015,2018-09-22-03-02-38
1.0,113.34340241304636,23.14966509161336,2018-09-22-03-02-38
9.0,113.33716427611857,23.149926154437555,2018-09-22-03-02-38
44.0,113.34589783966106,23.149910695853144,2018-09-22-03-02-38
1.0,113.34090705352362,23.150169293934333,2018-09-22-03-02-38
1.0,113.34639692663059,23.150159751309985,2018-09-22-03-02-38
1.0,113.34539870669238,23.150411350232844,2018-09-22-03-02-38
1.0,113.33491862682357,23.15092989876899,2018-09-22-03-02-38
1.0,113.33516813270037,23.15092943651344,2018-09-22-03-02-38
1.0,113.33566714672573,23.15092851386405,2018-09-22-03-02-38
1.0,113.34215465102679,23.15091678807394,2018-09-22-03-02-38
1.0,113.33441960023796,23.151180726979444,2018-09-22-03-02-38
1.0,113.33466910464794,23.15118026352757,2018-09-22-03-02-38
1.0,113.33491860978421,23.151179800667716,2018-09-22-03-02-38
1.0,113.33766321800577,23.15117475177727,2018-09-22-03-02-38
1.0,113.33516809861953,23.15142924034517,2018-09-22-03-02-38
1.0,113.33541760524723,23.15142877870603,2018-09-22-03-02-38
1.0,113.33691466156365,23.151426022501486,2018-09-22-03-02-38
1.0,113.34340229354702,23.151414404415366,2018-09-22-03-02-38
1.0,113.34539863837696,23.151410957752155,2018-09-22-03-02-38
1.0,113.34589772009711,23.151660008891866,2018-09-22-03-02-38
1.0,113.33990881714864,23.152170294512825,2018-09-22-03-02-38
1.0,113.33541753707962,23.152428386782727,2018-09-22-03-02-38
1.0,113.33566704446947,23.15242792577214,2018-09-22-03-02-38
1.0,113.33741361875903,23.152424717327,2018-09-22-03-02-38
1.0,113.33516801341449,23.152678750527706,2018-09-22-03-02-38
1.0,113.33766311570206,23.152674163890335,2018-09-22-03-02-38
1.0,113.34489945932545,23.152661323181757,2018-09-22-03-02-38
1.0,113.344150777032,23.15341232068716,2018-09-22-03-02-38
1.0,113.33891063097714,23.15367150626486,2018-09-22-03-02-38
1.0,113.35513262726941,23.143898235094763,2018-09-22-03-02-38
1.0,113.35638068740384,23.143896381065012,2018-09-22-03-02-38
1.0,113.35687992408045,23.1438956505554,2018-09-22-03-02-38
1.0,113.34490003988834,23.14416467074078,2018-09-22-03-02-38
1.0,113.35363497876462,23.144400312696114,2018-09-22-03-02-38
1.0,113.3536349616618,23.144650213718077,2018-09-22-03-02-38
1.0,113.35388455975593,23.144649830681228,2018-09-22-03-02-38
1.0,113.3548829692406,23.144648313540927,2018-09-22-03-02-38
1.0,113.3568798727418,23.144645353521106,2018-09-22-03-02-38
1.0,113.35563177753424,23.14489709279843,2018-09-22-03-02-38
1.0,113.3493919741866,23.145656547122563,2018-09-22-03-02-38
1.0,113.34939195709711,23.145906448310303,2018-09-22-03-02-38
1.0,113.34964149394,23.146405844098744,2018-09-22-03-02-38
1.0,113.34989106645803,23.14640543871427,2018-09-22-03-02-38
1.0,113.35363480772888,23.146899324402703,2018-09-22-03-02-38
1.0,113.35613086645739,23.146895562366705,2018-09-22-03-02-38
1.0,113.35388438871047,23.147148842718845,2018-09-22-03-02-38
1.0,113.35712923710096,23.148393509986146,2018-09-22-03-02-38
1.0,113.35488267839902,23.148896635989217,2018-09-22-03-02-38
1.0,113.34989086134657,23.14940425637559,2018-09-22-03-02-38
1.0,113.35088914948138,23.149652549772746,2018-09-22-03-02-38
44.0,113.34589783966106,23.149910695853144,2018-09-22-03-02-38
1.0,113.34639692663059,23.150159751309985,2018-09-22-03-02-38
1.0,113.34989081006492,23.15015396155132,2018-09-22-03-02-38
1.0,113.35588103019508,23.15014465182352,2018-09-22-03-02-38
1.0,113.34539870669238,23.150411350232844,2018-09-22-03-02-38
1.0,113.34914207993256,23.150405083395427,2018-09-22-03-02-38
1.0,113.34939164945767,23.150404675417246,2018-09-22-03-02-38
1.0,113.34964122046634,23.150404268729933,2018-09-22-03-02-38
1.0,113.34864292819378,23.15065580500701,2018-09-22-03-02-38
1.0,113.34889247769664,23.15090529634302,2018-09-22-03-02-38
1.0,113.35488254151564,23.150895849921405,2018-09-22-03-02-38
1.0,113.34539863837696,23.151410957752155,2018-09-22-03-02-38
1.0,113.34589772009711,23.151660008891866,2018-09-22-03-02-38
1.0,113.35687939350831,23.151642595680574,2018-09-22-03-02-38
1.0,113.34889237514642,23.15240470823758,2018-09-22-03-02-38
1.0,113.34914194319337,23.152404298979484,2018-09-22-03-02-38
1.0,113.34489945932545,23.152661323181757,2018-09-22-03-02-38
1.0,113.34789408324802,23.152906162080498,2018-09-22-03-02-38
1.0,113.344150777032,23.15341232068716,2018-09-22-03-02-38
1.0,113.35313517187643,23.15339754111527,2018-09-22-03-02-38
1.0,113.3486427230997,23.1536546296283,2018-09-22-03-02-38
1.0,113.34889228968329,23.153654219101746,2018-09-22-03-02-38
1.0,113.32743359848479,23.152943208347832,2018-09-22-03-02-38
2.0,113.32818206799422,23.152941784001484,2018-09-22-03-02-38
1.0,113.32693460352029,23.15319406128211,2018-09-22-03-02-38
1.0,113.3271840923343,23.15319358579206,2018-09-22-03-02-38
1.0,113.3309264711185,23.153186487031828,2018-09-22-03-02-38
1.0,113.32893050688244,23.15344016648743,2018-09-22-03-02-38
1.0,113.33042746439956,23.153437331355132,2018-09-22-03-02-38
1.0,113.33092645409346,23.153436389242458,2018-09-22-03-02-38
1.0,113.32693456950214,23.15369386573956,2018-09-22-03-02-38
1.0,113.32868099849269,23.153690542408143,2018-09-22-03-02-38
1.0,113.32893048986524,23.153690068733255,2018-09-22-03-02-38
1.0,113.3294294738819,23.153689122322167,2018-09-22-03-02-38
1.0,113.32992845968323,23.15368817724504,2018-09-22-03-02-38
1.0,113.33017795328662,23.1536877052376,2018-09-22-03-02-38
18.0,113.32843149051074,23.153940918660265,2018-09-22-03-02-38
1.0,113.32868098147631,23.15394044468892,2018-09-22-03-02-38
1.0,113.33017793626423,23.15393760751813,2018-09-22-03-02-38
1.0,113.33042743035296,23.153937135881197,2018-09-22-03-02-38
1.0,113.333920406143,23.153930578778013,2018-09-22-03-02-38
1.0,113.32917994762025,23.154189399963514,2018-09-22-03-02-38
1.0,113.32942943984297,23.15418892691845,2018-09-22-03-02-38
1.0,113.3304274133294,23.15418703819666,2018-09-22-03-02-38
1.0,113.33641545204084,23.154175862103564,2018-09-22-03-02-38
1.0,113.32718400728267,23.15444309719749,2018-09-22-03-02-38
1.0,113.32868094744306,23.15444024935546,2018-09-22-03-02-38
1.0,113.33192437178775,23.154434119197695,2018-09-22-03-02-38
1.0,113.33441937873654,23.154429454810916,2018-09-22-03-02-38
1.0,113.33691445698292,23.15442484839477,2018-09-22-03-02-38
3.0,113.33716396923909,23.154424391412334,2018-09-22-03-02-38
1.0,113.32818194889369,23.15469109996831,2018-09-22-03-02-38
1.0,113.3366649285236,23.154675208463598,2018-09-22-03-02-38
2.0,113.33716395218865,23.154674293796788,2018-09-22-03-02-38
1.0,113.33741346530235,23.15467383752833,2018-09-22-03-02-38
1.0,113.33766297928774,23.154673381986033,2018-09-22-03-02-38
1.0,113.32493858411164,23.154947187934273,2018-09-22-03-02-38
1.0,113.32618601985253,23.15494480517592,2018-09-22-03-02-38
1.0,113.3291798965636,23.154939107120924,2018-09-22-03-02-38
1.0,113.33267283311108,23.15493251933007,2018-09-22-03-02-38
1.0,113.33541736664894,23.15492740940696,2018-09-22-03-02-38
1.0,113.32593651520784,23.155195183888168,2018-09-22-03-02-38
1.0,113.33192432069765,23.15518382645916,2018-09-22-03-02-38
1.0,113.33466883201112,23.15517869861859,2018-09-22-03-02-38
1.0,113.33716391808726,23.155174098671175,2018-09-22-03-02-38
8.0,113.32593649820157,23.155445086380077,2018-09-22-03-02-38
1.0,113.3321738015287,23.155433260252213,2018-09-22-03-02-38
1.0,113.3371639010363,23.155424001161215,2018-09-22-03-02-38
1.0,113.33192428663676,23.15568363147631,2018-09-22-03-02-38
1.0,113.33766289402338,23.15592289443611,2018-09-22-03-02-38
1.0,113.32493849909967,23.15619670057149,2018-09-22-03-02-38
1.0,113.32543747267708,23.156195747048326,2018-09-22-03-02-38
1.0,113.32568695980682,23.156195270484087,2018-09-22-03-02-38
1.0,113.33541728142734,23.15617692203546,2018-09-22-03-02-38
1.0,113.33566678880257,23.156176461024245,2018-09-22-03-02-38
1.0,113.32568694280089,23.15644517311761,2018-09-22-03-02-38
1.0,113.33466874680335,23.156428211424537,2018-09-22-03-02-38
1.0,113.32618590079919,23.156694123114512,2018-09-22-03-02-38
1.0,113.33516774073034,23.156677188974815,2018-09-22-03-02-38
1.0,113.33616577180861,23.15667534623591,2018-09-22-03-02-38
1.0,113.32818179575246,23.156940223029906,2018-09-22-03-02-38
1.0,113.33117571134123,23.15693455342541,2018-09-22-03-02-38
1.0,113.33666477507947,23.15692433151246,2018-09-22-03-02-38
1.0,113.32618586678245,23.157193928559266,2018-09-22-03-02-38
1.0,113.33491820078946,23.157177456673175,2018-09-22-03-02-38
1.0,113.337163781675,23.157173319583265,2018-09-22-03-02-38
1.0,113.33766280875483,23.15717240777167,2018-09-22-03-02-38
1.0,113.32593636214537,23.157444307591167,2018-09-22-03-02-38
1.0,113.32618584977384,23.157443831335165,2018-09-22-03-02-38
1.0,113.33017769793331,23.157436243143177,2018-09-22-03-02-38
1.0,113.33042719200803,23.157435771505664,2018-09-22-03-02-38
1.0,113.33541719620158,23.157426435550843,2018-09-22-03-02-38
1.0,113.3271837861289,23.15769183097394,2018-09-22-03-02-38
1.0,113.3291797093431,23.15768803608636,2018-09-22-03-02-38
1.0,113.32493838007595,23.15794601975511,2018-09-22-03-02-38
1.0,113.32593632812966,23.157944113250355,2018-09-22-03-02-38
1.0,113.32793223750767,23.157940308731533,2018-09-22-03-02-38
1.0,113.3286807091917,23.15793888597573,2018-09-22-03-02-38
1.0,113.33117564322605,23.157934164597304,2018-09-22-03-02-38
1.0,113.33591617762625,23.1579253198248,2018-09-22-03-02-38
1.0,113.32518784974329,23.158195445815064,2018-09-22-03-02-38
1.0,113.32593631112155,23.158194016133724,2018-09-22-03-02-38
1.0,113.33117562619682,23.1581840674798,2018-09-22-03-02-38
1.0,113.3324231126165,23.158181721765345,2018-09-22-03-02-38
1.0,113.32543731962684,23.15844487203418,2018-09-22-03-02-38
1.0,113.32868067515312,23.15843869177747,2018-09-22-03-02-38
1.0,113.33392009944356,23.15842882585086,2018-09-22-03-02-38
1.0,113.32493832906329,23.158695728513514,2018-09-22-03-02-38
1.0,113.32518781573266,23.158695251689856,2018-09-22-03-02-38
1.0,113.33167458498879,23.158682933720637,2018-09-22-03-02-38
1.0,113.32543728561386,23.1589446779809,2018-09-22-03-02-38
1.0,113.32568677273245,23.158944201416208,2018-09-22-03-02-38
1.0,113.33441907199573,23.158927703161368,2018-09-22-03-02-38
1.0,113.33691415006675,23.15892309673769,2018-09-22-03-02-38
1.0,113.33192404819181,23.159182270582022,2018-09-22-03-02-38
1.0,113.32518776471545,23.15944496077242,2018-09-22-03-02-38
1.0,113.32593622607853,23.159443531090457,2018-09-22-03-02-38
1.0,113.32618571369889,23.159443054834124,2018-09-22-03-02-38
1.0,113.32643520159128,23.15944257875056,2018-09-22-03-02-38
1.0,113.33042705579626,23.159434994998993,2018-09-22-03-02-38
1.0,113.32593620906943,23.159693434190174,2018-09-22-03-02-38
1.0,113.32618569668878,23.159692957933803,2018-09-22-03-02-38
1.0,113.33167451686097,23.159682545898736,2018-09-22-03-02-38
1.0,113.33192401412558,23.159682076743273,2018-09-22-03-02-38
1.0,113.33566655014624,23.159675101123852,2018-09-22-03-02-38
1.0,113.33142500313151,23.15993291863382,2018-09-22-03-02-38
1.0,113.32743310510286,23.16019038579845,2018-09-22-03-02-38
1.0,113.33416948311876,23.16017768268632,2018-09-22-03-02-38
1.0,113.32493821002792,23.160445050213465,2018-09-22-03-02-38
1.0,113.32893003033759,23.16043744275188,2018-09-22-03-02-38
1.0,113.33342095923994,23.16042898134918,2018-09-22-03-02-38
1.0,113.33441896973677,23.1604271218604,2018-09-22-03-02-38
1.0,113.32768256051972,23.160689717217178,2018-09-22-03-02-38
1.0,113.33292194096629,23.160679817570745,2018-09-22-03-02-38
1.0,113.32643509952203,23.160941997893257,2018-09-22-03-02-38
1.0,113.32693407616428,23.16094104629338,2018-09-22-03-02-38
1.0,113.32743305405535,23.16094009553294,2018-09-22-03-02-38
1.0,113.32693405915012,23.161190949611278,2018-09-22-03-02-38
1.0,113.32843099699265,23.161188100243717,2018-09-22-03-02-38
1.0,113.32892996224909,23.16143705594919,2018-09-22-03-02-38
1.0,113.32942894620354,23.161436109535533,2018-09-22-03-02-38
1.0,113.32543708152191,23.161943516707957,2018-09-22-03-02-38
1.0,113.32843094593106,23.161937810416386,2018-09-22-03-02-38
1.0,113.33466835479389,23.16217598188011,2018-09-22-03-02-38
1.0,113.32568653460868,23.16244284710912,2018-09-22-03-02-38
1.0,113.33516734867203,23.16242496026099,2018-09-22-03-02-38
1.0,113.32793191417169,23.162688469705174,2018-09-22-03-02-38
1.0,113.32843089486798,23.162687520919803,2018-09-22-03-02-38
1.0,113.33516733162402,23.162674863797847,2018-09-22-03-02-38
1.0,113.33541683820776,23.162674402156828,2018-09-22-03-02-38
1.0,113.32568650058833,23.162942654222906,2018-09-22-03-02-38
1.0,113.344150777032,23.15341232068716,2018-09-22-03-02-38
1.0,113.33891063097714,23.15367150626486,2018-09-22-03-02-38
1.0,113.33916013341441,23.153920957613103,2018-09-22-03-02-38
1.0,113.33641545204084,23.154175862103564,2018-09-22-03-02-38
1.0,113.33816204403453,23.15417266839496,2018-09-22-03-02-38
1.0,113.34365164456476,23.1541628934427,2018-09-22-03-02-38
1.0,113.33691445698292,23.15442484839477,2018-09-22-03-02-38
3.0,113.33716396923909,23.154424391412334,2018-09-22-03-02-38
1.0,113.34689574557277,23.154407244806933,2018-09-22-03-02-38
1.0,113.3471453022861,23.15440682572158,2018-09-22-03-02-38
1.0,113.3366649285236,23.154675208463598,2018-09-22-03-02-38
2.0,113.33716395218865,23.154674293796788,2018-09-22-03-02-38
1.0,113.33741346530235,23.15467383752833,2018-09-22-03-02-38
1.0,113.33766297928774,23.154673381986033,2018-09-22-03-02-38
1.0,113.34714528519858,23.15465672810433,2018-09-22-03-02-38
1.0,113.33541736664894,23.15492740940696,2018-09-22-03-02-38
1.0,113.33466883201112,23.15517869861859,2018-09-22-03-02-38
1.0,113.33716391808726,23.155174098671175,2018-09-22-03-02-38
1.0,113.34689569431235,23.1551569520608,2018-09-22-03-02-38
1.0,113.3371639010363,23.155424001161215,2018-09-22-03-02-38
1.0,113.34440018285903,23.155411108220882,2018-09-22-03-02-38
1.0,113.33866097598228,23.15567117720971,2018-09-22-03-02-38
1.0,113.3461469981212,23.155658021344387,2018-09-22-03-02-38
1.0,113.34689566013792,23.155656757072876,2018-09-22-03-02-38
1.0,113.33766289402338,23.15592289443611,2018-09-22-03-02-38
1.0,113.33791240888877,23.155922439631897,2018-09-22-03-02-38
1.0,113.3389104774612,23.15592062804023,2018-09-22-03-02-38
1.0,113.3391599969475,23.155920177109067,2018-09-22-03-02-38
1.0,113.347394757839,23.155905822649043,2018-09-22-03-02-38
1.0,113.33541728142734,23.15617692203546,2018-09-22-03-02-38
1.0,113.33566678880257,23.156176461024245,2018-09-22-03-02-38
1.0,113.33841142427035,23.156171434882747,2018-09-22-03-02-38
1.0,113.33891046040303,23.15617053063607,2018-09-22-03-02-38
1.0,113.34440013162353,23.1561608158994,2018-09-22-03-02-38
1.0,113.34739474074959,23.15615572524343,2018-09-22-03-02-38
1.0,113.33466874680335,23.156428211424537,2018-09-22-03-02-38
1.0,113.34489920313328,23.156409858936662,2018-09-22-03-02-38
1.0,113.34739472366002,23.156405627873298,2018-09-22-03-02-38
1.0,113.33516774073034,23.156677188974815,2018-09-22-03-02-38
1.0,113.33616577180861,23.15667534623591,2018-09-22-03-02-38
1.0,113.34390101381537,23.156661485031425,2018-09-22-03-02-38
1.0,113.34489918605246,23.15665976160249,2018-09-22-03-02-38
1.0,113.33666477507947,23.15692433151246,2018-09-22-03-02-38
1.0,113.34415053795156,23.15691095529065,2018-09-22-03-02-38
1.0,113.34440008038652,23.156910523897196,2018-09-22-03-02-38
1.0,113.34489916897147,23.156909664303903,2018-09-22-03-02-38
1.0,113.33491820078946,23.157177456673175,2018-09-22-03-02-38
1.0,113.337163781675,23.157173319583265,2018-09-22-03-02-38
1.0,113.33766280875483,23.15717240777167,2018-09-22-03-02-38
1.0,113.33965895351673,23.157168791025178,2018-09-22-03-02-38
1.0,113.3439009796605,23.157161290470235,2018-09-22-03-02-38
1.0,113.3463964482709,23.157157014650224,2018-09-22-03-02-38
1.0,113.33541719620158,23.157426435550843,2018-09-22-03-02-38
1.0,113.3463964311842,23.157406917422723,2018-09-22-03-02-38
1.0,113.34489911772751,23.15765937262222,2018-09-22-03-02-38
1.0,113.33591617762625,23.1579253198248,2018-09-22-03-02-38
1.0,113.34190464118771,23.157914494784052,2018-09-22-03-02-38
1.0,113.34439997790797,23.158409940856625,2018-09-22-03-02-38
1.0,113.33691415006675,23.15892309673769,2018-09-22-03-02-38
1.0,113.3424036207384,23.159163129682366,2018-09-22-03-02-38
1.0,113.3431522266196,23.159161817161973,2018-09-22-03-02-38
1.0,113.33566655014624,23.159675101123852,2018-09-22-03-02-38
1.0,113.33965878289071,23.159667820377212,2018-09-22-03-02-38
1.0,113.34439985834206,23.16015926228035,2018-09-22-03-02-38
1.0,113.33866061774931,23.160919138491476,2018-09-22-03-02-38
1.0,113.3406567420214,23.161665257742,2018-09-22-03-02-38
1.0,113.34340157637875,23.161910317309538,2018-09-22-03-02-38
1.0,113.33466835479389,23.16217598188011,2018-09-22-03-02-38
1.0,113.33841101487016,23.16216910795527,2018-09-22-03-02-38
1.0,113.33990813464004,23.162166404890897,2018-09-22-03-02-38
1.0,113.3436510980894,23.16215978626552,2018-09-22-03-02-38
1.0,113.33516734867203,23.16242496026099,2018-09-22-03-02-38
1.0,113.33891003389463,23.162418107205937,2018-09-22-03-02-38
1.0,113.33516733162402,23.162674863797847,2018-09-22-03-02-38
1.0,113.33541683820776,23.162674402156828,2018-09-22-03-02-38
1.0,113.3399081005076,23.162666211926158,2018-09-22-03-02-38
1.0,113.34015762390041,23.162665764309434,2018-09-22-03-02-38
1.0,113.34090620022445,23.162664426660857,2018-09-22-03-02-38
1.0,113.34265291582587,23.162661337357605,2018-09-22-03-02-38
1.0,113.34340152514116,23.16266002780541,2018-09-22-03-02-38
1.0,113.34489945932545,23.152661323181757,2018-09-22-03-02-38
1.0,113.34789408324802,23.152906162080498,2018-09-22-03-02-38
1.0,113.35313517187643,23.15339754111527,2018-09-22-03-02-38
1.0,113.3486427230997,23.1536546296283,2018-09-22-03-02-38
1.0,113.34889228968329,23.153654219101746,2018-09-22-03-02-38
1.0,113.34864270600744,23.153904531905702,2018-09-22-03-02-38
1.0,113.35188718887895,23.15389929720419,2018-09-22-03-02-38
1.0,113.348642688915,23.154154434218082,2018-09-22-03-02-38
1.0,113.34889225549686,23.15415402369144,2018-09-22-03-02-38
1.0,113.35163758688101,23.154149594081698,2018-09-22-03-02-38
1.0,113.34689574557277,23.154407244806933,2018-09-22-03-02-38
1.0,113.3471453022861,23.15440682572158,2018-09-22-03-02-38
1.0,113.34864267182242,23.15440433656549,2018-09-22-03-02-38
1.0,113.34714528519858,23.15465672810433,2018-09-22-03-02-38
1.0,113.34814352589731,23.15465506376075,2018-09-22-03-02-38
1.0,113.34689569431235,23.1551569520608,2018-09-22-03-02-38
1.0,113.34440018285903,23.155411108220882,2018-09-22-03-02-38
1.0,113.3461469981212,23.155658021344387,2018-09-22-03-02-38
1.0,113.34689566013792,23.155656757072876,2018-09-22-03-02-38
1.0,113.347394757839,23.155905822649043,2018-09-22-03-02-38
1.0,113.34440013162353,23.1561608158994,2018-09-22-03-02-38
1.0,113.34739474074959,23.15615572524343,2018-09-22-03-02-38
1.0,113.34489920313328,23.156409858936662,2018-09-22-03-02-38
1.0,113.34739472366002,23.156405627873298,2018-09-22-03-02-38
1.0,113.34489918605246,23.15665976160249,2018-09-22-03-02-38
1.0,113.34440008038652,23.156910523897196,2018-09-22-03-02-38
1.0,113.34489916897147,23.156909664303903,2018-09-22-03-02-38
1.0,113.3463964482709,23.157157014650224,2018-09-22-03-02-38
1.0,113.34939118789674,23.15715203694942,2018-09-22-03-02-38
1.0,113.3463964311842,23.157406917422723,2018-09-22-03-02-38
1.0,113.34489911772751,23.15765937262222,2018-09-22-03-02-38
1.0,113.34439997790797,23.158409940856625,2018-09-22-03-02-38
1.0,113.34814321823019,23.15915331271025,2018-09-22-03-02-38
1.0,113.34889191359579,23.15915207736841,2018-09-22-03-02-38
1.0,113.34439985834206,23.16015926228035,2018-09-22-03-02-38
1.0,113.34814313275747,23.16040282837165,2018-09-22-03-02-38
1.0,113.34914132773434,23.161400796953306,2018-09-22-03-02-38
1.0,113.3491412593366,23.162400410723166,2018-09-22-03-02-38
1.0,113.35288496290103,23.162394431656832,2018-09-22-03-02-38
1.0,113.34914124223675,23.162650314257643,2018-09-22-03-02-38
1.0,113.35288494578857,23.16264433519065,2018-09-22-03-02-38
1.0,113.32543708152191,23.161943516707957,2018-09-22-03-02-38
1.0,113.32843094593106,23.161937810416386,2018-09-22-03-02-38
1.0,113.33466835479389,23.16217598188011,2018-09-22-03-02-38
1.0,113.32568653460868,23.16244284710912,2018-09-22-03-02-38
1.0,113.33516734867203,23.16242496026099,2018-09-22-03-02-38
1.0,113.32793191417169,23.162688469705174,2018-09-22-03-02-38
1.0,113.32843089486798,23.162687520919803,2018-09-22-03-02-38
1.0,113.33516733162402,23.162674863797847,2018-09-22-03-02-38
1.0,113.33541683820776,23.162674402156828,2018-09-22-03-02-38
1.0,113.32568650058833,23.162942654222906,2018-09-22-03-02-38
1.0,113.32668443456951,23.163190653177683,2018-09-22-03-02-38
1.0,113.3271834118046,23.163189701984415,2018-09-22-03-02-38
1.0,113.32743290090386,23.163189226714934,2018-09-22-03-02-38
1.0,113.32768239034213,23.163188751680043,2018-09-22-03-02-38
1.0,113.32568646656732,23.163442461484575,2018-09-22-03-02-38
1.0,113.32618544151707,23.16344150881019,2018-09-22-03-02-38
1.0,113.32668441755487,23.163440556826863,2018-09-22-03-02-38
1.0,113.3269339060153,23.16344008112526,2018-09-22-03-02-38
1.0,113.32718339478794,23.16343960563351,2018-09-22-03-02-38
1.0,113.32793186311315,23.163438180541082,2018-09-22-03-02-38
1.0,113.32618542450429,23.163691412496537,2018-09-22-03-02-38
1.0,113.32668440054007,23.163690460513127,2018-09-22-03-02-38
1.0,113.32693388899949,23.16368998481148,2018-09-22-03-02-38
1.0,113.3271833777711,23.163689509319692,2018-09-22-03-02-38
1.0,113.32743286686836,23.16368903405013,2018-09-22-03-02-38
1.0,113.32793184609329,23.16368808422714,2018-09-22-03-02-38
1.0,113.32818133624781,23.163687609698442,2018-09-22-03-02-38
1.0,113.32743284985037,23.163938937773406,2018-09-22-03-02-38
1.0,113.32793182907328,23.16393798795033,2018-09-22-03-02-38
1.0,113.33791186306718,23.1639193405752,2018-09-22-03-02-38
1.0,113.32718334373698,23.164189316803515,2018-09-22-03-02-38
1.0,113.3274328328322,23.164188841533868,2018-09-22-03-02-38
1.0,113.32718332671965,23.164439220601267,2018-09-22-03-02-38
1.0,113.32743281581386,23.16443874533158,2018-09-22-03-02-38
1.0,113.3276823052471,23.164438270296483,2018-09-22-03-02-38
1.0,113.33367018816834,23.164426971958385,2018-09-22-03-02-38
1.0,113.32693382093458,23.164689599928273,2018-09-22-03-02-38
1.0,113.32743279879537,23.164688649166592,2018-09-22-03-02-38
1.0,113.32768228822759,23.164688174131452,2018-09-22-03-02-38
1.0,113.32793177801224,23.164687699343272,2018-09-22-03-02-38
1.0,113.33491768941084,23.164674555684147,2018-09-22-03-02-38
1.0,113.32768227120792,23.164938078003775,2018-09-22-03-02-38
1.0,113.33391965633783,23.164926314506985,2018-09-22-03-02-38
1.0,113.33416915928095,23.16492584990553,2018-09-22-03-02-38
1.0,113.3356661921004,23.164923074643305,2018-09-22-03-02-38
1.0,113.33666422939083,23.16492123712393,2018-09-22-03-02-38
1.0,113.32743276475787,23.165188456948734,2018-09-22-03-02-38
1.0,113.33317111749065,23.16542751944886,2018-09-22-03-02-38
1.0,113.33516714408482,23.165423805151825,2018-09-22-03-02-38
1.0,113.33466811613623,23.165674634255584,2018-09-22-03-02-38
1.0,113.3351671270348,23.165673709135294,2018-09-22-03-02-38
1.0,113.32793169290717,23.16593721907934,2018-09-22-03-02-38
1.0,113.33416909109688,23.165925465765163,2018-09-22-03-02-38
1.0,113.3259357667743,23.166190927668964,2018-09-22-03-02-38
1.0,113.33441857768847,23.166174905789862,2018-09-22-03-02-38
1.0,113.3346680820396,23.166174442335482,2018-09-22-03-02-38
1.0,113.32693370181457,23.166438927822952,2018-09-22-03-02-38
1.0,113.33491757006756,23.166423883569525,2018-09-22-03-02-38
1.0,113.33516707588373,23.166423421311386,2018-09-22-03-02-38
1.0,113.33716315062932,23.166419746465678,2018-09-22-03-02-38
1.0,113.32718317355626,23.166688356466143,2018-09-22-03-02-38
1.0,113.33391953702085,23.166675642656557,2018-09-22-03-02-38
1.0,113.3346680479423,23.166674250566114,2018-09-22-03-02-38
1.0,113.33516705883305,23.16667332544549,2018-09-22-03-02-38
1.0,113.33566607273544,23.166672402790834,2018-09-22-03-02-38
1.0,113.33441852654522,23.1669246181926,2018-09-22-03-02-38
1.0,113.33466803089341,23.166924154738098,2018-09-22-03-02-38
1.0,113.33441850949714,23.16717452240247,2018-09-22-03-02-38
1.0,113.32693363374233,23.167438544591832,2018-09-22-03-02-38
1.0,113.3284305714336,23.167435695218064,2018-09-22-03-02-38
1.0,113.32543669027872,23.167691305807775,2018-09-22-03-02-38
1.0,113.32568617736186,23.16769082924164,2018-09-22-03-02-38
1.0,113.33441847540047,23.167674330935977,2018-09-22-03-02-38
1.0,113.33466797974572,23.167673867481348,2018-09-22-03-02-38
1.0,113.32568616034827,23.167940733566834,2018-09-22-03-02-38
1.0,113.3254366562534,23.16819111449632,2018-09-22-03-02-38
1.0,113.33042645974439,23.16818162539438,2018-09-22-03-02-38
1.0,113.33541646308768,23.16817228940376,2018-09-22-03-02-38
1.0,113.33566597041609,23.168171828390538,2018-09-22-03-02-38
1.0,113.32593561364591,23.168440065913266,2018-09-22-03-02-38
1.0,113.33541644603484,23.168422193803526,2018-09-22-03-02-38
1.0,113.33641448007391,23.168420353644883,2018-09-22-03-02-38
1.0,113.32568610930652,23.16869044677105,2018-09-22-03-02-38
1.0,113.33441840720513,23.168673948459578,2018-09-22-03-02-38
1.0,113.33466791154646,23.16867348500478,2018-09-22-03-02-38
1.0,113.33491741661418,23.168673022142006,2018-09-22-03-02-38
1.0,113.33516692242154,23.16867255988349,2018-09-22-03-02-38
1.0,113.3356659363083,23.168671637228165,2018-09-22-03-02-38
1.0,113.33591544441418,23.168671176855792,2018-09-22-03-02-38
1.0,113.33616495331268,23.168670717136557,2018-09-22-03-02-38
1.0,113.32593557961556,23.168939874830542,2018-09-22-03-02-38
1.0,113.32618506719747,23.16893939857264,2018-09-22-03-02-38
1.0,113.33691346783706,23.168919246495516,2018-09-22-03-02-38
1.0,113.33142437285336,23.16917936062055,2018-09-22-03-02-38
1.0,113.33441837310647,23.16917375745055,2018-09-22-03-02-38
1.0,113.33466787744584,23.169173293995673,2018-09-22-03-02-38
1.0,113.33516688831699,23.169172368874214,2018-09-22-03-02-38
1.0,113.33516687126448,23.169422273427056,2018-09-22-03-02-38
1.0,113.33192333266088,23.169678231007065,2018-09-22-03-02-38
1.0,113.33391933245845,23.169674495231863,2018-09-22-03-02-38
1.0,113.33192329858063,23.170178040306023,2018-09-22-03-02-38
1.0,113.33566583398094,23.170171064660344,2018-09-22-03-02-38
1.0,113.33267177673899,23.17042654033216,2018-09-22-03-02-38
1.0,113.33117477452357,23.170679258552465,2018-09-22-03-02-38
1.0,113.32743237327881,23.170936257324794,2018-09-22-03-02-38
1.0,113.3306757668921,23.170930104652832,2018-09-22-03-02-38
1.0,113.33366974498409,23.17092448392463,2018-09-22-03-02-38
1.0,113.32543645208757,23.171189969845106,2018-09-22-03-02-38
1.0,113.32818082554468,23.171184737793425,2018-09-22-03-02-38
1.0,113.3336697279363,23.17117438874763,2018-09-22-03-02-38
1.0,113.33766185346184,23.171167019706697,2018-09-22-03-02-38
1.0,113.32768182863796,23.171435591975392,2018-09-22-03-02-38
1.0,113.33292120818174,23.171425692291503,2018-09-22-03-02-38
1.0,113.33167369911902,23.1716779382875,2018-09-22-03-02-38
1.0,113.32718281612256,23.171936352124746,2018-09-22-03-02-38
1.0,113.32818077446612,23.171934452498036,2018-09-22-03-02-38
1.0,113.32843026496661,23.17193397823966,2018-09-22-03-02-38
1.0,113.32967772362673,23.17193161145578,2018-09-22-03-02-38
1.0,113.34340157637875,23.161910317309538,2018-09-22-03-02-38
1.0,113.33841101487016,23.16216910795527,2018-09-22-03-02-38
1.0,113.33990813464004,23.162166404890897,2018-09-22-03-02-38
1.0,113.3436510980894,23.16215978626552,2018-09-22-03-02-38
1.0,113.33516734867203,23.16242496026099,2018-09-22-03-02-38
1.0,113.33891003389463,23.162418107205937,2018-09-22-03-02-38
1.0,113.33516733162402,23.162674863797847,2018-09-22-03-02-38
1.0,113.33541683820776,23.162674402156828,2018-09-22-03-02-38
1.0,113.3399081005076,23.162666211926158,2018-09-22-03-02-38
1.0,113.34015762390041,23.162665764309434,2018-09-22-03-02-38
1.0,113.34090620022445,23.162664426660857,2018-09-22-03-02-38
1.0,113.34265291582587,23.162661337357605,2018-09-22-03-02-38
1.0,113.34340152514116,23.16266002780541,2018-09-22-03-02-38
1.0,113.3409061831542,23.16291433023367,2018-09-22-03-02-38
1.0,113.34115571068642,23.162913886124556,2018-09-22-03-02-38
1.0,113.34165476896628,23.162913000638717,2018-09-22-03-02-38
1.0,113.34215383161947,23.16291211887553,2018-09-22-03-02-38
1.0,113.34714472121651,23.16290352678204,2018-09-22-03-02-38
1.0,113.34090616608378,23.163164233843446,2018-09-22-03-02-38
1.0,113.34215381454439,23.163162022485093,2018-09-22-03-02-38
1.0,113.34340149098192,23.163159834987148,2018-09-22-03-02-38
1.0,113.33816141292061,23.163419079114224,2018-09-22-03-02-38
1.0,113.34040709710321,23.163415028381294,2018-09-22-03-02-38
1.0,113.3429023998688,23.163410610674635,2018-09-22-03-02-38
1.0,113.34315193630022,23.16341017415317,2018-09-22-03-02-38
1.0,113.34215378039372,23.163661829815357,2018-09-22-03-02-38
1.0,113.34240331338977,23.163661390359366,2018-09-22-03-02-38
1.0,113.34265284751778,23.16366095186969,2018-09-22-03-02-38
1.0,113.34290238279061,23.16366051435818,2018-09-22-03-02-38
1.0,113.33791186306718,23.1639193405752,2018-09-22-03-02-38
1.0,113.33890993151708,23.163917528978153,2018-09-22-03-02-38
1.0,113.34240329631325,23.163911294080133,2018-09-22-03-02-38
1.0,113.34340143974181,23.163909546037583,2018-09-22-03-02-38
1.0,113.33866039594913,23.164167884468032,2018-09-22-03-02-38
1.0,113.33491768941084,23.164674555684147,2018-09-22-03-02-38
1.0,113.34190418021718,23.164661885332563,2018-09-22-03-02-38
1.0,113.3356661921004,23.164923074643305,2018-09-22-03-02-38
1.0,113.33666422939083,23.16492123712393,2018-09-22-03-02-38
1.0,113.33816131055626,23.16491850177845,2018-09-22-03-02-38
1.0,113.33516714408482,23.165423805151825,2018-09-22-03-02-38
1.0,113.3351671270348,23.165673709135294,2018-09-22-03-02-38
1.0,113.34489855394453,23.16590618572304,2018-09-22-03-02-38
1.0,113.33491757006756,23.166423883569525,2018-09-22-03-02-38
1.0,113.33516707588373,23.166423421311386,2018-09-22-03-02-38
1.0,113.33716315062932,23.166419746465678,2018-09-22-03-02-38
1.0,113.33516705883305,23.16667332544549,2018-09-22-03-02-38
1.0,113.33566607273544,23.166672402790834,2018-09-22-03-02-38
1.0,113.34215349008602,23.167910198164332,2018-09-22-03-02-38
1.0,113.33541646308768,23.16817228940376,2018-09-22-03-02-38
1.0,113.33566597041609,23.168171828390538,2018-09-22-03-02-38
1.0,113.34190394114741,23.168160542936047,2018-09-22-03-02-38
1.0,113.33541644603484,23.168422193803526,2018-09-22-03-02-38
1.0,113.33641448007391,23.168420353644883,2018-09-22-03-02-38
1.0,113.34115533507804,23.168411774176235,2018-09-22-03-02-38
1.0,113.34165439331676,23.168410888688534,2018-09-22-03-02-38
1.0,113.33491741661418,23.168673022142006,2018-09-22-03-02-38
1.0,113.33516692242154,23.16867255988349,2018-09-22-03-02-38
1.0,113.3356659363083,23.168671637228165,2018-09-22-03-02-38
1.0,113.33591544441418,23.168671176855792,2018-09-22-03-02-38
1.0,113.33616495331268,23.168670717136557,2018-09-22-03-02-38
1.0,113.34015721423614,23.168663460374916,2018-09-22-03-02-38
1.0,113.34140484658121,23.168661235409942,2018-09-22-03-02-38
1.0,113.34165437623986,23.168660793125422,2018-09-22-03-02-38
1.0,113.34315157760362,23.168658159378193,2018-09-22-03-02-38
1.0,113.34539745951436,23.16865427717083,2018-09-22-03-02-38
1.0,113.33691346783706,23.168919246495516,2018-09-22-03-02-38
1.0,113.34115530092781,23.16891158308842,2018-09-22-03-02-38
1.0,113.34190388991391,23.16891025624665,2018-09-22-03-02-38
1.0,113.3421534217713,23.168909815835317,2018-09-22-03-02-38
1.0,113.34240295474785,23.168909376378434,2018-09-22-03-02-38
1.0,113.343151560521,23.168908063853063,2018-09-22-03-02-38
1.0,113.33516688831699,23.169172368874214,2018-09-22-03-02-38
1.0,113.34065622988952,23.169162376717125,2018-09-22-03-02-38
1.0,113.34165434208556,23.16916060211396,2018-09-22-03-02-38
1.0,113.33516687126448,23.169422273427056,2018-09-22-03-02-38
1.0,113.34215338761294,23.169409624900307,2018-09-22-03-02-38
1.0,113.34065619574204,23.169662185859355,2018-09-22-03-02-38
1.0,113.34015712887731,23.169912983135205,2018-09-22-03-02-38
1.0,113.34065617866806,23.169912090488122,2018-09-22-03-02-38
1.0,113.34290195578134,23.169908118658512,2018-09-22-03-02-38
1.0,113.3431514921888,23.16990768213594,2018-09-22-03-02-38
1.0,113.34340102976672,23.169907246615185,2018-09-22-03-02-38
1.0,113.34639557663556,23.169902102784427,2018-09-22-03-02-38
1.0,113.3476433599906,23.169900007401818,2018-09-22-03-02-38
1.0,113.33566583398094,23.170171064660344,2018-09-22-03-02-38
1.0,113.34240286934605,23.17015889932879,2018-09-22-03-02-38
1.0,113.34315147510533,23.17015758680278,2018-09-22-03-02-38
2.0,113.34340101268235,23.170157151281984,2018-09-22-03-02-38
1.0,113.34639555954031,23.17015200745071,2018-09-22-03-02-38
1.0,113.34664511349017,23.170151586020527,2018-09-22-03-02-38
1.0,113.33841045178775,23.170415943199217,2018-09-22-03-02-38
1.0,113.33865996933092,23.170415490680124,2018-09-22-03-02-38
1.0,113.3431514580217,23.170407491508183,2018-09-22-03-02-38
1.0,113.33841043472181,23.170665847944033,2018-09-22-03-02-38
1.0,113.33865995226402,23.1706653954249,2018-09-22-03-02-38
1.0,113.33940851056737,23.17066404263601,2018-09-22-03-02-38
1.0,113.34714419124901,23.17065055611561,2018-09-22-03-02-38
1.0,113.34140469288997,23.170910377069298,2018-09-22-03-02-38
1.0,113.34365050018575,23.17090643100664,2018-09-22-03-02-38
1.0,113.34489821216914,23.17090427408604,2018-09-22-03-02-38
1.0,113.33766185346184,23.171167019706697,2018-09-22-03-02-38
1.0,113.34090561974224,23.1711611692052,2018-09-22-03-02-38
1.0,113.34340094434312,23.171156770335305,2018-09-22-03-02-38
1.0,113.34365048309976,23.171156335827956,2018-09-22-03-02-38
1.0,113.34489819507861,23.17115417890714,2018-09-22-03-02-38
1.0,113.34514774120247,23.171153750728255,2018-09-22-03-02-38
1.0,113.34639549115765,23.171151626501977,2018-09-22-03-02-38
1.0,113.34664504510395,23.171151205071624,2018-09-22-03-02-38
1.0,113.34340092725789,23.171406675195442,2018-09-22-03-02-38
1.0,113.34165417130399,23.171659649365747,2018-09-22-03-02-38
1.0,113.34315137260101,23.171657015615455,2018-09-22-03-02-38
1.0,113.3434009101725,23.171656580094403,2018-09-22-03-02-38
1.0,113.34564680309259,23.171652707427548,2018-09-22-03-02-38
1.0,113.34340089308695,23.171906485032252,2018-09-22-03-02-38
1.0,113.3491412593366,23.162400410723166,2018-09-22-03-02-38
1.0,113.35288496290103,23.162394431656832,2018-09-22-03-02-38
1.0,113.34914124223675,23.162650314257643,2018-09-22-03-02-38
1.0,113.35288494578857,23.16264433519065,2018-09-22-03-02-38
1.0,113.34714472121651,23.16290352678204,2018-09-22-03-02-38
1.0,113.34988993804632,23.162898997771837,2018-09-22-03-02-38
1.0,113.35038907040159,23.163148094556693,2018-09-22-03-02-38
1.0,113.3508882259891,23.163147293076584,2018-09-22-03-02-38
1.0,113.35662898671816,23.163138488632487,2018-09-22-03-02-38
1.0,113.35338399655093,23.164642791362024,2018-09-22-03-02-38
1.0,113.3518864190573,23.165144936703655,2018-09-22-03-02-38
1.0,113.35238559359901,23.165144151786937,2018-09-22-03-02-38
1.0,113.35288477465478,23.165143372568284,2018-09-22-03-02-38
1.0,113.35538078095144,23.165139564997713,2018-09-22-03-02-38
1.0,113.3548815487898,23.16539021836298,2018-09-22-03-02-38
1.0,113.35113763503253,23.165645932493803,2018-09-22-03-02-38
1.0,113.3516367999789,23.165645139195075,2018-09-22-03-02-38
1.0,113.35238555937353,23.16564395971046,2018-09-22-03-02-38
1.0,113.34489855394453,23.16590618572304,2018-09-22-03-02-38
1.0,113.35338375691732,23.168141448937643,2018-09-22-03-02-38
1.0,113.34988956174683,23.168396885790454,2018-09-22-03-02-38
1.0,113.35637900971088,23.168386839080558,2018-09-22-03-02-38
1.0,113.34539745951436,23.16865427717083,2018-09-22-03-02-38
1.0,113.34988954464038,23.168646790225925,2018-09-22-03-02-38
1.0,113.35363331901024,23.168640873248997,2018-09-22-03-02-38
1.0,113.35687822910755,23.168636012996387,2018-09-22-03-02-38
1.0,113.35438210104876,23.168889633079164,2018-09-22-03-02-38
1.0,113.34889122959252,23.169148228533093,2018-09-22-03-02-38
1.0,113.34939036704232,23.16914741129064,2018-09-22-03-02-38
1.0,113.34963993798668,23.169147004600063,2018-09-22-03-02-38
1.0,113.35687819484872,23.16913582197961,2018-09-22-03-02-38
1.0,113.34939034993707,23.16939731584106,2018-09-22-03-02-38
1.0,113.34889119538533,23.1696480376725,2018-09-22-03-02-38
1.0,113.34639557663556,23.169902102784427,2018-09-22-03-02-38
1.0,113.3476433599906,23.169900007401818,2018-09-22-03-02-38
1.0,113.35138692582808,23.169893908619766,2018-09-22-03-02-38
1.0,113.34639555954031,23.17015200745071,2018-09-22-03-02-38
1.0,113.34664511349017,23.170151586020527,2018-09-22-03-02-38
1.0,113.35637888981397,23.1701361709256,2018-09-22-03-02-38
1.0,113.34789288660306,23.170399401283806,2018-09-22-03-02-38
1.0,113.34864157754765,23.170398162199575,2018-09-22-03-02-38
1.0,113.35188605969095,23.1703929274606,2018-09-22-03-02-38
1.0,113.34714419124901,23.17065055611561,2018-09-22-03-02-38
1.0,113.34889112696891,23.170647656413138,2018-09-22-03-02-38
1.0,113.35413237977271,23.170639345515433,2018-09-22-03-02-38
1.0,113.35488118921535,23.17063820990819,2018-09-22-03-02-38
1.0,113.34489821216914,23.17090427408604,2018-09-22-03-02-38
1.0,113.3523851999654,23.17089195206552,2018-09-22-03-02-38
1.0,113.34489819507861,23.17115417890714,2018-09-22-03-02-38
1.0,113.34514774120247,23.171153750728255,2018-09-22-03-02-38
1.0,113.34639549115765,23.171151626501977,2018-09-22-03-02-38
1.0,113.34664504510395,23.171151205071624,2018-09-22-03-02-38
1.0,113.34864152623669,23.171147876544833,2018-09-22-03-02-38
1.0,113.35513076158897,23.171137644023943,2018-09-22-03-02-38
1.0,113.35013893039913,23.17139533747595,2018-09-22-03-02-38
1.0,113.35038850586025,23.17139493472513,2018-09-22-03-02-38
1.0,113.34564680309259,23.171652707427548,2018-09-22-03-02-38
1.0,113.34914062653034,23.171646866511,2018-09-22-03-02-38
1.0,113.35163638928037,23.171642846129078,2018-09-22-03-02-38
1.0,113.32818082554468,23.171184737793425,2018-09-22-03-02-38
1.0,113.3336697279363,23.17117438874763,2018-09-22-03-02-38
1.0,113.33766185346184,23.171167019706697,2018-09-22-03-02-38
1.0,113.32768182863796,23.171435591975392,2018-09-22-03-02-38
1.0,113.33292120818174,23.171425692291503,2018-09-22-03-02-38
1.0,113.33167369911902,23.1716779382875,2018-09-22-03-02-38
1.0,113.32718281612256,23.171936352124746,2018-09-22-03-02-38
1.0,113.32818077446612,23.171934452498036,2018-09-22-03-02-38
1.0,113.32843026496661,23.17193397823966,2018-09-22-03-02-38
1.0,113.32967772362673,23.17193161145578,2018-09-22-03-02-38
1.0,113.3269333103628,23.17218673259745,2018-09-22-03-02-38
1.0,113.32718279910007,23.172186257104254,2018-09-22-03-02-38
1.0,113.32793126731936,23.17218483200748,2018-09-22-03-02-38
1.0,113.33391916197142,23.17217354327002,2018-09-22-03-02-38
1.0,113.33491717788202,23.172171688313462,2018-09-22-03-02-38
1.0,113.32618482895214,23.172438065305382,2018-09-22-03-02-38
1.0,113.32693329334116,23.172436637615988,2018-09-22-03-02-38
1.0,113.32718278207743,23.17243616212275,2018-09-22-03-02-38
1.0,113.3284302309114,23.172433788237253,2018-09-22-03-02-38
1.0,113.33017667614509,23.17243047707366,2018-09-22-03-02-38
1.0,113.33242214139237,23.172426247134077,2018-09-22-03-02-38
1.0,113.33391914492181,23.172423448287397,2018-09-22-03-02-38
1.0,113.33516666662116,23.17242113107153,2018-09-22-03-02-38
1.0,113.32543634999567,23.172689399607503,2018-09-22-03-02-38
1.0,113.32593532436664,23.172688446621617,2018-09-22-03-02-38
1.0,113.32768174351546,23.172685116872785,2018-09-22-03-02-38
1.0,113.32818072338607,23.172684167553093,2018-09-22-03-02-38
1.0,113.3294281799339,23.172681799224726,2018-09-22-03-02-38
1.0,113.33416863078463,23.172672888741076,2018-09-22-03-02-38
1.0,113.33541615611114,23.17267057448506,2018-09-22-03-02-38
1.0,113.33616468039519,23.17266919337814,2018-09-22-03-02-38
1.0,113.32618479491443,23.172937875459912,2018-09-22-03-02-38
1.0,113.32643428275217,23.172937399374113,2018-09-22-03-02-38
1.0,113.32668377087535,23.172936923473443,2018-09-22-03-02-38
1.0,113.32718274803162,23.17293597227695,2018-09-22-03-02-38
1.0,113.32942816290185,23.172931704321005,2018-09-22-03-02-38
1.0,113.32967765549553,23.172931231606327,2018-09-22-03-02-38
1.0,113.33117462117812,23.17292840301325,2018-09-22-03-02-38
1.0,113.33267160629634,23.172925589536472,2018-09-22-03-02-38
1.0,113.333669608597,23.17292372359739,2018-09-22-03-02-38
1.0,113.3354161390553,23.172920479580338,2018-09-22-03-02-38
1.0,113.33591515445447,23.17291955819324,2018-09-22-03-02-38
1.0,113.32643426573206,23.173187304510037,2018-09-22-03-02-38
1.0,113.32668375385423,23.173186828609328,2018-09-22-03-02-38
1.0,113.32718273100848,23.17318587741275,2018-09-22-03-02-38
1.0,113.32793119921564,23.17318445231548,2018-09-22-03-02-38
1.0,113.32942814586964,23.17318160945643,2018-09-22-03-02-38
1.0,113.33366959154787,23.173173628732112,2018-09-22-03-02-38
1.0,113.33391909377194,23.173173163574035,2018-09-22-03-02-38
1.0,113.32743220304303,23.173435307316588,2018-09-22-03-02-38
1.0,113.32793118218929,23.17343435749037,2018-09-22-03-02-38
1.0,113.32843016279895,23.173433408701438,2018-09-22-03-02-38
1.0,113.32892914497921,23.17343246104871,2018-09-22-03-02-38
1.0,113.3349170926126,23.173421213790537,2018-09-22-03-02-38
1.0,113.33516659840139,23.173420751531225,2018-09-22-03-02-38
1.0,113.33541610494312,23.173420289888412,2018-09-22-03-02-38
1.0,113.32668371981147,23.173686638998785,2018-09-22-03-02-38
1.0,113.328180655277,23.173683788174174,2018-09-22-03-02-38
1.0,113.32967760439537,23.173680947130176,2018-09-22-03-02-38
1.0,113.33342005590028,23.173673904820383,2018-09-22-03-02-38
1.0,113.33491707555822,23.173671119003526,2018-09-22-03-02-38
1.0,113.33516658134602,23.173670656744175,2018-09-22-03-02-38
1.0,113.326184726837,23.173937496239255,2018-09-22-03-02-38
1.0,113.32668370278984,23.17393654425246,2018-09-22-03-02-38
1.0,113.32843012874174,23.173933219168894,2018-09-22-03-02-38
1.0,113.32867961962684,23.17393274519424,2018-09-22-03-02-38
1.0,113.32917860262856,23.173931798146533,2018-09-22-03-02-38
1.0,113.329428094772,23.1739313250982,2018-09-22-03-02-38
1.0,113.32693317418502,23.174185973842125,2018-09-22-03-02-38
1.0,113.32718266291421,23.1741854983486,2018-09-22-03-02-38
1.0,113.33666359822516,23.17416770710534,2018-09-22-03-02-38
1.0,113.33741213477776,23.174166336160255,2018-09-22-03-02-38
1.0,113.33791116348323,23.174165425807406,2018-09-22-03-02-38
1.0,113.32668366874609,23.174436354877983,2018-09-22-03-02-38
1.0,113.32693315716203,23.17443587917456,2018-09-22-03-02-38
1.0,113.32743213494406,23.17443492840965,2018-09-22-03-02-38
1.0,113.32818060419343,23.17443350405263,2018-09-22-03-02-38
1.0,113.32843009468385,23.17443302979384,2018-09-22-03-02-38
1.0,113.32942806070606,23.174431135722813,2018-09-22-03-02-38
1.0,113.33666358116345,23.17441761243615,2018-09-22-03-02-38
1.0,113.3379111464167,23.174415331138007,2018-09-22-03-02-38
1.0,113.32643416360786,23.174686736150893,2018-09-22-03-02-38
1.0,113.32668365172395,23.174686260249935,2018-09-22-03-02-38
1.0,113.3269331401389,23.17468578454647,2018-09-22-03-02-38
1.0,113.32967753625951,23.174680568379344,2018-09-22-03-02-38
1.0,113.33716258761187,23.17466660313292,2018-09-22-03-02-38
1.0,113.32668363470165,23.174936165661425,2018-09-22-03-02-38
1.0,113.32768159028443,23.174934264156008,2018-09-22-03-02-38
1.0,113.32843006062531,23.1749328405767,2018-09-22-03-02-38
1.0,113.33092498931552,23.174928115649976,2018-09-22-03-02-38
1.0,113.33666354703954,23.174917423216268,2018-09-22-03-02-38
1.0,113.3251866930083,23.175188929048417,2018-09-22-03-02-38
7.0,113.32543617982918,23.17518845234536,2018-09-22-03-02-38
1.0,113.32743208386808,23.175184644643796,2018-09-22-03-02-38
1.0,113.32867953447584,23.175182272052627,2018-09-22-03-02-38
1.0,113.32992699523486,23.175179906871712,2018-09-22-03-02-38
1.0,113.33017648875214,23.175179434860706,2018-09-22-03-02-38
1.0,113.32743206684242,23.175434550134387,2018-09-22-03-02-38
1.0,113.33317043567426,23.175423708649106,2018-09-22-03-02-38
1.0,113.32693307204467,23.17568540643,2018-09-22-03-02-38
1.0,113.32718256076781,23.175684930936225,2018-09-22-03-02-38
1.0,113.32768153920442,23.175683980627717,2018-09-22-03-02-38
1.0,113.32793102894469,23.175683505837714,2018-09-22-03-02-38
1.0,113.32818051905083,23.175683031307035,2018-09-22-03-02-38
1.0,113.32892899169838,23.175681609394566,2018-09-22-03-02-38
1.0,113.33591496680776,23.175668516836517,2018-09-22-03-02-38
1.0,113.33741203238762,23.175665768737645,2018-09-22-03-02-38
1.0,113.3376615462921,23.175665313191825,2018-09-22-03-02-38
1.0,113.33766152922553,23.175915218760156,2018-09-22-03-02-38
1.0,113.33791104401399,23.175914763952584,2018-09-22-03-02-38
1.0,113.32593508610051,23.1761871215604,2018-09-22-03-02-38
1.0,113.33267138469596,23.176174359363856,2018-09-22-03-02-38
1.0,113.33741199825623,23.176165579914198,2018-09-22-03-02-38
1.0,113.33766151215879,23.17616512436829,2018-09-22-03-02-38
1.0,113.33267136764862,23.176424265012688,2018-09-22-03-02-38
1.0,113.33491688794898,23.176420078953257,2018-09-22-03-02-38
1.0,113.33766149509188,23.176415030016283,2018-09-22-03-02-38
1.0,113.33791100987843,23.17641457520863,2018-09-22-03-02-38
1.0,113.32818045093376,23.176682653825733,2018-09-22-03-02-38
1.0,113.33616440743495,23.176667679629485,2018-09-22-03-02-38
1.0,113.33641391710822,23.176667220574245,2018-09-22-03-02-38
1.0,113.33716245109538,23.176665847522333,2018-09-22-03-02-38
1.0,113.33791099281038,23.17666448089649,2018-09-22-03-02-38
1.0,113.33391883800009,23.17692174532968,2018-09-22-03-02-38
1.0,113.33641390004581,23.17691712630232,2018-09-22-03-02-38
1.0,113.33716243403006,23.176915753250285,2018-09-22-03-02-38
1.0,113.33791097574218,23.17691438662432,2018-09-22-03-02-38
1.0,113.3341683238422,23.177171186494697,2018-09-22-03-02-38
1.0,113.33466733174492,23.177170259002498,2018-09-22-03-02-38
1.0,113.33641388298324,23.17716703207042,2018-09-22-03-02-38
1.0,113.3379109586738,23.177164292392163,2018-09-22-03-02-38
1.0,113.32992684190738,23.177429057716896,2018-09-22-03-02-38
1.0,113.33017633541564,23.177428585705517,2018-09-22-03-02-38
1.0,113.33167330714817,23.177425761850717,2018-09-22-03-02-38
1.0,113.33616435625014,23.177417396933958,2018-09-22-03-02-38
1.0,113.33716239989894,23.1774155648263,2018-09-22-03-02-38
1.0,113.33791094160527,23.177414198200083,2018-09-22-03-02-38
1.0,113.33117429740446,23.177676607338086,2018-09-22-03-02-38
1.0,113.33416828973415,23.177670998151914,2018-09-22-03-02-38
1.0,113.33791092453656,23.177664104048127,2018-09-22-03-02-38
1.0,113.33117428036208,23.177926513227437,2018-09-22-03-02-38
1.0,113.33366926758258,23.177921833803264,2018-09-22-03-02-38
1.0,113.33441777627169,23.17792044000466,2018-09-22-03-02-38
1.0,113.33666334228202,23.177916291237434,2018-09-22-03-02-38
1.0,113.33766139268693,23.177914464744262,2018-09-22-03-02-38
1.0,113.32743187954917,23.178183513162683,2018-09-22-03-02-38
1.0,113.3276813689269,23.17818303812531,2018-09-22-03-02-38
1.0,113.33142375939063,23.17817594912168,2018-09-22-03-02-38
1.0,113.33317024812794,23.178172671666907,2018-09-22-03-02-38
1.0,113.3366633252178,23.178166197166107,2018-09-22-03-02-38
1.0,113.337162348701,23.17816528249141,2018-09-22-03-02-38
1.0,113.33791089039865,23.178163915864815,2018-09-22-03-02-38
1.0,113.32693288477182,23.178434369899406,2018-09-22-03-02-38
1.0,113.32718237348384,23.178433894405178,2018-09-22-03-02-38
1.0,113.3311742462768,23.178426325126896,2018-09-22-03-02-38
1.0,113.33317023107728,23.178422577636447,2018-09-22-03-02-38
1.0,113.3361642880014,23.178417020568606,2018-09-22-03-02-38
1.0,113.33641379766786,23.178416561513075,2018-09-22-03-02-38
1.0,113.33666330815342,23.17841610313506,2018-09-22-03-02-38
1.0,113.33741184465671,23.178414732187836,2018-09-22-03-02-38
1.0,113.32743184549368,23.17868332514401,2018-09-22-03-02-38
1.0,113.33591476207921,23.178667386298898,2018-09-22-03-02-38
1.0,113.33666329108888,23.178666009144358,2018-09-22-03-02-38
1.0,113.3371623145682,23.178665094469494,2018-09-22-03-02-38
1.0,113.33741182758928,23.17866463819701,2018-09-22-03-02-38
1.0,113.32718233943004,23.17893370646733,2018-09-22-03-02-38
1.0,113.33117421219086,23.178926137187723,2018-09-22-03-02-38
1.0,113.33716229750155,23.178915000519105,2018-09-22-03-02-38
1.0,113.33791083919053,23.17891363389213,2018-09-22-03-02-38
1.0,113.33217218278925,23.179174165779482,2018-09-22-03-02-38
1.0,113.33491670031952,23.179169043732216,2018-09-22-03-02-38
1.0,113.33566521989052,23.179167658813107,2018-09-22-03-02-38
1.0,113.33616423681308,23.17916673871799,2018-09-22-03-02-38
1.0,113.33641374647662,23.17916627966233,2018-09-22-03-02-38
1.0,113.33666325695928,23.179165821284187,2018-09-22-03-02-38
1.0,113.33691276827425,23.179165363595743,2018-09-22-03-02-38
1.0,113.33716228043474,23.17916490660916,2018-09-22-03-02-38
1.0,113.33766130734486,23.179163994790176,2018-09-22-03-02-38
1.0,113.33791082212082,23.17916353998206,2018-09-22-03-02-38
1.0,113.32743179440921,23.179433043419102,2018-09-22-03-02-38
1.0,113.32768128378189,23.17943256838152,2018-09-22-03-02-38
1.0,113.33192266797585,23.179424540612732,2018-09-22-03-02-38
1.0,113.33317016287295,23.17942220191856,2018-09-22-03-02-38
1.0,113.33666323989424,23.17941572741483,2018-09-22-03-02-38
1.0,113.33766129027595,23.179413900920654,2018-09-22-03-02-38
41.0,113.33791080505094,23.17941344611249,2018-09-22-03-02-38
1.0,113.33017618206564,23.17967773980055,2018-09-22-03-02-38
1.0,113.33167315374425,23.179674915943508,2018-09-22-03-02-38
1.0,113.3374117593178,23.179664262638177,2018-09-22-03-02-38
3.0,113.33766127320686,23.179663807091682,2018-09-22-03-02-38
43.0,113.3379107879809,23.17966335228348,2018-09-22-03-02-38
1.0,113.32568534350045,23.179936186944865,2018-09-22-03-02-38
1.0,113.33242163000406,23.179923416062643,2018-09-22-03-02-38
1.0,113.33317012876978,23.17992201430273,2018-09-22-03-02-38
1.0,113.33391863335557,23.17992061720847,2018-09-22-03-02-38
1.0,113.33716222923329,23.179914625122553,2018-09-22-03-02-38
1.0,113.3371622121658,23.18016453137494,2018-09-22-03-02-38
1.0,113.33766123906821,23.18016361955562,2018-09-22-03-02-38
1.0,113.33791075384032,23.180163164747334,2018-09-22-03-02-38
1.0,113.32518633562577,23.18043695276635,2018-09-22-03-02-38
1.0,113.3254358054043,23.180686382398243,2018-09-22-03-02-38
1.0,113.3271822202365,23.180683049961782,2018-09-22-03-02-38
1.0,113.33067510236891,23.180676421996445,2018-09-22-03-02-38
1.0,113.33217208050253,23.18067360317724,2018-09-22-03-02-38
1.0,113.33766120492888,23.180663432182424,2018-09-22-03-02-38
1.0,113.32543578838306,23.18093628877489,2018-09-22-03-02-38
4.0,113.32568527541248,23.180935812206563,2018-09-22-03-02-38
1.0,113.3266832261166,23.18093390753728,2018-09-22-03-02-38
1.0,113.32818016140645,23.18093105670547,2018-09-22-03-02-38
1.0,113.33192256569407,23.180923978254874,2018-09-22-03-02-38
1.0,113.33341956142165,23.18092117332641,2018-09-22-03-02-38
1.0,113.33766118785896,23.180913338557033,2018-09-22-03-02-38
1.0,113.34140469288997,23.170910377069298,2018-09-22-03-02-38
1.0,113.34365050018575,23.17090643100664,2018-09-22-03-02-38
1.0,113.34489821216914,23.17090427408604,2018-09-22-03-02-38
1.0,113.33766185346184,23.171167019706697,2018-09-22-03-02-38
1.0,113.34090561974224,23.1711611692052,2018-09-22-03-02-38
1.0,113.34340094434312,23.171156770335305,2018-09-22-03-02-38
1.0,113.34365048309976,23.171156335827956,2018-09-22-03-02-38
1.0,113.34489819507861,23.17115417890714,2018-09-22-03-02-38
1.0,113.34514774120247,23.171153750728255,2018-09-22-03-02-38
1.0,113.34639549115765,23.171151626501977,2018-09-22-03-02-38
1.0,113.34664504510395,23.171151205071624,2018-09-22-03-02-38
1.0,113.34340092725789,23.171406675195442,2018-09-22-03-02-38
1.0,113.34165417130399,23.171659649365747,2018-09-22-03-02-38
1.0,113.34315137260101,23.171657015615455,2018-09-22-03-02-38
1.0,113.3434009101725,23.171656580094403,2018-09-22-03-02-38
1.0,113.34564680309259,23.171652707427548,2018-09-22-03-02-38
1.0,113.34340089308695,23.171906485032252,2018-09-22-03-02-38
1.0,113.33491717788202,23.172171688313462,2018-09-22-03-02-38
1.0,113.34290180203242,23.172157262053133,2018-09-22-03-02-38
1.0,113.34389995470323,23.17215552201939,2018-09-22-03-02-38
1.0,113.33516666662116,23.17242113107153,2018-09-22-03-02-38
1.0,113.34439902115098,23.17240456319397,2018-09-22-03-02-38
1.0,113.34639540567558,23.172401151188918,2018-09-22-03-02-38
1.0,113.33541615611114,23.17267057448506,2018-09-22-03-02-38
1.0,113.33616468039519,23.17266919337814,2018-09-22-03-02-38
1.0,113.34190363372382,23.172658827997644,2018-09-22-03-02-38
1.0,113.3354161390553,23.172920479580338,2018-09-22-03-02-38
1.0,113.33591515445447,23.17291955819324,2018-09-22-03-02-38
1.0,113.33816076451147,23.172915445688048,2018-09-22-03-02-38
1.0,113.34664492542164,23.17290053990599,2018-09-22-03-02-38
1.0,113.34764315478357,23.17289886595145,2018-09-22-03-02-38
1.0,113.33915881947642,23.173163542341367,2018-09-22-03-02-38
1.0,113.34190359956229,23.173158638225164,2018-09-22-03-02-38
1.0,113.34389988635132,23.173155142316663,2018-09-22-03-02-38
1.0,113.34514760446498,23.173152990697208,2018-09-22-03-02-38
1.0,113.34539715185387,23.173152563613673,2018-09-22-03-02-38
1.0,113.3466449083235,23.173150445038512,2018-09-22-03-02-38
1.0,113.34689446361035,23.173150024773104,2018-09-22-03-02-38
1.0,113.3471440202574,23.173149605684518,2018-09-22-03-02-38
1.0,113.3473935782771,23.173149187784254,2018-09-22-03-02-38
1.0,113.3349170926126,23.173421213790537,2018-09-22-03-02-38
1.0,113.33516659840139,23.173420751531225,2018-09-22-03-02-38
1.0,113.33541610494312,23.173420289888412,2018-09-22-03-02-38
1.0,113.34040641421812,23.17341120524709,2018-09-22-03-02-38
1.0,113.34265218137368,23.173407225036634,2018-09-22-03-02-38
1.0,113.34389986926293,23.17340504748887,2018-09-22-03-02-38
1.0,113.3443989527911,23.173404183647417,2018-09-22-03-02-38
1.0,113.34489804125633,23.173403324048476,2018-09-22-03-02-38
1.0,113.34514758737204,23.173402895869202,2018-09-22-03-02-38
1.0,113.34539713476003,23.173402468785625,2018-09-22-03-02-38
1.0,113.34564668343293,23.173402042809396,2018-09-22-03-02-38
1.0,113.34789268138148,23.173398260766135,2018-09-22-03-02-38
1.0,113.33491707555822,23.173671119003526,2018-09-22-03-02-38
1.0,113.33516658134602,23.173670656744175,2018-09-22-03-02-38
1.0,113.34439893570071,23.173654088858804,2018-09-22-03-02-38
1.0,113.34464847930893,23.17365365852312,2018-09-22-03-02-38
1.0,113.34489802416412,23.173653229259774,2018-09-22-03-02-38
1.0,113.34539711766602,23.17365237399684,2018-09-22-03-02-38
1.0,113.34589621630751,23.173651523163272,2018-09-22-03-02-38
1.0,113.34689442941179,23.173649835155757,2018-09-22-03-02-38
1.0,113.34714398605706,23.173649416067082,2018-09-22-03-02-38
1.0,113.33965781000313,23.17391235855441,2018-09-22-03-02-38
1.0,113.34215308015753,23.17390791344847,2018-09-22-03-02-38
1.0,113.34240261311552,23.173907473990734,2018-09-22-03-02-38
1.0,113.34265214720557,23.173907035499315,2018-09-22-03-02-38
1.0,113.34340075639645,23.173905725941374,2018-09-22-03-02-38
1.0,113.3441493762371,23.173904425505864,2018-09-22-03-02-38
1.0,113.34464846221746,23.173903563773777,2018-09-22-03-02-38
1.0,113.34489800707176,23.17390313451039,2018-09-22-03-02-38
1.0,113.34514755318567,23.17390270633103,2018-09-22-03-02-38
1.0,113.34539710057184,23.17390227924737,2018-09-22-03-02-38
1.0,113.34689441231225,23.173899740406025,2018-09-22-03-02-38
1.0,113.3473935269737,23.173898903416916,2018-09-22-03-02-38
1.0,113.33666359822516,23.17416770710534,2018-09-22-03-02-38
1.0,113.33741213477776,23.174166336160255,2018-09-22-03-02-38
1.0,113.33791116348323,23.174165425807406,2018-09-22-03-02-38
1.0,113.33816067917653,23.17416497175054,2018-09-22-03-02-38
1.0,113.34215306307509,23.174157818738927,2018-09-22-03-02-38
1.0,113.34340073930937,23.17415563123162,2018-09-22-03-02-38
1.0,113.34365027805502,23.174155196723756,2018-09-22-03-02-38
1.0,113.34389981799673,23.17415476324129,2018-09-22-03-02-38
1.0,113.34464844512584,23.17415346906381,2018-09-22-03-02-38
1.0,113.34489798997922,23.17415303980038,2018-09-22-03-02-38
1.0,113.34514753609223,23.17415261162098,2018-09-22-03-02-38
1.0,113.34614573339319,23.174150909976742,2018-09-22-03-02-38
1.0,113.34714395185607,23.17414922660691,2018-09-22-03-02-38
1.0,113.33666358116345,23.17441761243615,2018-09-22-03-02-38
1.0,113.3379111464167,23.174415331138007,2018-09-22-03-02-38
1.0,113.34365026096687,23.174405102053385,2018-09-22-03-02-38
1.0,113.3441493420573,23.174404236125525,2018-09-22-03-02-38
1.0,113.34439888442854,23.17440380472908,2018-09-22-03-02-38
1.0,113.346145716296,23.174400815305944,2018-09-22-03-02-38
1.0,113.34639526889552,23.17440039272128,2018-09-22-03-02-38
1.0,113.34664482283026,23.174399971290367,2018-09-22-03-02-38
1.0,113.34789261296892,23.174397881845387,2018-09-22-03-02-38
1.0,113.33716258761187,23.17466660313292,2018-09-22-03-02-38
1.0,113.33940823742844,23.17466252384599,2018-09-22-03-02-38
1.0,113.34040632883867,23.17466073170113,2018-09-22-03-02-38
1.0,113.34290163118436,23.174656313975387,2018-09-22-03-02-38
1.0,113.34589614792262,23.1746511444015,2018-09-22-03-02-38
1.0,113.34614569919862,23.17465072067462,2018-09-22-03-02-38
1.0,113.34639525179726,23.174650298089915,2018-09-22-03-02-38
1.0,113.34664480573112,23.174649876658957,2018-09-22-03-02-38
1.0,113.33666354703954,23.174917423216268,2018-09-22-03-02-38
1.0,113.34315115048764,23.174905782860733,2018-09-22-03-02-38
1.0,113.34414930787685,23.174904046903105,2018-09-22-03-02-38
1.0,113.3448979387006,23.174902755907116,2018-09-22-03-02-38
1.0,113.3451474848109,23.174902327727587,2018-09-22-03-02-38
1.0,113.34564658086097,23.174901474667266,2018-09-22-03-02-38
1.0,113.34639523469883,23.17490020349809,2018-09-22-03-02-38
1.0,113.34689434391245,23.17489936180138,2018-09-22-03-02-38
1.0,113.339907246979,23.175161436937845,2018-09-22-03-02-38
1.0,113.34365020970141,23.175154818279367,2018-09-22-03-02-38
1.0,113.34414929078638,23.17515395235125,2018-09-22-03-02-38
1.0,113.34464837675763,23.175153090618736,2018-09-22-03-02-38
1.0,113.3448979216074,23.175152661355135,2018-09-22-03-02-38
1.0,113.34564656376506,23.175151380115157,2018-09-22-03-02-38
2.0,113.34589611372917,23.175150955257603,2018-09-22-03-02-38
1.0,113.34639521760025,23.17515010894585,2018-09-22-03-02-38
1.0,113.34664477153231,23.175149687514804,2018-09-22-03-02-38
1.0,113.34689432681208,23.17514926724905,2018-09-22-03-02-38
1.0,113.34764300086245,23.175148013558708,2018-09-22-03-02-38
1.0,113.3384101104371,23.175414045504123,2018-09-22-03-02-38
1.0,113.33915866583457,23.17541269031651,2018-09-22-03-02-38
1.0,113.33965770756231,23.175411790892163,2018-09-22-03-02-38
1.0,113.33990722990417,23.17541134242635,2018-09-22-03-02-38
1.0,113.34115485691393,23.175409113041198,2018-09-22-03-02-38
1.0,113.34290157992668,23.175406030320513,2018-09-22-03-02-38
1.0,113.34464835966517,23.175402996106435,2018-09-22-03-02-38
1.0,113.34539699800328,23.175401711579255,2018-09-22-03-02-38
1.0,113.34564654666897,23.175401285602682,2018-09-22-03-02-38
1.0,113.34689430971154,23.175399172736363,2018-09-22-03-02-38
1.0,113.34789254455369,23.175397503556315,2018-09-22-03-02-38
1.0,113.33591496680776,23.175668516836517,2018-09-22-03-02-38
1.0,113.33741203238762,23.175665768737645,2018-09-22-03-02-38
1.0,113.3376615462921,23.175665313191825,2018-09-22-03-02-38
1.0,113.3389091293514,23.175663046779334,2018-09-22-03-02-38
1.0,113.33990721282916,23.175661247954555,2018-09-22-03-02-38
1.0,113.34539698090794,23.175651617106524,2018-09-22-03-02-38
1.0,113.34589607953504,23.17565076627227,2018-09-22-03-02-38
1.0,113.33766152922553,23.175915218760156,2018-09-22-03-02-38
1.0,113.33791104401399,23.175914763952584,2018-09-22-03-02-38
1.0,113.33841007629836,23.175913856600786,2018-09-22-03-02-38
1.0,113.33890911228004,23.175912952347456,2018-09-22-03-02-38
1.0,113.33965767341404,23.175911601988407,2018-09-22-03-02-38
1.0,113.34015671909667,23.175910705903544,2018-09-22-03-02-38
1.0,113.34439878187969,23.17590323753705,2018-09-22-03-02-38
1.0,113.34539696381242,23.17590152267354,2018-09-22-03-02-38
1.0,113.3476429495524,23.175897730139404,2018-09-22-03-02-38
1.0,113.33741199825623,23.176165579914198,2018-09-22-03-02-38
1.0,113.33766151215879,23.17616512436829,2018-09-22-03-02-38
1.0,113.33841005922874,23.176163762208795,2018-09-22-03-02-38
1.0,113.33940813499031,23.17616195689706,2018-09-22-03-02-38
1.0,113.34015670202038,23.176160611511257,2018-09-22-03-02-38
1.0,113.34040622637781,23.17616016475119,2018-09-22-03-02-38
1.0,113.3461455966109,23.176150153718797,2018-09-22-03-02-38
1.0,113.34639514920418,23.176149731133837,2018-09-22-03-02-38
1.0,113.34689425840891,23.176148889436696,2018-09-22-03-02-38
1.0,113.33491688794898,23.176420078953257,2018-09-22-03-02-38
1.0,113.33766149509188,23.176415030016283,2018-09-22-03-02-38
1.0,113.33791100987843,23.17641457520863,2018-09-22-03-02-38
1.0,113.33816052556307,23.176414121151385,2018-09-22-03-02-38
1.0,113.33865955967916,23.176413215336563,2018-09-22-03-02-38
1.0,113.33915859754495,23.176412312668546,2018-09-22-03-02-38
1.0,113.33990716160315,23.17641096477788,2018-09-22-03-02-38
1.0,113.34464829129362,23.176402618454734,2018-09-22-03-02-38
1.0,113.34489783613884,23.17640218919092,2018-09-22-03-02-38
1.0,113.34689424130771,23.176398795083117,2018-09-22-03-02-38
1.0,113.3473933559515,23.176397958093144,2018-09-22-03-02-38
1.0,113.34789247613577,23.17639712590238,2018-09-22-03-02-38
1.0,113.33616440743495,23.176667679629485,2018-09-22-03-02-38
1.0,113.33641391710822,23.176667220574245,2018-09-22-03-02-38
1.0,113.33716245109538,23.176665847522333,2018-09-22-03-02-38
1.0,113.33791099281038,23.17666448089649,2018-09-22-03-02-38
1.0,113.33816050849407,23.176664026839205,2018-09-22-03-02-38
1.0,113.33890906106494,23.17666266929086,2018-09-22-03-02-38
1.0,113.33915858047213,23.1766622183562,2018-09-22-03-02-38
1.0,113.33940810084293,23.176661768232375,2018-09-22-03-02-38
1.0,113.33965762219036,23.176661318931433,2018-09-22-03-02-38
1.0,113.33990714452747,23.176660870465405,2018-09-22-03-02-38
1.0,113.3401566678673,23.176660422846314,2018-09-22-03-02-38
1.0,113.34040619222286,23.176659976086164,2018-09-22-03-02-38
1.0,113.34090524403308,23.176659085190636,2018-09-22-03-02-38
1.0,113.34489781904463,23.176652094877596,2018-09-22-03-02-38
1.0,113.347143780841,23.176648281680258,2018-09-22-03-02-38
1.0,113.34739333884835,23.17664786377939,2018-09-22-03-02-38
1.0,113.33641390004581,23.17691712630232,2018-09-22-03-02-38
1.0,113.33716243403006,23.176915753250285,2018-09-22-03-02-38
1.0,113.33791097574218,23.17691438662432,2018-09-22-03-02-38
1.0,113.3381604914249,23.17691393256699,2018-09-22-03-02-38
1.0,113.33841000801887,23.176913479272184,2018-09-22-03-02-38
1.0,113.3389090439929,23.176912575018516,2018-09-22-03-02-38
1.0,113.33915856339914,23.176912124083813,2018-09-22-03-02-38
1.0,113.33940808376899,23.176911673959946,2018-09-22-03-02-38
1.0,113.33965760511548,23.176911224658962,2018-09-22-03-02-38
1.0,113.34115475443313,23.176908546806473,2018-09-22-03-02-38
1.0,113.34140428298042,23.176908103601807,2018-09-22-03-02-38
1.0,113.3429014774068,23.176905464084005,2018-09-22-03-02-38
2.0,113.34689420710478,23.176898606495744,2018-09-22-03-02-38
1.0,113.3478924419258,23.17689693731466,2018-09-22-03-02-38
1.0,113.33641388298324,23.17716703207042,2018-09-22-03-02-38
1.0,113.3379109586738,23.177164292392163,2018-09-22-03-02-38
1.0,113.33865950846591,23.177162932519717,2018-09-22-03-02-38
1.0,113.34090520987368,23.1771588966853,2018-09-22-03-02-38
1.0,113.3466446347304,23.17714893252816,2018-09-22-03-02-38
1.0,113.33616435625014,23.177417396933958,2018-09-22-03-02-38
1.0,113.33716239989894,23.1774155648263,2018-09-22-03-02-38
1.0,113.33791094160527,23.177414198200083,2018-09-22-03-02-38
1.0,113.33816045728607,23.177413744142672,2018-09-22-03-02-38
1.0,113.33840997387811,23.177413290847785,2018-09-22-03-02-38
1.0,113.3386594913945,23.177412838327513,2018-09-22-03-02-38
1.0,113.33890900984832,23.177412386593947,2018-09-22-03-02-38
1.0,113.3394080496206,23.17741148553521,2018-09-22-03-02-38
1.0,113.34015661663645,23.17741014014877,2018-09-22-03-02-38
1.0,113.34614551111652,23.177399682351197,2018-09-22-03-02-38
1.0,113.33791092453656,23.177664104048127,2018-09-22-03-02-38
1.0,113.33890899277579,23.177662292441823,2018-09-22-03-02-38
1.0,113.33915851217917,23.177661841506993,2018-09-22-03-02-38
1.0,113.33990707622311,23.177660493615694,2018-09-22-03-02-38
1.0,113.34140423173496,23.177657821023846,2018-09-22-03-02-38
1.0,113.34664460052825,23.177648744181145,2018-09-22-03-02-38
1.0,113.33666334228202,23.177916291237434,2018-09-22-03-02-38
1.0,113.33766139268693,23.177914464744262,2018-09-22-03-02-38
1.0,113.3384099397367,23.177913102583883,2018-09-22-03-02-38
1.0,113.34190327499442,23.17790684326997,2018-09-22-03-02-38
1.0,113.34539682704226,23.177900768647127,2018-09-22-03-02-38
1.0,113.3366633252178,23.178166197166107,2018-09-22-03-02-38
1.0,113.337162348701,23.17816528249141,2018-09-22-03-02-38
1.0,113.33791089039865,23.178163915864815,2018-09-22-03-02-38
1.0,113.33990704206992,23.178160305431707,2018-09-22-03-02-38
1.0,113.34015656540409,23.178159857812364,2018-09-22-03-02-38
1.0,113.34040608975396,23.178159411051958,2018-09-22-03-02-38
1.0,113.3421527897332,23.17815630878485,2018-09-22-03-02-38
1.0,113.34614545981788,23.178149400011723,2018-09-22-03-02-38
1.0,113.3361642880014,23.178417020568606,2018-09-22-03-02-38
1.0,113.33641379766786,23.178416561513075,2018-09-22-03-02-38
1.0,113.33666330815342,23.17841610313506,2018-09-22-03-02-38
1.0,113.33741184465671,23.178414732187836,2018-09-22-03-02-38
1.0,113.33840990559462,23.17841291448092,2018-09-22-03-02-38
1.0,113.34664454922377,23.17839846196211,2018-09-22-03-02-38
1.0,113.33591476207921,23.178667386298898,2018-09-22-03-02-38
1.0,113.33666329108888,23.178666009144358,2018-09-22-03-02-38
1.0,113.3371623145682,23.178665094469494,2018-09-22-03-02-38
1.0,113.33741182758928,23.17866463819701,2018-09-22-03-02-38
1.0,113.33915844388353,23.17866146530067,2018-09-22-03-02-38
1.0,113.33965748558654,23.17866056587523,2018-09-22-03-02-38
1.0,113.34439859385779,23.178652201414994,2018-09-22-03-02-38
1.0,113.34664453212193,23.178648367969714,2018-09-22-03-02-38
1.0,113.33716229750155,23.178915000519105,2018-09-22-03-02-38
1.0,113.33791083919053,23.17891363389213,2018-09-22-03-02-38
1.0,113.33816035486556,23.178913179834467,2018-09-22-03-02-38
1.0,113.33840987145186,23.178912726539323,2018-09-22-03-02-38
1.0,113.3386593889625,23.178912274018803,2018-09-22-03-02-38
1.0,113.33940794717144,23.17891092122574,2018-09-22-03-02-38
1.0,113.33491670031952,23.179169043732216,2018-09-22-03-02-38
1.0,113.33566521989052,23.179167658813107,2018-09-22-03-02-38
1.0,113.33616423681308,23.17916673871799,2018-09-22-03-02-38
1.0,113.33641374647662,23.17916627966233,2018-09-22-03-02-38
1.0,113.33666325695928,23.179165821284187,2018-09-22-03-02-38
1.0,113.33691276827425,23.179165363595743,2018-09-22-03-02-38
1.0,113.33716228043474,23.17916490660916,2018-09-22-03-02-38
1.0,113.33766130734486,23.179163994790176,2018-09-22-03-02-38
1.0,113.33791082212082,23.17916353998206,2018-09-22-03-02-38
1.0,113.33890889033705,23.179161728374744,2018-09-22-03-02-38
1.0,113.33940793009599,23.179160827315414,2018-09-22-03-02-38
1.0,113.33965745143392,23.17916037801405,2018-09-22-03-02-38
1.0,113.34015649709193,23.179159481928092,2018-09-22-03-02-38
1.0,113.34090507322941,23.179158144271142,2018-09-22-03-02-38
1.0,113.34689405318333,23.179147759839708,2018-09-22-03-02-38
1.0,113.33666323989424,23.17941572741483,2018-09-22-03-02-38
1.0,113.33766129027595,23.179413900920654,2018-09-22-03-02-38
41.0,113.33791080505094,23.17941344611249,2018-09-22-03-02-38
1.0,113.33965743435736,23.17941028414419,2018-09-22-03-02-38
1.0,113.34165364177481,23.179406720797733,2018-09-22-03-02-38
1.0,113.3374117593178,23.179664262638177,2018-09-22-03-02-38
3.0,113.33766127320686,23.179663807091682,2018-09-22-03-02-38
43.0,113.3379107879809,23.17966335228348,2018-09-22-03-02-38
1.0,113.33840982023648,23.179662444930422,2018-09-22-03-02-38
1.0,113.33965741728062,23.179660190314884,2018-09-22-03-02-38
1.0,113.33716222923329,23.179914625122553,2018-09-22-03-02-38
1.0,113.33816028658188,23.179912804437244,2018-09-22-03-02-38
1.0,113.33840980316434,23.179912351141933,2018-09-22-03-02-38
1.0,113.33865932067116,23.179911898621242,2018-09-22-03-02-38
1.0,113.33915835851022,23.179910995952046,2018-09-22-03-02-38
1.0,113.33940787886866,23.179910545827674,2018-09-22-03-02-38
1.0,113.3371622121658,23.18016453137494,2018-09-22-03-02-38
1.0,113.33766123906821,23.18016361955562,2018-09-22-03-02-38
1.0,113.33791075384032,23.180163164747334,2018-09-22-03-02-38
1.0,113.33840978609204,23.18016225739411,2018-09-22-03-02-38
1.0,113.33915834143507,23.180160902204097,2018-09-22-03-02-38
1.0,113.34364986789319,23.180152935640326,2018-09-22-03-02-38
1.0,113.33816025243904,23.180412616982395,2018-09-22-03-02-38
1.0,113.33890880496683,23.180411259432155,2018-09-22-03-02-38
1.0,113.33990688837231,23.18040946060417,2018-09-22-03-02-38
1.0,113.3461453059129,23.180398555174605,2018-09-22-03-02-38
1.0,113.33766120492888,23.180663432182424,2018-09-22-03-02-38
1.0,113.33840975194695,23.18066207002066,2018-09-22-03-02-38
1.0,113.33865926945089,23.18066161749984,2018-09-22-03-02-38
1.0,113.3389087878923,23.18066116576573,2018-09-22-03-02-38
1.0,113.33965734897203,23.18065981540428,2018-09-22-03-02-38
1.0,113.33766118785896,23.180913338557033,2018-09-22-03-02-38
1.0,113.33816021829553,23.180912429690622,2018-09-22-03-02-38
1.0,113.33840973487415,23.180911976395144,2018-09-22-03-02-38
1.0,113.33865925237713,23.180911523874283,2018-09-22-03-02-38
1.0,113.33890877081758,23.18091107214013,2018-09-22-03-02-38
1.0,113.33915829020856,23.180910621204752,2018-09-22-03-02-38
1.0,113.33940781056319,23.18091017108021,2018-09-22-03-02-38
1.0,113.34714419124901,23.17065055611561,2018-09-22-03-02-38
1.0,113.34889112696891,23.170647656413138,2018-09-22-03-02-38
1.0,113.35413237977271,23.170639345515433,2018-09-22-03-02-38
1.0,113.35488118921535,23.17063820990819,2018-09-22-03-02-38
1.0,113.34489821216914,23.17090427408604,2018-09-22-03-02-38
1.0,113.3523851999654,23.17089195206552,2018-09-22-03-02-38
1.0,113.34489819507861,23.17115417890714,2018-09-22-03-02-38
1.0,113.34514774120247,23.171153750728255,2018-09-22-03-02-38
1.0,113.34639549115765,23.171151626501977,2018-09-22-03-02-38
1.0,113.34664504510395,23.171151205071624,2018-09-22-03-02-38
1.0,113.34864152623669,23.171147876544833,2018-09-22-03-02-38
1.0,113.35513076158897,23.171137644023943,2018-09-22-03-02-38
1.0,113.35013893039913,23.17139533747595,2018-09-22-03-02-38
1.0,113.35038850586025,23.17139493472513,2018-09-22-03-02-38
1.0,113.34564680309259,23.171652707427548,2018-09-22-03-02-38
1.0,113.34914062653034,23.171646866511,2018-09-22-03-02-38
1.0,113.35163638928037,23.171642846129078,2018-09-22-03-02-38
1.0,113.34864147492421,23.17189759123907,2018-09-22-03-02-38
1.0,113.34988932224127,23.17189555138596,2018-09-22-03-02-38
1.0,113.34939016176835,23.17214626844169,2018-09-22-03-02-38
1.0,113.34639540567558,23.172401151188918,2018-09-22-03-02-38
1.0,113.34914057521166,23.172396581438445,2018-09-22-03-02-38
1.0,113.3498892880235,23.17239536137628,2018-09-22-03-02-38
1.0,113.35013886196086,23.172394957300668,2018-09-22-03-02-38
1.0,113.35088759294358,23.17239375306633,2018-09-22-03-02-38
1.0,113.35138675469527,23.17239295701557,2018-09-22-03-02-38
1.0,113.34664492542164,23.17290053990599,2018-09-22-03-02-38
1.0,113.34764315478357,23.17289886595145,2018-09-22-03-02-38
1.0,113.35038840319675,23.172894364696013,2018-09-22-03-02-38
1.0,113.34514760446498,23.173152990697208,2018-09-22-03-02-38
1.0,113.34539715185387,23.173152563613673,2018-09-22-03-02-38
1.0,113.3466449083235,23.173150445038512,2018-09-22-03-02-38
1.0,113.34689446361035,23.173150024773104,2018-09-22-03-02-38
1.0,113.3471440202574,23.173149605684518,2018-09-22-03-02-38
1.0,113.3473935782771,23.173149187784254,2018-09-22-03-02-38
1.0,113.3481422606964,23.173147941328136,2018-09-22-03-02-38
1.0,113.35038838608557,23.173144269827887,2018-09-22-03-02-38
1.0,113.35063796307323,23.173143868412584,2018-09-22-03-02-38
1.0,113.35138670335215,23.17314267229326,2018-09-22-03-02-38
1.0,113.34489804125633,23.173403324048476,2018-09-22-03-02-38
1.0,113.34514758737204,23.173402895869202,2018-09-22-03-02-38
1.0,113.34539713476003,23.173402468785625,2018-09-22-03-02-38
1.0,113.34564668343293,23.173402042809396,2018-09-22-03-02-38
1.0,113.34789268138148,23.173398260766135,2018-09-22-03-02-38
1.0,113.34839180722645,23.17339743346722,2018-09-22-03-02-38
1.0,113.35138668623745,23.17339257746417,2018-09-22-03-02-38
1.0,113.34464847930893,23.17365365852312,2018-09-22-03-02-38
1.0,113.34489802416412,23.173653229259774,2018-09-22-03-02-38
1.0,113.34539711766602,23.17365237399684,2018-09-22-03-02-38
1.0,113.34589621630751,23.173651523163272,2018-09-22-03-02-38
1.0,113.34689442941179,23.173649835155757,2018-09-22-03-02-38
1.0,113.34714398605706,23.173649416067082,2018-09-22-03-02-38
1.0,113.34864135518922,23.173646926891,2018-09-22-03-02-38
1.0,113.35138666912258,23.173642482674346,2018-09-22-03-02-38
1.0,113.34464846221746,23.173903563773777,2018-09-22-03-02-38
1.0,113.34489800707176,23.17390313451039,2018-09-22-03-02-38
1.0,113.34514755318567,23.17390270633103,2018-09-22-03-02-38
1.0,113.34539710057184,23.17390227924737,2018-09-22-03-02-38
1.0,113.34689441231225,23.173899740406025,2018-09-22-03-02-38
1.0,113.3473935269737,23.173898903416916,2018-09-22-03-02-38
1.0,113.35138665200753,23.173892387923832,2018-09-22-03-02-38
1.0,113.34464844512584,23.17415346906381,2018-09-22-03-02-38
1.0,113.34489798997922,23.17415303980038,2018-09-22-03-02-38
1.0,113.34514753609223,23.17415261162098,2018-09-22-03-02-38
1.0,113.34614573339319,23.174150909976742,2018-09-22-03-02-38
1.0,113.34714395185607,23.17414922660691,2018-09-22-03-02-38
1.0,113.346145716296,23.174400815305944,2018-09-22-03-02-38
1.0,113.34639526889552,23.17440039272128,2018-09-22-03-02-38
1.0,113.34664482283026,23.174399971290367,2018-09-22-03-02-38
1.0,113.34789261296892,23.174397881845387,2018-09-22-03-02-38
1.0,113.3486413038717,23.174396642759078,2018-09-22-03-02-38
1.0,113.35113703612342,23.174392595882075,2018-09-22-03-02-38
1.0,113.34589614792262,23.1746511444015,2018-09-22-03-02-38
1.0,113.34614569919862,23.17465072067462,2018-09-22-03-02-38
1.0,113.34639525179726,23.174650298089915,2018-09-22-03-02-38
1.0,113.34664480573112,23.174649876658957,2018-09-22-03-02-38
1.0,113.3448979387006,23.174902755907116,2018-09-22-03-02-38
1.0,113.3451474848109,23.174902327727587,2018-09-22-03-02-38
1.0,113.34564658086097,23.174901474667266,2018-09-22-03-02-38
1.0,113.34639523469883,23.17490020349809,2018-09-22-03-02-38
1.0,113.34689434391245,23.17489936180138,2018-09-22-03-02-38
1.0,113.34839170459612,23.174896865322243,2018-09-22-03-02-38
1.0,113.34464837675763,23.175153090618736,2018-09-22-03-02-38
1.0,113.3448979216074,23.175152661355135,2018-09-22-03-02-38
1.0,113.34564656376506,23.175151380115157,2018-09-22-03-02-38
2.0,113.34589611372917,23.175150955257603,2018-09-22-03-02-38
1.0,113.34639521760025,23.17515010894585,2018-09-22-03-02-38
1.0,113.34664477153231,23.175149687514804,2018-09-22-03-02-38
1.0,113.34689432681208,23.17514926724905,2018-09-22-03-02-38
1.0,113.34764300086245,23.175148013558708,2018-09-22-03-02-38
1.0,113.34464835966517,23.175402996106435,2018-09-22-03-02-38
1.0,113.34539699800328,23.175401711579255,2018-09-22-03-02-38
1.0,113.34564654666897,23.175401285602682,2018-09-22-03-02-38
1.0,113.34689430971154,23.175399172736363,2018-09-22-03-02-38
1.0,113.34789254455369,23.175397503556315,2018-09-22-03-02-38
1.0,113.34539698090794,23.175651617106524,2018-09-22-03-02-38
1.0,113.34589607953504,23.17565076627227,2018-09-22-03-02-38
1.0,113.34839165327871,23.17564658178346,2018-09-22-03-02-38
1.0,113.34539696381242,23.17590152267354,2018-09-22-03-02-38
1.0,113.3476429495524,23.175897730139404,2018-09-22-03-02-38
1.0,113.3461455966109,23.176150153718797,2018-09-22-03-02-38
1.0,113.34639514920418,23.176149731133837,2018-09-22-03-02-38
1.0,113.34689425840891,23.176148889436696,2018-09-22-03-02-38
1.0,113.34464829129362,23.176402618454734,2018-09-22-03-02-38
1.0,113.34489783613884,23.17640218919092,2018-09-22-03-02-38
1.0,113.34689424130771,23.176398795083117,2018-09-22-03-02-38
1.0,113.3473933559515,23.176397958093144,2018-09-22-03-02-38
1.0,113.34789247613577,23.17639712590238,2018-09-22-03-02-38
1.0,113.34839160195978,23.176396298602427,2018-09-22-03-02-38
1.0,113.34864116701763,23.17639588681503,2018-09-22-03-02-38
1.0,113.34489781904463,23.176652094877596,2018-09-22-03-02-38
1.0,113.347143780841,23.176648281680258,2018-09-22-03-02-38
1.0,113.34739333884835,23.17664786377939,2018-09-22-03-02-38
1.0,113.34889071641408,23.176645381970513,2018-09-22-03-02-38
2.0,113.34689420710478,23.176898606495744,2018-09-22-03-02-38
1.0,113.3478924419258,23.17689693731466,2018-09-22-03-02-38
1.0,113.3466446347304,23.17714893252816,2018-09-22-03-02-38
1.0,113.34614551111652,23.177399682351197,2018-09-22-03-02-38
1.0,113.34664460052825,23.177648744181145,2018-09-22-03-02-38
1.0,113.34539682704226,23.177900768647127,2018-09-22-03-02-38
1.0,113.34614545981788,23.178149400011723,2018-09-22-03-02-38
1.0,113.349389751148,23.17814399968199,2018-09-22-03-02-38
1.0,113.34664454922377,23.17839846196211,2018-09-22-03-02-38
1.0,113.349888877358,23.178393093566527,2018-09-22-03-02-38
1.0,113.34664453212193,23.178648367969714,2018-09-22-03-02-38
1.0,113.34689405318333,23.179147759839708,2018-09-22-03-02-38
1.0,113.35313334045097,23.18013728997139,2018-09-22-03-02-38
1.0,113.3461453059129,23.180398555174605,2018-09-22-03-02-38
1.0,113.35338291794058,23.180386810271248,2018-09-22-03-02-38
