count,wgs_lng,wgs_lat,time
1.0,113.32593728031809,23.143949607388393,2018-09-25-03-00-21
1.0,113.33192508689157,23.143938250004137,2018-09-25-03-00-21
1.0,113.33217458479862,23.143937781308182,2018-09-25-03-00-21
1.0,113.33292308213228,23.14393637808479,2018-09-25-03-00-21
1.0,113.33342208349843,23.143935445112618,2018-09-25-03-00-21
1.0,113.33367158516458,23.14393497941644,2018-09-25-03-00-21
1.0,113.33417059052954,23.143934049665283,2018-09-25-03-00-21
1.0,113.32493931504284,23.144201414845107,2018-09-25-03-00-21
1.0,113.3256877758958,23.14419998476366,2018-09-25-03-00-21
1.0,113.32668572719483,23.14419808011868,2018-09-25-03-00-21
1.0,113.32718470458337,23.144197128931694,2018-09-25-03-00-21
1.0,113.32793317314146,23.144195703848823,2018-09-25-03-00-21
1.0,113.3284321539867,23.144194755069577,2018-09-25-03-00-21
1.0,113.33117657957618,23.14418955974423,2018-09-25-03-00-21
1.0,113.3344200772222,23.144183486594493,2018-09-25-03-00-21
1.0,113.33466958165963,23.144183023143786,2018-09-25-03-00-21
1.0,113.3354180993825,23.144181636392755,2018-09-25-03-00-21
1.0,113.33516857569066,23.14443199902298,2018-09-25-03-00-21
1.0,113.3264362049533,23.14469835803494,2018-09-25-03-00-21
1.0,113.33117654553593,23.144689361763003,2018-09-25-03-00-21
1.0,113.32943005244188,23.145192465188867,2018-09-25-03-00-21
1.0,113.33616655583963,23.14517985946592,2018-09-25-03-00-21
1.0,113.33641606563523,23.145179400415955,2018-09-25-03-00-21
1.0,113.32593717832285,23.145449013647557,2018-09-25-03-00-21
1.0,113.33042800905467,23.145440477597823,2018-09-25-03-00-21
1.0,113.33317248032272,23.145435317591446,2018-09-25-03-00-21
1.0,113.32468972655386,23.145701298235267,2018-09-25-03-00-21
1.0,113.33516849050898,23.14568150447815,2018-09-25-03-00-21
1.0,113.32768356422855,23.145945486279977,2018-09-25-03-00-21
1.0,113.32893101732134,23.145943115071454,2018-09-25-03-00-21
1.0,113.33017848089803,23.14594075158222,2018-09-25-03-00-21
1.0,113.33367144892162,23.145934188015598,2018-09-25-03-00-21
1.0,113.3344199579884,23.145932794233005,2018-09-25-03-00-21
1.0,113.33466946241896,23.145932330782006,2018-09-25-03-00-21
1.0,113.33516847347214,23.145931405668318,2018-09-25-03-00-21
1.0,113.32992897024742,23.146191124812592,2018-09-25-03-00-21
1.0,113.32918047511778,23.14644244418853,2018-09-25-03-00-21
1.0,113.33566745345843,23.14643028550034,2018-09-25-03-00-21
1.0,113.32843198388879,23.14669376648821,2018-09-25-03-00-21
1.0,113.33367139782776,23.146683891786118,2018-09-25-03-00-21
1.0,113.32543810174207,23.14694937407433,2018-09-25-03-00-21
1.0,113.3306774015612,23.146939413789877,2018-09-25-03-00-21
1.0,113.33167538529091,23.14693753285411,2018-09-25-03-00-21
1.0,113.32718450052433,23.147195943034863,2018-09-25-03-00-21
1.0,113.32918042407663,23.147192148161192,2018-09-25-03-00-21
1.0,113.32992890218085,23.147190730042325,2018-09-25-03-00-21
1.0,113.33067738454132,23.14718931514723,2018-09-25-03-00-21
1.0,113.33192486558133,23.147186965057912,2018-09-25-03-00-21
1.0,113.33591691052968,23.147179529100985,2018-09-25-03-00-21
1.0,113.33616641951177,23.147179069385352,2018-09-25-03-00-21
1.0,113.33666543990635,23.147178151962276,2018-09-25-03-00-21
1.0,113.32668550615601,23.147446795614318,2018-09-25-03-00-21
1.0,113.32718448351831,23.147445844426258,2018-09-25-03-00-21
1.0,113.33017837879218,23.147440159426857,2018-09-25-03-00-21
1.0,113.33092686264868,23.14743874568032,2018-09-25-03-00-21
1.0,113.33117635830254,23.147438275230172,2018-09-25-03-00-21
1.0,113.3319248485563,23.14743686644852,2018-09-25-03-00-21
1.0,113.33267334402875,23.147435461778837,2018-09-25-03-00-21
1.0,113.33516837124762,23.14743081350796,2018-09-25-03-00-21
1.0,113.33591689348891,23.147429430490924,2018-09-25-03-00-21
1.0,113.32618651298668,23.147697649017424,2018-09-25-03-00-21
1.0,113.32693497767592,23.147696221340308,2018-09-25-03-00-21
1.0,113.33117634128034,23.147688176654416,2018-09-25-03-00-21
1.0,113.33392083202479,23.147683032126743,2018-09-25-03-00-21
1.0,113.33666540581885,23.147677954775414,2018-09-25-03-00-21
1.0,113.33067733348065,23.147939019420264,2018-09-25-03-00-21
1.0,113.33117632425795,23.14793807811223,2018-09-25-03-00-21
2.0,113.32967934095915,23.14819080817211,2018-09-25-03-00-21
1.0,113.33017832773702,23.148189863800855,2018-09-25-03-00-21
1.0,113.3306773164601,23.14818892091179,2018-09-25-03-00-21
1.0,113.33142580342606,23.14818750957331,2018-09-25-03-00-21
1.0,113.33167530016988,23.14818703997519,2018-09-25-03-00-21
1.0,113.33342179398615,23.14818376592588,2018-09-25-03-00-21
1.0,113.33392079795809,23.14818283507508,2018-09-25-03-00-21
1.0,113.3246895396009,23.148450213180205,2018-09-25-03-00-21
1.0,113.3294298312505,23.1484411824081,2018-09-25-03-00-21
1.0,113.33067729943937,23.148438822436997,2018-09-25-03-00-21
1.0,113.33267327591506,23.148435067676463,2018-09-25-03-00-21
1.0,113.33317227596594,23.14843413367826,2018-09-25-03-00-21
1.0,113.33342177695452,23.148433667450632,2018-09-25-03-00-21
1.0,113.33192476342865,23.148686373905377,2018-09-25-03-00-21
1.0,113.33616631725887,23.14867847822856,2018-09-25-03-00-21
1.0,113.33741387449011,23.148676189872734,2018-09-25-03-00-21
1.0,113.32992878305795,23.14894004048465,2018-09-25-03-00-21
1.0,113.33017827668034,23.148939568477996,2018-09-25-03-00-21
1.0,113.33042777078906,23.148939096841893,2018-09-25-03-00-21
1.0,113.33466925798739,23.148931147668797,2018-09-25-03-00-21
1.0,113.32468948861023,23.149199917961464,2018-09-25-03-00-21
1.0,113.32992876603973,23.14918994211137,2018-09-25-03-00-21
1.0,113.33017825966112,23.149189470104677,2018-09-25-03-00-21
1.0,113.33691481498343,23.149176906338905,2018-09-25-03-00-21
1.0,113.3271843474643,23.149445056768634,2018-09-25-03-00-21
1.0,113.33367121047078,23.149432808190486,2018-09-25-03-00-21
1.0,113.33541774157442,23.149429564200897,2018-09-25-03-00-21
1.0,113.32493894111644,23.14969924438528,2018-09-25-03-00-21
1.0,113.3251884278223,23.14969876756311,2018-09-25-03-00-21
1.0,113.32893076212062,23.14969163695215,2018-09-25-03-00-21
1.0,113.32967923885631,23.149690217831562,2018-09-25-03-00-21
1.0,113.33092670945172,23.14968785971215,2018-09-25-03-00-21
1.0,113.33417019875705,23.14968178013138,2018-09-25-03-00-21
1.0,113.32493892411787,23.14994914611472,2018-09-25-03-00-21
1.0,113.32568738490099,23.149947716030418,2018-09-25-03-00-21
1.0,113.326685336107,23.149945811381638,2018-09-25-03-00-21
1.0,113.33167518099344,23.149936351360974,2018-09-25-03-00-21
1.0,113.32518839382297,23.15019857105598,2018-09-25-03-00-21
1.0,113.32768327508373,23.15019381165582,2018-09-25-03-00-21
1.0,113.32893072809104,23.15019144044378,2018-09-25-03-00-21
1.0,113.33042768568627,23.150188605314714,2018-09-25-03-00-21
1.0,113.33666523537129,23.150176970864337,2018-09-25-03-00-21
2.0,113.32618632595226,23.15044656692125,2018-09-25-03-00-21
1.0,113.33042766866522,23.150438507111453,2018-09-25-03-00-21
1.0,113.3369147297519,23.15042641497641,2018-09-25-03-00-21
1.0,113.32518835982297,23.15069837468539,2018-09-25-03-00-21
1.0,113.32992866392689,23.150689352585722,2018-09-25-03-00-21
1.0,113.330427651644,23.150688408942383,2018-09-25-03-00-21
1.0,113.3334216236623,23.1506827826984,2018-09-25-03-00-21
1.0,113.3344196343126,23.15068092321613,2018-09-25-03-00-21
1.0,113.33691471270508,23.150676316806255,2018-09-25-03-00-21
1.0,113.33417011357744,23.15093128911224,2018-09-25-03-00-21
1.0,113.33466912168632,23.150930361628802,2018-09-25-03-00-21
1.0,113.33491862682357,23.15092989876899,2018-09-25-03-00-21
1.0,113.32843167767062,23.151191995482453,2018-09-25-03-00-21
1.0,113.33017812350134,23.15118868434351,2018-09-25-03-00-21
1.0,113.33142559913054,23.151186330113475,2018-09-25-03-00-21
1.0,113.33466910464794,23.15118026352757,2018-09-25-03-00-21
1.0,113.33491860978421,23.151179800667716,2018-09-25-03-00-21
1.0,113.32893064301413,23.151440949771175,2018-09-25-03-00-21
1.0,113.33441958320039,23.151430628912614,2018-09-25-03-00-21
1.0,113.33541760524723,23.15142877870603,2018-09-25-03-00-21
1.0,113.32942959301293,23.151939807332127,2018-09-25-03-00-21
1.0,113.3249387711233,23.152198263219876,2018-09-25-03-00-21
1.0,113.3339205254004,23.152181263549963,2018-09-25-03-00-21
1.0,113.32843159260044,23.152441505497972,2018-09-25-03-00-21
1.0,113.32967905165222,23.152439138730244,2018-09-25-03-00-21
1.0,113.33017803839606,23.15243819435758,2018-09-25-03-00-21
1.0,113.33242350436053,23.152433964447898,2018-09-25-03-00-21
1.0,113.33541753707962,23.152428386782727,2018-09-25-03-00-21
1.0,113.32568719787236,23.15269663731432,2018-09-25-03-00-21
1.0,113.32693463753776,23.15269425696389,2018-09-25-03-00-21
1.0,113.32718412635381,23.15269378147392,2018-09-25-03-00-21
1.0,113.32768310497607,23.152692831173024,2018-09-25-03-00-21
1.0,113.33017802137451,23.152688096464086,2018-09-25-03-00-21
1.0,113.33042751546823,23.152687624827358,2018-09-25-03-00-21
1.0,113.33491850754453,23.152679212783546,2018-09-25-03-00-21
1.0,113.33541752003731,23.15267828888836,2018-09-25-03-00-21
1.0,113.3361660445551,23.15267690779148,2018-09-25-03-00-21
1.0,113.3276830879644,23.15294273331464,2018-09-25-03-00-21
1.0,113.33092648814339,23.152936584856008,2018-09-25-03-00-21
1.0,113.3271840923343,23.15319358579206,2018-09-25-03-00-21
1.0,113.32868103252493,23.153190737951274,2018-09-25-03-00-21
1.0,113.3309264711185,23.153186487031828,2018-09-25-03-00-21
1.0,113.32868101550889,23.153440640162277,2018-09-25-03-00-21
1.0,113.329678983573,23.15343874736498,2018-09-25-03-00-21
1.0,113.33042746439956,23.153437331355132,2018-09-25-03-00-21
1.0,113.33292243499568,23.153432638081,2018-09-25-03-00-21
1.0,113.33317193531796,23.153432171334124,2018-09-25-03-00-21
1.0,113.33167492558788,23.15368488140646,2018-09-25-03-00-21
1.0,113.33192442287634,23.153684412251994,2018-09-25-03-00-21
1.0,113.32793250974399,23.153941867442736,2018-09-25-03-00-21
1.0,113.33042743035296,23.153937135881197,2018-09-25-03-00-21
1.0,113.33217390371433,23.153933845834615,2018-09-25-03-00-21
1.0,113.34040842795982,23.14392265089115,2018-09-25-03-00-21
1.0,113.34115700761997,23.143921315900812,2018-09-25-03-00-21
1.0,113.3421551288365,23.14391954866468,2018-09-25-03-00-21
1.0,113.3344200772222,23.144183486594493,2018-09-25-03-00-21
1.0,113.33466958165963,23.144183023143786,2018-09-25-03-00-21
1.0,113.3354180993825,23.144181636392755,2018-09-25-03-00-21
1.0,113.33866176042567,23.144175696749528,2018-09-25-03-00-21
1.0,113.33941031903194,23.144174343974036,2018-09-25-03-00-21
1.0,113.34040841090399,23.144172551849785,2018-09-25-03-00-21
1.0,113.3409074629588,23.144171660965256,2018-09-25-03-00-21
1.0,113.34115699056133,23.14417121685932,2018-09-25-03-00-21
1.0,113.34165604898136,23.144170331379843,2018-09-25-03-00-21
1.0,113.34215511177412,23.144169449623018,2018-09-25-03-00-21
1.0,113.33516857569066,23.14443199902298,2018-09-25-03-00-21
1.0,113.340408393848,23.1444224528412,2018-09-25-03-00-21
1.0,113.34614776676425,23.144412441933333,2018-09-25-03-00-21
1.0,113.34165601485982,23.144670133395092,2018-09-25-03-00-21
1.0,113.33965978934278,23.144923597751774,2018-09-25-03-00-21
1.0,113.33616655583963,23.14517985946592,2018-09-25-03-00-21
1.0,113.33641606563523,23.145179400415955,2018-09-25-03-00-21
1.0,113.33516849050898,23.14568150447815,2018-09-25-03-00-21
1.0,113.33965973818128,23.145673301121516,2018-09-25-03-00-21
1.0,113.33990926063586,23.145672852660724,2018-09-25-03-00-21
1.0,113.34090736060902,23.145671067406923,2018-09-25-03-00-21
1.0,113.3344199579884,23.145932794233005,2018-09-25-03-00-21
1.0,113.33466946241896,23.145932330782006,2018-09-25-03-00-21
1.0,113.33516847347214,23.145931405668318,2018-09-25-03-00-21
1.0,113.33566745345843,23.14643028550034,2018-09-25-03-00-21
1.0,113.33891112554763,23.146424355133448,2018-09-25-03-00-21
1.0,113.33916064507011,23.146423904203882,2018-09-25-03-00-21
1.0,113.33916062801734,23.146673805493073,2018-09-25-03-00-21
1.0,113.33591691052968,23.147179529100985,2018-09-25-03-00-21
1.0,113.33616641951177,23.147179069385352,2018-09-25-03-00-21
1.0,113.33666543990635,23.147178151962276,2018-09-25-03-00-21
1.0,113.33516837124762,23.14743081350796,2018-09-25-03-00-21
1.0,113.33591689348891,23.147429430490924,2018-09-25-03-00-21
1.0,113.33941009734012,23.147423059442037,2018-09-25-03-00-21
1.0,113.33666540581885,23.147677954775414,2018-09-25-03-00-21
1.0,113.3391605598046,23.14767341098384,2018-09-25-03-00-21
1.0,113.3389110061814,23.148173664860273,2018-09-25-03-00-21
1.0,113.33941004617645,23.148172763811395,2018-09-25-03-00-21
1.0,113.3396595676321,23.148172314515264,2018-09-25-03-00-21
1.0,113.34240437180692,23.14816742999957,2018-09-25-03-00-21
1.0,113.33616631725887,23.14867847822856,2018-09-25-03-00-21
1.0,113.33741387449011,23.148676189872734,2018-09-25-03-00-21
1.0,113.33841193588529,23.14867437218582,2018-09-25-03-00-21
1.0,113.33866145351165,23.14867391967039,2018-09-25-03-00-21
1.0,113.33466925798739,23.148931147668797,2018-09-25-03-00-21
1.0,113.3381624021326,23.148924727067364,2018-09-25-03-00-21
1.0,113.33691481498343,23.149176906338905,2018-09-25-03-00-21
1.0,113.33891093796846,23.149173271158247,2018-09-25-03-00-21
1.0,113.33541774157442,23.149429564200897,2018-09-25-03-00-21
1.0,113.3379128522429,23.149424984404657,2018-09-25-03-00-21
1.0,113.33990898773402,23.14967127570322,2018-09-25-03-00-21
41.0,113.34589785674096,23.149660794127225,2018-09-25-03-00-21
44.0,113.34614740810635,23.149660370404646,2018-09-25-03-00-21
1.0,113.34564828960644,23.149911120706356,2018-09-25-03-00-21
1.0,113.33666523537129,23.150176970864337,2018-09-25-03-00-21
1.0,113.3379128010924,23.150174689586546,2018-09-25-03-00-21
1.0,113.34290330477376,23.150165767136723,2018-09-25-03-00-21
1.0,113.34415099900589,23.150163594676783,2018-09-25-03-00-21
1.0,113.34440054146542,23.150163163284486,2018-09-25-03-00-21
1.0,113.3369147297519,23.15042641497641,2018-09-25-03-00-21
1.0,113.34290328770443,23.150415668931366,2018-09-25-03-00-21
1.0,113.34564825544794,23.150410924260566,2018-09-25-03-00-21
1.0,113.3344196343126,23.15068092321613,2018-09-25-03-00-21
1.0,113.33691471270508,23.150676316806255,2018-09-25-03-00-21
1.0,113.33466912168632,23.150930361628802,2018-09-25-03-00-21
1.0,113.33491862682357,23.15092989876899,2018-09-25-03-00-21
1.0,113.34365186652144,23.150914166082526,2018-09-25-03-00-21
1.0,113.33466910464794,23.15118026352757,2018-09-25-03-00-21
1.0,113.33491860978421,23.151179800667716,2018-09-25-03-00-21
1.0,113.3451491079879,23.151161482900605,2018-09-25-03-00-21
1.0,113.33441958320039,23.151430628912614,2018-09-25-03-00-21
1.0,113.33541760524723,23.15142877870603,2018-09-25-03-00-21
1.0,113.34614725437322,23.151909487169007,2018-09-25-03-00-21
1.0,113.34190503377016,23.152166738314094,2018-09-25-03-00-21
1.0,113.33541753707962,23.152428386782727,2018-09-25-03-00-21
1.0,113.33491850754453,23.152679212783546,2018-09-25-03-00-21
1.0,113.33541752003731,23.15267828888836,2018-09-25-03-00-21
1.0,113.3361660445551,23.15267690779148,2018-09-25-03-00-21
1.0,113.35488302056055,23.143898610574148,2018-09-25-03-00-21
1.0,113.35563184597062,23.143897488777558,2018-09-25-03-00-21
1.0,113.35613107179327,23.14389674871998,2018-09-25-03-00-21
1.0,113.35563182886179,23.144147389733547,2018-09-25-03-00-21
1.0,113.34614776676425,23.144412441933333,2018-09-25-03-00-21
1.0,113.34764510327638,23.144409923993233,2018-09-25-03-00-21
1.0,113.3476450861938,23.144659825016248,2018-09-25-03-00-21
1.0,113.35263658604144,23.144651760547685,2018-09-25-03-00-21
1.0,113.35588140665665,23.144646820927253,2018-09-25-03-00-21
1.0,113.34939200836507,23.14515674484639,2018-09-25-03-00-21
1.0,113.34964157939172,23.14515633815999,2018-09-25-03-00-21
1.0,113.34939199127592,23.14540664596795,2018-09-25-03-00-21
1.0,113.34914240464515,23.14565695509992,2018-09-25-03-00-21
1.0,113.3493919741866,23.145656547122563,2018-09-25-03-00-21
1.0,113.34939195709711,23.145906448310303,2018-09-25-03-00-21
1.0,113.34964152812118,23.145906041623775,2018-09-25-03-00-21
1.0,113.34989110064093,23.145905636239387,2018-09-25-03-00-21
1.0,113.35663013370208,23.146395026046655,2018-09-25-03-00-21
1.0,113.35138849946304,23.14690283698836,2018-09-25-03-00-21
1.0,113.35438360709867,23.146898179771533,2018-09-25-03-00-21
1.0,113.35113890062117,23.1471531356785,2018-09-25-03-00-21
1.0,113.35063970763521,23.147653737256203,2018-09-25-03-00-21
1.0,113.35288595513649,23.147900087960778,2018-09-25-03-00-21
1.0,113.3518875651126,23.148401455093502,2018-09-25-03-00-21
1.0,113.35188754801284,23.14865135664883,2018-09-25-03-00-21
1.0,113.35638036226281,23.14864450488639,2018-09-25-03-00-21
1.0,113.3566299625583,23.148894040415467,2018-09-25-03-00-21
1.0,113.35712920286781,23.14889331312874,2018-09-25-03-00-21
41.0,113.34589785674096,23.149660794127225,2018-09-25-03-00-21
44.0,113.34614740810635,23.149660370404646,2018-09-25-03-00-21
1.0,113.35138831138572,23.14965175372996,2018-09-25-03-00-21
1.0,113.34564828960644,23.149911120706356,2018-09-25-03-00-21
1.0,113.35088913238411,23.1499024514978,2018-09-25-03-00-21
1.0,113.35687951332902,23.149893282655366,2018-09-25-03-00-21
1.0,113.34415099900589,23.150163594676783,2018-09-25-03-00-21
1.0,113.34440054146542,23.150163163284486,2018-09-25-03-00-21
1.0,113.35014038407809,23.15015355747959,2018-09-25-03-00-21
1.0,113.34564825544794,23.150410924260566,2018-09-25-03-00-21
1.0,113.34839336304651,23.150656216789937,2018-09-25-03-00-21
1.0,113.3451491079879,23.151161482900605,2018-09-25-03-00-21
1.0,113.35138820878954,23.151151164592015,2018-09-25-03-00-21
1.0,113.34614725437322,23.151909487169007,2018-09-25-03-00-21
1.0,113.34864284274084,23.151905314661025,2018-09-25-03-00-21
1.0,113.3526360900812,23.15189890472726,2018-09-25-03-00-21
1.0,113.35563126417581,23.1523941400085,2018-09-25-03-00-21
1.0,113.35313517187643,23.15339754111527,2018-09-25-03-00-21
1.0,113.3276830879644,23.15294273331464,2018-09-25-03-00-21
1.0,113.33092648814339,23.152936584856008,2018-09-25-03-00-21
1.0,113.3271840923343,23.15319358579206,2018-09-25-03-00-21
1.0,113.32868103252493,23.153190737951274,2018-09-25-03-00-21
1.0,113.3309264711185,23.153186487031828,2018-09-25-03-00-21
1.0,113.32868101550889,23.153440640162277,2018-09-25-03-00-21
1.0,113.329678983573,23.15343874736498,2018-09-25-03-00-21
1.0,113.33042746439956,23.153437331355132,2018-09-25-03-00-21
1.0,113.33292243499568,23.153432638081,2018-09-25-03-00-21
1.0,113.33317193531796,23.153432171334124,2018-09-25-03-00-21
1.0,113.33167492558788,23.15368488140646,2018-09-25-03-00-21
1.0,113.33192442287634,23.153684412251994,2018-09-25-03-00-21
1.0,113.32793250974399,23.153941867442736,2018-09-25-03-00-21
1.0,113.33042743035296,23.153937135881197,2018-09-25-03-00-21
1.0,113.33217390371433,23.153933845834615,2018-09-25-03-00-21
1.0,113.32818198292324,23.154191295231495,2018-09-25-03-00-21
1.0,113.3284314734952,23.154190820976062,2018-09-25-03-00-21
1.0,113.32917994762025,23.154189399963514,2018-09-25-03-00-21
1.0,113.33192438881746,23.15418421684745,2018-09-25-03-00-21
1.0,113.33616594228018,23.154176321155035,2018-09-25-03-00-21
1.0,113.33641545204084,23.154175862103564,2018-09-25-03-00-21
1.0,113.33666496262046,23.15417540372961,2018-09-25-03-00-21
1.0,113.33691445698292,23.15442484839477,2018-09-25-03-00-21
1.0,113.33741348235377,23.15442393514392,2018-09-25-03-00-21
1.0,113.33766299634011,23.154423479601665,2018-09-25-03-00-21
1.0,113.32818194889369,23.15469109996831,2018-09-25-03-00-21
1.0,113.3344193616968,23.154679357195825,2018-09-25-03-00-21
1.0,113.3361659081872,23.15467612588919,2018-09-25-03-00-21
1.0,113.33691443993344,23.15467475077926,2018-09-25-03-00-21
1.0,113.32593651520784,23.155195183888168,2018-09-25-03-00-21
1.0,113.32917987954438,23.15518900957705,2018-09-25-03-00-21
1.0,113.3294293717631,23.155188536531824,2018-09-25-03-00-21
1.0,113.33167482341516,23.155184295613875,2018-09-25-03-00-21
1.0,113.32793240766037,23.155441281864565,2018-09-25-03-00-21
1.0,113.32917986252501,23.155438912068423,2018-09-25-03-00-21
1.0,113.3321738015287,23.155433260252213,2018-09-25-03-00-21
1.0,113.33491832008951,23.155428138248485,2018-09-25-03-00-21
1.0,113.33516782594873,23.155427675992186,2018-09-25-03-00-21
2.0,113.33242328295083,23.155682694549697,2018-09-25-03-00-21
1.0,113.33267278201106,23.15568222680251,2018-09-25-03-00-21
1.0,113.32518800278292,23.155946321150115,2018-09-25-03-00-21
1.0,113.32618595182305,23.155944415214137,2018-09-25-03-00-21
1.0,113.3264354397296,23.15594393913115,2018-09-25-03-00-21
1.0,113.32518798577918,23.156196223748243,2018-09-25-03-00-21
1.0,113.32618593481527,23.156194317812098,2018-09-25-03-00-21
1.0,113.32693439940145,23.156192890130765,2018-09-25-03-00-21
1.0,113.32743337733089,23.156191939371894,2018-09-25-03-00-21
1.0,113.3351677748182,23.15617738367539,2018-09-25-03-00-21
1.0,113.33766287697,23.156172797032156,2018-09-25-03-00-21
1.0,113.32518796877528,23.156446126381848,2018-09-25-03-00-21
1.0,113.33092624977985,23.15643521850518,2018-09-25-03-00-21
1.0,113.33117574539783,23.15643474805354,2018-09-25-03-00-21
1.0,113.33466874680335,23.156428211424537,2018-09-25-03-00-21
1.0,113.33516775777436,23.156427286307338,2018-09-25-03-00-21
1.0,113.33716383283085,23.156423611475027,2018-09-25-03-00-21
1.0,113.3374133459378,23.156423155206273,2018-09-25-03-00-21
1.0,113.3276828327692,23.156691269640078,2018-09-25-03-00-21
1.0,113.33192421851297,23.15668324193542,2018-09-25-03-00-21
1.0,113.3366647921295,23.15667442880965,2018-09-25-03-00-21
1.0,113.32793230557074,23.156940697557484,2018-09-25-03-00-21
1.0,113.33167470420605,23.156933613794024,2018-09-25-03-00-21
1.0,113.33641526451052,23.156924789886872,2018-09-25-03-00-21
1.0,113.3369142864806,23.156923873827747,2018-09-25-03-00-21
1.0,113.32543740465643,23.157195357795988,2018-09-25-03-00-21
1.0,113.32593637915298,23.157194404815225,2018-09-25-03-00-21
1.0,113.32768279874035,23.157191075084338,2018-09-25-03-00-21
1.0,113.33017771495803,23.157186340367943,2018-09-25-03-00-21
1.0,113.33042720903374,23.15718586873047,2018-09-25-03-00-21
1.0,113.33117569431269,23.15718445616478,2018-09-25-03-00-21
1.0,113.33516770664183,23.15717699441658,2018-09-25-03-00-21
1.0,113.32793227153954,23.157440503073005,2018-09-25-03-00-21
1.0,113.33042719200803,23.157435771505664,2018-09-25-03-00-21
1.0,113.33616572066387,23.15742505445158,2018-09-25-03-00-21
1.0,113.33741327772582,23.157422766088413,2018-09-25-03-00-21
1.0,113.32593634513759,23.157694210402855,2018-09-25-03-00-21
1.0,113.33042717498213,23.157685674316607,2018-09-25-03-00-21
1.0,113.33067666955557,23.157685203061945,2018-09-25-03-00-21
1.0,113.3311756602551,23.15768426175067,2018-09-25-03-00-21
1.0,113.32843121824222,23.157939359947736,2018-09-25-03-00-21
1.0,113.33092614761404,23.157934635049195,2018-09-25-03-00-21
1.0,113.33117564322605,23.157934164597304,2018-09-25-03-00-21
1.0,113.32518784974329,23.158195445815064,2018-09-25-03-00-21
1.0,113.32568682375472,23.158194492550248,2018-09-25-03-00-21
1.0,113.32618579874698,23.158193539877598,2018-09-25-03-00-21
1.0,113.32668477482726,23.15819258789601,2018-09-25-03-00-21
1.0,113.32768273068064,23.158190686401678,2018-09-25-03-00-21
1.0,113.33616566951765,23.158174762989027,2018-09-25-03-00-21
1.0,113.32593629411328,23.158443919053006,2018-09-25-03-00-21
1.0,113.32743322420787,23.158441064354776,2018-09-25-03-00-21
1.0,113.33466861046224,23.158427433764547,2018-09-25-03-00-21
1.0,113.32618576472825,23.15869334575206,2018-09-25-03-00-21
1.0,113.32493831205873,23.158945631504974,2018-09-25-03-00-21
1.0,113.33217356307217,23.158931898857194,2018-09-25-03-00-21
1.0,113.33691415006675,23.15892309673769,2018-09-25-03-00-21
1.0,113.33142505422515,23.159183209337346,2018-09-25-03-00-21
1.0,113.32768264560225,23.15944020135696,2018-09-25-03-00-21
1.0,113.33167453389316,23.15943264279997,2018-09-25-03-00-21
1.0,113.33317149237587,23.159929641200293,2018-09-25-03-00-21
1.0,113.33466850819941,23.159926852028967,2018-09-25-03-00-21
1.0,113.32518771369676,23.160194670180754,2018-09-25-03-00-21
1.0,113.32618566266805,23.160192764241966,2018-09-25-03-00-21
1.0,113.33092599435409,23.160183762289805,2018-09-25-03-00-21
1.0,113.33441898678035,23.16017721865317,2018-09-25-03-00-21
1.0,113.33491799625604,23.160176292338438,2018-09-25-03-00-21
1.0,113.32618564565743,23.160442667450564,2018-09-25-03-00-21
1.0,113.32893003033759,23.16043744275188,2018-09-25-03-00-21
1.0,113.32518767968347,23.1606944766347,2018-09-25-03-00-21
1.0,113.33192394599111,23.16068168950124,2018-09-25-03-00-21
1.0,113.3341694490334,23.16067748913728,2018-09-25-03-00-21
1.0,113.32743305405535,23.16094009553294,2018-09-25-03-00-21
1.0,113.32568661965662,23.161193329968736,2018-09-25-03-00-21
1.0,113.3259361070113,23.161192853551714,2018-09-25-03-00-21
1.0,113.3264350825099,23.16119190121124,2018-09-25-03-00-21
1.0,113.32868048792906,23.161187626271172,2018-09-25-03-00-21
1.0,113.32618556060186,23.16169218404094,2018-09-25-03-00-21
1.0,113.33491787693377,23.161925615555184,2018-09-25-03-00-21
1.0,113.32543704750427,23.16244332367439,2018-09-25-03-00-21
1.0,113.32618550956651,23.162441894435062,2018-09-25-03-00-21
1.0,113.33516734867203,23.16242496026099,2018-09-25-03-00-21
1.0,113.32843089486798,23.162687520919803,2018-09-25-03-00-21
1.0,113.32568650058833,23.162942654222906,2018-09-25-03-00-21
1.0,113.33616594228018,23.154176321155035,2018-09-25-03-00-21
1.0,113.33641545204084,23.154175862103564,2018-09-25-03-00-21
1.0,113.33666496262046,23.15417540372961,2018-09-25-03-00-21
1.0,113.3384115607157,23.15417221510398,2018-09-25-03-00-21
1.0,113.33691445698292,23.15442484839477,2018-09-25-03-00-21
1.0,113.33741348235377,23.15442393514392,2018-09-25-03-00-21
1.0,113.33766299634011,23.154423479601665,2018-09-25-03-00-21
1.0,113.33791251121129,23.154423024797705,2018-09-25-03-00-21
1.0,113.3361659081872,23.15467612588919,2018-09-25-03-00-21
1.0,113.33691443993344,23.15467475077926,2018-09-25-03-00-21
1.0,113.34664615604775,23.154907469869926,2018-09-25-03-00-21
1.0,113.33491832008951,23.155428138248485,2018-09-25-03-00-21
1.0,113.33516782594873,23.155427675992186,2018-09-25-03-00-21
1.0,113.34639656787313,23.15540769623917,2018-09-25-03-00-21
1.0,113.34664612187542,23.15540727481153,2018-09-25-03-00-21
1.0,113.34689566013792,23.155656757072876,2018-09-25-03-00-21
1.0,113.34739477492823,23.15565592009007,2018-09-25-03-00-21
1.0,113.33791240888877,23.155922439631897,2018-09-25-03-00-21
1.0,113.3351677748182,23.15617738367539,2018-09-25-03-00-21
1.0,113.33766287697,23.156172797032156,2018-09-25-03-00-21
1.0,113.33841142427035,23.156171434882747,2018-09-25-03-00-21
1.0,113.33891046040303,23.15617053063607,2018-09-25-03-00-21
1.0,113.33466874680335,23.156428211424537,2018-09-25-03-00-21
1.0,113.33516775777436,23.156427286307338,2018-09-25-03-00-21
1.0,113.33716383283085,23.156423611475027,2018-09-25-03-00-21
1.0,113.3374133459378,23.156423155206273,2018-09-25-03-00-21
1.0,113.3391599628291,23.15641998233614,2018-09-25-03-00-21
1.0,113.34514874931043,23.156409430760302,2018-09-25-03-00-21
1.0,113.346895608875,23.156406464856364,2018-09-25-03-00-21
1.0,113.34739472366002,23.156405627873298,2018-09-25-03-00-21
1.0,113.3366647921295,23.15667442880965,2018-09-25-03-00-21
1.0,113.34489918605246,23.15665976160249,2018-09-25-03-00-21
1.0,113.33641526451052,23.156924789886872,2018-09-25-03-00-21
1.0,113.3369142864806,23.156923873827747,2018-09-25-03-00-21
1.0,113.34415053795156,23.15691095529065,2018-09-25-03-00-21
1.0,113.33516770664183,23.15717699441658,2018-09-25-03-00-21
1.0,113.34290282676932,23.157163030493745,2018-09-25-03-00-21
1.0,113.3463964482709,23.157157014650224,2018-09-25-03-00-21
1.0,113.33616572066387,23.15742505445158,2018-09-25-03-00-21
1.0,113.33741327772582,23.157422766088413,2018-09-25-03-00-21
1.0,113.33915987753018,23.157669496026582,2018-09-25-03-00-21
1.0,113.34415048671576,23.157660663609352,2018-09-25-03-00-21
1.0,113.34514866390015,23.157658944445647,2018-09-25-03-00-21
1.0,113.3381617882051,23.157921207342255,2018-09-25-03-00-21
1.0,113.3446495557336,23.157909704727185,2018-09-25-03-00-21
1.0,113.33616566951765,23.158174762989027,2018-09-25-03-00-21
1.0,113.33466861046224,23.158427433764547,2018-09-25-03-00-21
1.0,113.33691415006675,23.15892309673769,2018-09-25-03-00-21
1.0,113.34115598380531,23.158915433359244,2018-09-25-03-00-21
1.0,113.33466850819941,23.159926852028967,2018-09-25-03-00-21
1.0,113.3404073360498,23.159916380674108,2018-09-25-03-00-21
1.0,113.33491799625604,23.160176292338438,2018-09-25-03-00-21
1.0,113.34165495676068,23.160164063360472,2018-09-25-03-00-21
2.0,113.33915967279572,23.160668332549356,2018-09-25-03-00-21
1.0,113.34415023051423,23.161409210067017,2018-09-25-03-00-21
1.0,113.33491787693377,23.161925615555184,2018-09-25-03-00-21
1.0,113.34340157637875,23.161910317309538,2018-09-25-03-00-21
1.0,113.33516734867203,23.16242496026099,2018-09-25-03-00-21
1.0,113.33891003389463,23.162418107205937,2018-09-25-03-00-21
1.0,113.343900620994,23.162409256283624,2018-09-25-03-00-21
1.0,113.34090620022445,23.162664426660857,2018-09-25-03-00-21
1.0,113.34340152514116,23.16266002780541,2018-09-25-03-00-21
1.0,113.35313517187643,23.15339754111527,2018-09-25-03-00-21
1.0,113.34939141014503,23.15390330414196,2018-09-25-03-00-21
1.0,113.34889225549686,23.15415402369144,2018-09-25-03-00-21
1.0,113.35238634638996,23.154148414603156,2018-09-25-03-00-21
1.0,113.34864267182242,23.15440433656549,2018-09-25-03-00-21
1.0,113.35038966895803,23.154401489907283,2018-09-25-03-00-21
1.0,113.35613035301193,23.154392617738882,2018-09-25-03-00-21
1.0,113.34764440275332,23.154655893510007,2018-09-25-03-00-21
1.0,113.34814352589731,23.15465506376075,2018-09-25-03-00-21
1.0,113.34664615604775,23.154907469869926,2018-09-25-03-00-21
1.0,113.34814350880612,23.15490496617847,2018-09-25-03-00-21
1.0,113.34639656787313,23.15540769623917,2018-09-25-03-00-21
1.0,113.34664612187542,23.15540727481153,2018-09-25-03-00-21
1.0,113.34689566013792,23.155656757072876,2018-09-25-03-00-21
1.0,113.34739477492823,23.15565592009007,2018-09-25-03-00-21
1.0,113.35088872199943,23.155900103251067,2018-09-25-03-00-21
1.0,113.35712872353302,23.155890571547275,2018-09-25-03-00-21
1.0,113.34514874931043,23.156409430760302,2018-09-25-03-00-21
1.0,113.346895608875,23.156406464856364,2018-09-25-03-00-21
1.0,113.34739472366002,23.156405627873298,2018-09-25-03-00-21
1.0,113.35038953216323,23.156400709951853,2018-09-25-03-00-21
1.0,113.34489918605246,23.15665976160249,2018-09-25-03-00-21
1.0,113.3463964482709,23.157157014650224,2018-09-25-03-00-21
1.0,113.34514866390015,23.157658944445647,2018-09-25-03-00-21
1.0,113.349141584202,23.15765225050857,2018-09-25-03-00-21
1.0,113.3446495557336,23.157909704727185,2018-09-25-03-00-21
1.0,113.3476440438398,23.1599038517493,2018-09-25-03-00-21
1.0,113.35288496290103,23.162394431656832,2018-09-25-03-00-21
1.0,113.34789341664711,23.162652373125837,2018-09-25-03-00-21
1.0,113.33491787693377,23.161925615555184,2018-09-25-03-00-21
1.0,113.32543704750427,23.16244332367439,2018-09-25-03-00-21
1.0,113.32618550956651,23.162441894435062,2018-09-25-03-00-21
1.0,113.33516734867203,23.16242496026099,2018-09-25-03-00-21
1.0,113.32843089486798,23.162687520919803,2018-09-25-03-00-21
1.0,113.32568650058833,23.162942654222906,2018-09-25-03-00-21
1.0,113.32668443456951,23.163190653177683,2018-09-25-03-00-21
1.0,113.32743290090386,23.163189226714934,2018-09-25-03-00-21
1.0,113.32668441755487,23.163440556826863,2018-09-25-03-00-21
1.0,113.3269339060153,23.16344008112526,2018-09-25-03-00-21
1.0,113.32718339478794,23.16343960563351,2018-09-25-03-00-21
1.0,113.32668440054007,23.163690460513127,2018-09-25-03-00-21
1.0,113.32693388899949,23.16368998481148,2018-09-25-03-00-21
1.0,113.3271833777711,23.163689509319692,2018-09-25-03-00-21
1.0,113.32743286686836,23.16368903405013,2018-09-25-03-00-21
2.0,113.32768235630462,23.163688559015156,2018-09-25-03-00-21
1.0,113.32793182907328,23.16393798795033,2018-09-25-03-00-21
1.0,113.33741283428277,23.16392025092461,2018-09-25-03-00-21
1.0,113.3274328328322,23.164188841533868,2018-09-25-03-00-21
1.0,113.3279318120531,23.16418789171071,2018-09-25-03-00-21
1.0,113.33616526029373,23.16417244305223,2018-09-25-03-00-21
1.0,113.32743281581386,23.16443874533158,2018-09-25-03-00-21
1.0,113.32793179503275,23.16443779550834,2018-09-25-03-00-21
1.0,113.33491770645922,23.164424651850382,2018-09-25-03-00-21
1.0,113.32768228822759,23.164688174131452,2018-09-25-03-00-21
1.0,113.33491768941084,23.164674555684147,2018-09-25-03-00-21
1.0,113.3354167018098,23.16467363178495,2018-09-25-03-00-21
1.0,113.33566620915188,23.164673170772314,2018-09-25-03-00-21
1.0,113.33591571727334,23.16467271040061,2018-09-25-03-00-21
1.0,113.32768227120792,23.164938078003775,2018-09-25-03-00-21
1.0,113.32793176099156,23.164937603215552,2018-09-25-03-00-21
1.0,113.33367015408125,23.164926779663688,2018-09-25-03-00-21
1.0,113.33441866292387,23.164925385871587,2018-09-25-03-00-21
1.0,113.33516717818435,23.16492399729738,2018-09-25-03-00-21
1.0,113.33541668475931,23.164923535655983,2018-09-25-03-00-21
1.0,113.32743276475787,23.165188456948734,2018-09-25-03-00-21
1.0,113.33516714408482,23.165423805151825,2018-09-25-03-00-21
1.0,113.326933752867,23.16568921564275,2018-09-25-03-00-21
1.0,113.32693373584969,23.165939119665172,2018-09-25-03-00-21
1.0,113.33117509820852,23.16593107492787,2018-09-25-03-00-21
1.0,113.33516710998461,23.165923613156345,2018-09-25-03-00-21
1.0,113.33566612389285,23.16592269050194,2018-09-25-03-00-21
1.0,113.32568627943986,23.166191404086813,2018-09-25-03-00-21
1.0,113.3316740739651,23.166180039352756,2018-09-25-03-00-21
1.0,113.33416907405045,23.16617536982401,2018-09-25-03-00-21
1.0,113.32593574976069,23.16644083176686,2018-09-25-03-00-21
1.0,113.33516707588373,23.166423421311386,2018-09-25-03-00-21
1.0,113.326434708201,23.16668978356021,2018-09-25-03-00-21
1.0,113.32818113198455,23.166686456842907,2018-09-25-03-00-21
1.0,113.33541656540118,23.166672863803804,2018-09-25-03-00-21
1.0,113.33566607273544,23.166672402790834,2018-09-25-03-00-21
1.0,113.32818111496152,23.16693636101597,2018-09-25-03-00-21
1.0,113.33416902291016,23.166925082226875,2018-09-25-03-00-21
1.0,113.33566605568262,23.166922306962647,2018-09-25-03-00-21
1.0,113.32543672430336,23.167191497271283,2018-09-25-03-00-21
1.0,113.32568621138851,23.16719102070523,2018-09-25-03-00-21
1.0,113.32693365076064,23.16718864034281,2018-09-25-03-00-21
1.0,113.32793160779794,23.16718673975615,2018-09-25-03-00-21
1.0,113.33466801384435,23.16717405894792,2018-09-25-03-00-21
1.0,113.33566603862965,23.167172211172307,2018-09-25-03-00-21
1.0,113.32643465715263,23.167439496193857,2018-09-25-03-00-21
1.0,113.3274326115809,23.167437593829238,2018-09-25-03-00-21
1.0,113.32568617736186,23.16769082924164,2018-09-25-03-00-21
1.0,113.3349174677668,23.1679233089424,2018-09-25-03-00-21
1.0,113.33591549557853,23.167921463656686,2018-09-25-03-00-21
1.0,113.33042645974439,23.16818162539438,2018-09-25-03-00-21
1.0,113.33491745071609,23.16817321330413,2018-09-25-03-00-21
1.0,113.32593561364591,23.168440065913266,2018-09-25-03-00-21
1.0,113.328929485555,23.1684343649422,2018-09-25-03-00-21
1.0,113.33516693947357,23.168422655445507,2018-09-25-03-00-21
1.0,113.33591544441418,23.168671176855792,2018-09-25-03-00-21
1.0,113.32618506719747,23.16893939857264,2018-09-25-03-00-21
1.0,113.33441839015589,23.168923852935922,2018-09-25-03-00-21
1.0,113.33566591925415,23.1689215417043,2018-09-25-03-00-21
1.0,113.33691346783706,23.168919246495516,2018-09-25-03-00-21
1.0,113.32643453803396,23.16918882700346,2018-09-25-03-00-21
1.0,113.32543657118723,23.16944063688577,2018-09-25-03-00-21
1.0,113.32593552856876,23.169689588493732,2018-09-25-03-00-21
1.0,113.32668399213487,23.169688160250317,2018-09-25-03-00-21
1.0,113.33242232886379,23.169677294075797,2018-09-25-03-00-21
1.0,113.33491734840833,23.169672640276975,2018-09-25-03-00-21
1.0,113.33267181082552,23.169926730956384,2018-09-25-03-00-21
1.0,113.33192329858063,23.170178040306023,2018-09-25-03-00-21
1.0,113.33192328154027,23.170427945013316,2018-09-25-03-00-21
1.0,113.33017679538463,23.17068114276459,2018-09-25-03-00-21
1.0,113.33042628940635,23.170680671124874,2018-09-25-03-00-21
1.0,113.33292125931627,23.17067597782207,2018-09-25-03-00-21
1.0,113.33317075957034,23.170675511072325,2018-09-25-03-00-21
1.0,113.32643441890713,23.17093815969173,2018-09-25-03-00-21
1.0,113.3269333954685,23.170937208088546,2018-09-25-03-00-21
1.0,113.32718288421083,23.170936732595557,2018-09-25-03-00-21
1.0,113.33117474044798,23.171179068160576,2018-09-25-03-00-21
1.0,113.33017672724874,23.171680762136575,2018-09-25-03-00-21
1.0,113.33267169151976,23.17167606444826,2018-09-25-03-00-21
1.0,113.33366969384019,23.17167419851001,2018-09-25-03-00-21
1.0,113.33466770693266,23.171672341259235,2018-09-25-03-00-21
1.0,113.33491787693377,23.161925615555184,2018-09-25-03-00-21
1.0,113.34340157637875,23.161910317309538,2018-09-25-03-00-21
1.0,113.33516734867203,23.16242496026099,2018-09-25-03-00-21
1.0,113.33891003389463,23.162418107205937,2018-09-25-03-00-21
1.0,113.343900620994,23.162409256283624,2018-09-25-03-00-21
1.0,113.34090620022445,23.162664426660857,2018-09-25-03-00-21
1.0,113.34340152514116,23.16266002780541,2018-09-25-03-00-21
1.0,113.34140523928615,23.162913442922264,2018-09-25-03-00-21
1.0,113.34340150806162,23.162909931377794,2018-09-25-03-00-21
1.0,113.34190428266561,23.16316246289545,2018-09-25-03-00-21
1.0,113.33816141292061,23.163419079114224,2018-09-25-03-00-21
1.0,113.33841092956634,23.16341862582169,2018-09-25-03-00-21
1.0,113.34215379746914,23.163411926131683,2018-09-25-03-00-21
1.0,113.34315193630022,23.16341017415317,2018-09-25-03-00-21
1.0,113.34340147390205,23.163409738633526,2018-09-25-03-00-21
1.0,113.33741283428277,23.16392025092461,2018-09-25-03-00-21
1.0,113.33616526029373,23.16417244305223,2018-09-25-03-00-21
1.0,113.33866039594913,23.164167884468032,2018-09-25-03-00-21
1.0,113.33491770645922,23.164424651850382,2018-09-25-03-00-21
1.0,113.3386603788864,23.16441778826387,2018-09-25-03-00-21
1.0,113.3389098973899,23.164417336532495,2018-09-25-03-00-21
1.0,113.34190419729234,23.164411981499974,2018-09-25-03-00-21
1.0,113.34215372916647,23.164411541089407,2018-09-25-03-00-21
1.0,113.34265279628497,23.164410663143485,2018-09-25-03-00-21
1.0,113.34539775003277,23.164405906909394,2018-09-25-03-00-21
1.0,113.33491768941084,23.164674555684147,2018-09-25-03-00-21
1.0,113.3354167018098,23.16467363178495,2018-09-25-03-00-21
1.0,113.33566620915188,23.164673170772314,2018-09-25-03-00-21
1.0,113.33591571727334,23.16467271040061,2018-09-25-03-00-21
1.0,113.3409060636578,23.16466365628158,2018-09-25-03-00-21
1.0,113.33516717818435,23.16492399729738,2018-09-25-03-00-21
1.0,113.33541668475931,23.164923535655983,2018-09-25-03-00-21
1.0,113.33890986326205,23.164917144236036,2018-09-25-03-00-21
1.0,113.33516714408482,23.165423805151825,2018-09-25-03-00-21
1.0,113.33516710998461,23.165923613156345,2018-09-25-03-00-21
1.0,113.33566612389285,23.16592269050194,2018-09-25-03-00-21
1.0,113.34040692640703,23.16591406689868,2018-09-25-03-00-21
1.0,113.33516707588373,23.166423421311386,2018-09-25-03-00-21
1.0,113.33541656540118,23.166672863803804,2018-09-25-03-00-21
1.0,113.33566607273544,23.166672402790834,2018-09-25-03-00-21
1.0,113.33990782742393,23.166664673561037,2018-09-25-03-00-21
1.0,113.33566605568262,23.166922306962647,2018-09-25-03-00-21
1.0,113.33566603862965,23.167172211172307,2018-09-25-03-00-21
1.0,113.34115542045069,23.167162252562907,2018-09-25-03-00-21
1.0,113.3419040094564,23.16716092572203,2018-09-25-03-00-21
1.0,113.34065633232794,23.16766295020885,2018-09-25-03-00-21
1.0,113.3349174677668,23.1679233089424,2018-09-25-03-00-21
1.0,113.33591549557853,23.167921463656686,2018-09-25-03-00-21
1.0,113.3414048978086,23.167911522213615,2018-09-25-03-00-21
1.0,113.3419039582249,23.167910638575496,2018-09-25-03-00-21
1.0,113.33491745071609,23.16817321330413,2018-09-25-03-00-21
1.0,113.34015724837852,23.1681636515388,2018-09-25-03-00-21
1.0,113.33516693947357,23.168422655445507,2018-09-25-03-00-21
1.0,113.34065628110949,23.168412663291193,2018-09-25-03-00-21
1.0,113.34165439331676,23.168410888688534,2018-09-25-03-00-21
1.0,113.33591544441418,23.168671176855792,2018-09-25-03-00-21
1.0,113.33566591925415,23.1689215417043,2018-09-25-03-00-21
1.0,113.33691346783706,23.168919246495516,2018-09-25-03-00-21
1.0,113.34065624696301,23.168912472203544,2018-09-25-03-00-21
1.0,113.343151560521,23.168908063853063,2018-09-25-03-00-21
1.0,113.34015718009312,23.169163269363956,2018-09-25-03-00-21
1.0,113.34040670447698,23.169162822605077,2018-09-25-03-00-21
1.0,113.34065621281587,23.169412281269043,2018-09-25-03-00-21
1.0,113.34739383477145,23.16940061488494,2018-09-25-03-00-21
1.0,113.33491734840833,23.169672640276975,2018-09-25-03-00-21
1.0,113.34065619574204,23.169662185859355,2018-09-25-03-00-21
1.0,113.34714425964096,23.16965093737376,2018-09-25-03-00-21
1.0,113.34739381767301,23.1696505194741,2018-09-25-03-00-21
1.0,113.34015712887731,23.169912983135205,2018-09-25-03-00-21
1.0,113.3426524205316,23.169908556171084,2018-09-25-03-00-21
1.0,113.3473938005744,23.169900424101712,2018-09-25-03-00-21
1.0,113.34040663618512,23.170162441043505,2018-09-25-03-00-21
1.0,113.34090567096904,23.17041145485596,2018-09-25-03-00-21
1.0,113.3411551984731,23.170411010745575,2018-09-25-03-00-21
1.0,113.3463955424449,23.170401912155555,2018-09-25-03-00-21
1.0,113.34739376637665,23.170400233472495,2018-09-25-03-00-21
1.0,113.33841043472181,23.170665847944033,2018-09-25-03-00-21
1.0,113.3466450792974,23.17065139546874,2018-09-25-03-00-21
1.0,113.34689461749561,23.1709008799858,2018-09-25-03-00-21
1.0,113.3471441741506,23.170900460897602,2018-09-25-03-00-21
1.0,113.34240280102159,23.171158518382793,2018-09-25-03-00-21
1.0,113.34340094434312,23.171156770335305,2018-09-25-03-00-21
1.0,113.34489819507861,23.17115417890714,2018-09-25-03-00-21
1.0,113.34689460039792,23.17115078480656,2018-09-25-03-00-21
1.0,113.34439908950817,23.171404943365282,2018-09-25-03-00-21
1.0,113.34464863312456,23.17140451302998,2018-09-25-03-00-21
1.0,113.34514772411087,23.17140365558809,2018-09-25-03-00-21
1.0,113.3453972544134,23.171653133403478,2018-09-25-03-00-21
1.0,113.34190368496485,23.171909112949486,2018-09-25-03-00-21
1.0,113.34539723732055,23.171903038340982,2018-09-25-03-00-21
1.0,113.34739366377941,23.171899662513287,2018-09-25-03-00-21
1.0,113.35288496290103,23.162394431656832,2018-09-25-03-00-21
1.0,113.34789341664711,23.162652373125837,2018-09-25-03-00-21
1.0,113.35113780611167,23.163146894368186,2018-09-25-03-00-21
1.0,113.34539775003277,23.164405906909394,2018-09-25-03-00-21
1.0,113.35338399655093,23.164642791362024,2018-09-25-03-00-21
1.0,113.35388319092247,23.164642023802152,2018-09-25-03-00-21
1.0,113.35413279065145,23.16464164225168,2018-09-25-03-00-21
1.0,113.35163685130942,23.16489542736561,2018-09-25-03-00-21
1.0,113.3511376692497,23.165146124569837,2018-09-25-03-00-21
1.0,113.35213597129602,23.165644351462145,2018-09-25-03-00-21
1.0,113.352884740426,23.165643180491635,2018-09-25-03-00-21
1.0,113.35563030550259,23.166388712700343,2018-09-25-03-00-21
1.0,113.35013916991193,23.16789667295915,2018-09-25-03-00-21
1.0,113.35563020275637,23.167888138051804,2018-09-25-03-00-21
1.0,113.34789302340404,23.168400164723707,2018-09-25-03-00-21
1.0,113.34963998930397,23.168397291178763,2018-09-25-03-00-21
1.0,113.35687821197823,23.168885917468856,2018-09-25-03-00-21
1.0,113.34739383477145,23.16940061488494,2018-09-25-03-00-21
1.0,113.34714425964096,23.16965093737376,2018-09-25-03-00-21
1.0,113.34739381767301,23.1696505194741,2018-09-25-03-00-21
1.0,113.3473938005744,23.169900424101712,2018-09-25-03-00-21
1.0,113.3463955424449,23.170401912155555,2018-09-25-03-00-21
1.0,113.34739376637665,23.170400233472495,2018-09-25-03-00-21
1.0,113.35188605969095,23.1703929274606,2018-09-25-03-00-21
1.0,113.35238523419793,23.170392142542035,2018-09-25-03-00-21
1.0,113.3466450792974,23.17065139546874,2018-09-25-03-00-21
1.0,113.3491406949529,23.17064724715187,2018-09-25-03-00-21
1.0,113.34988940778274,23.17064602709062,2018-09-25-03-00-21
1.0,113.34689461749561,23.1709008799858,2018-09-25-03-00-21
1.0,113.3471441741506,23.170900460897602,2018-09-25-03-00-21
1.0,113.35438196407068,23.170888870245335,2018-09-25-03-00-21
1.0,113.34489819507861,23.17115417890714,2018-09-25-03-00-21
1.0,113.34689460039792,23.17115078480656,2018-09-25-03-00-21
1.0,113.34464863312456,23.17140451302998,2018-09-25-03-00-21
1.0,113.34514772411087,23.17140365558809,2018-09-25-03-00-21
1.0,113.34963978402575,23.17139614694022,2018-09-25-03-00-21
1.0,113.35013893039913,23.17139533747595,2018-09-25-03-00-21
1.0,113.3453972544134,23.171653133403478,2018-09-25-03-00-21
1.0,113.35213556055766,23.171642058394042,2018-09-25-03-00-21
1.0,113.33117474044798,23.171179068160576,2018-09-25-03-00-21
1.0,113.33017672724874,23.171680762136575,2018-09-25-03-00-21
1.0,113.33267169151976,23.17167606444826,2018-09-25-03-00-21
1.0,113.33366969384019,23.17167419851001,2018-09-25-03-00-21
1.0,113.33466770693266,23.171672341259235,2018-09-25-03-00-21
1.0,113.32718279910007,23.172186257104254,2018-09-25-03-00-21
1.0,113.33317065729388,23.172174940360406,2018-09-25-03-00-21
1.0,113.3374122712886,23.172167094929556,2018-09-25-03-00-21
1.0,113.32992718261677,23.17243094908421,2018-09-25-03-00-21
1.0,113.33017667614509,23.17243047707366,2018-09-25-03-00-21
1.0,113.33716274118012,23.172417456217783,2018-09-25-03-00-21
1.0,113.32618481193336,23.172687970363096,2018-09-25-03-00-21
1.0,113.32768174351546,23.172685116872785,2018-09-25-03-00-21
1.0,113.32793123326783,23.17268464208328,2018-09-25-03-00-21
1.0,113.32843021388354,23.172683693294594,2018-09-25-03-00-21
1.0,113.33267162334137,23.172675684440737,2018-09-25-03-00-21
1.0,113.3344181343971,23.17267242470584,2018-09-25-03-00-21
1.0,113.33666370059188,23.17266827594652,2018-09-25-03-00-21
1.0,113.33716272411766,23.172667361273668,2018-09-25-03-00-21
1.0,113.32593530734871,23.17293835171847,2018-09-25-03-00-21
1.0,113.32618479491443,23.172937875459912,2018-09-25-03-00-21
1.0,113.32718274803162,23.17293597227695,2018-09-25-03-00-21
1.0,113.32818070635905,23.17293407264958,2018-09-25-03-00-21
1.0,113.3284301968555,23.172933598391037,2018-09-25-03-00-21
1.0,113.32618477789532,23.173187780595878,2018-09-25-03-00-21
1.0,113.32668375385423,23.173186828609328,2018-09-25-03-00-21
1.0,113.32693324227523,23.17318635290611,2018-09-25-03-00-21
1.0,113.32793119921564,23.17318445231548,2018-09-25-03-00-21
1.0,113.32843017982732,23.173183503526634,2018-09-25-03-00-21
1.0,113.32942814586964,23.17318160945643,2018-09-25-03-00-21
1.0,113.33491710966682,23.17317130861681,2018-09-25-03-00-21
1.0,113.32718271398515,23.173435782587763,2018-09-25-03-00-21
1.0,113.32892914497921,23.17343246104871,2018-09-25-03-00-21
1.0,113.3349170926126,23.173421213790537,2018-09-25-03-00-21
1.0,113.32892912794868,23.173682366262696,2018-09-25-03-00-21
1.0,113.33541608788677,23.173670195101316,2018-09-25-03-00-21
1.0,113.32818063824931,23.1739336934276,2018-09-25-03-00-21
1.0,113.32867961962684,23.17393274519424,2018-09-25-03-00-21
1.0,113.32892911091797,23.173932271515998,2018-09-25-03-00-21
1.0,113.33466755345654,23.173921487119483,2018-09-25-03-00-21
1.0,113.32718266291421,23.1741854983486,2018-09-25-03-00-21
1.0,113.32743215196905,23.1741850230773,2018-09-25-03-00-21
1.0,113.32818062122145,23.1741835987204,2018-09-25-03-00-21
1.0,113.32843011171288,23.174183124461653,2018-09-25-03-00-21
1.0,113.3289290938871,23.174182176808674,2018-09-25-03-00-21
1.0,113.32942807773911,23.174181230390793,2018-09-25-03-00-21
1.0,113.32668366874609,23.174436354877983,2018-09-25-03-00-21
1.0,113.32718264589022,23.17443540368099,2018-09-25-03-00-21
1.0,113.32743213494406,23.17443492840965,2018-09-25-03-00-21
1.0,113.32793111408225,23.174433978583103,2018-09-25-03-00-21
1.0,113.32867958556695,23.174432555819102,2018-09-25-03-00-21
1.0,113.32892907685607,23.17443208214078,2018-09-25-03-00-21
1.0,113.3274321179189,23.174684833781477,2018-09-25-03-00-21
1.0,113.32793109705507,23.174683883954845,2018-09-25-03-00-21
1.0,113.32843007765466,23.174682935165503,2018-09-25-03-00-21
1.0,113.32867956853674,23.174682461190724,2018-09-25-03-00-21
1.0,113.33566552696279,23.174669355332348,2018-09-25-03-00-21
1.0,113.32718261184175,23.174935214464266,2018-09-25-03-00-21
1.0,113.32768159028443,23.174934264156008,2018-09-25-03-00-21
1.0,113.32892904279349,23.174931892923475,2018-09-25-03-00-21
1.0,113.32917853450004,23.174931419553843,2018-09-25-03-00-21
1.0,113.32992701227042,23.17493000142117,2018-09-25-03-00-21
1.0,113.33741208358344,23.174916052270806,2018-09-25-03-00-21
1.0,113.32568564986333,23.175437881268863,2018-09-25-03-00-21
1.0,113.32693308906848,23.175435500899628,2018-09-25-03-00-21
1.0,113.32793102894469,23.175683505837714,2018-09-25-03-00-21
1.0,113.33766152922553,23.175915218760156,2018-09-25-03-00-21
1.0,113.33791104401399,23.175914763952584,2018-09-25-03-00-21
1.0,113.3256855988066,23.1761875979799,2018-09-25-03-00-21
1.0,113.33267138469596,23.176174359363856,2018-09-25-03-00-21
1.0,113.33441789565501,23.176171099624877,2018-09-25-03-00-21
1.0,113.33441787860075,23.17642100527342,2018-09-25-03-00-21
1.0,113.32818045093376,23.176682653825733,2018-09-25-03-00-21
1.0,113.33391885505272,23.176671839601184,2018-09-25-03-00-21
1.0,113.33641391710822,23.176667220574245,2018-09-25-03-00-21
1.0,113.3376614780248,23.176664935704192,2018-09-25-03-00-21
1.0,113.3266834985173,23.176935410383017,2018-09-25-03-00-21
1.0,113.33142384460672,23.17692641987576,2018-09-25-03-00-21
1.0,113.33641386592049,23.177416937878593,2018-09-25-03-00-21
1.0,113.33766142682258,23.177414653007908,2018-09-25-03-00-21
1.0,113.33791094160527,23.177414198200083,2018-09-25-03-00-21
1.0,113.33117429740446,23.177676607338086,2018-09-25-03-00-21
5.0,113.32643394231818,23.17793550960404,2018-09-25-03-00-21
1.0,113.33117428036208,23.177926513227437,2018-09-25-03-00-21
1.0,113.33641383179452,23.177916749615367,2018-09-25-03-00-21
1.0,113.32643392529474,23.178185415534415,2018-09-25-03-00-21
1.0,113.32668341339667,23.178184939632878,2018-09-25-03-00-21
1.0,113.32718239051047,23.178183988434647,2018-09-25-03-00-21
1.0,113.32967729776296,23.17817924775533,2018-09-25-03-00-21
1.0,113.33142375939063,23.17817594912168,2018-09-25-03-00-21
1.0,113.32718237348384,23.178433894405178,2018-09-25-03-00-21
1.0,113.3311742462768,23.178426325126896,2018-09-25-03-00-21
1.0,113.33566527107298,23.178417940663476,2018-09-25-03-00-21
1.0,113.33666330815342,23.17841610313506,2018-09-25-03-00-21
1.0,113.32743184549368,23.17868332514401,2018-09-25-03-00-21
1.0,113.33666329108888,23.178666009144358,2018-09-25-03-00-21
1.0,113.3371623145682,23.178665094469494,2018-09-25-03-00-21
1.0,113.33741182758928,23.17866463819701,2018-09-25-03-00-21
1.0,113.33766134148219,23.17866418265068,2018-09-25-03-00-21
1.0,113.32693285072004,23.17893418196164,2018-09-25-03-00-21
1.0,113.32743182846569,23.178933231195245,2018-09-25-03-00-21
1.0,113.33192270206843,23.178924728390367,2018-09-25-03-00-21
1.0,113.33616425387602,23.178916832627767,2018-09-25-03-00-21
1.0,113.3369127853401,23.178915457505646,2018-09-25-03-00-21
1.0,113.33716229750155,23.178915000519105,2018-09-25-03-00-21
1.0,113.33791083919053,23.17891363389213,2018-09-25-03-00-21
1.0,113.32743181143753,23.17918313728692,2018-09-25-03-00-21
1.0,113.33092469962041,23.179176513734195,2018-09-25-03-00-21
1.0,113.33117419514764,23.179176043278776,2018-09-25-03-00-21
1.0,113.33142369121475,23.179175573243267,2018-09-25-03-00-21
1.0,113.33666325695928,23.179165821284187,2018-09-25-03-00-21
1.0,113.33791082212082,23.17916353998206,2018-09-25-03-00-21
1.0,113.32718230537557,23.179433518691273,2018-09-25-03-00-21
1.0,113.32768128378189,23.17943256838152,2018-09-25-03-00-21
1.0,113.32917822788876,23.179429723774888,2018-09-25-03-00-21
1.0,113.33441767393663,23.179419876184312,2018-09-25-03-00-21
1.0,113.33641372941256,23.179416185793013,2018-09-25-03-00-21
1.0,113.33766129027595,23.179413900920654,2018-09-25-03-00-21
1.0,113.32768126675239,23.17968247455422,2018-09-25-03-00-21
1.0,113.33092466553546,23.179676326037956,2018-09-25-03-00-21
1.0,113.33441765688019,23.179669782355887,2018-09-25-03-00-21
1.0,113.33566518576802,23.179667471115284,2018-09-25-03-00-21
1.0,113.32568534350045,23.179936186944865,2018-09-25-03-00-21
1.0,113.33192263388258,23.179924352997322,2018-09-25-03-00-21
1.0,113.3329206285523,23.179922481054017,2018-09-25-03-00-21
1.0,113.33317012876978,23.17992201430273,2018-09-25-03-00-21
1.0,113.33341962963395,23.179921548069853,2018-09-25-03-00-21
1.0,113.33416813623964,23.179920152604513,2018-09-25-03-00-21
1.0,113.3379107709107,23.179913258495073,2018-09-25-03-00-21
1.0,113.3336691141043,23.180170988620645,2018-09-25-03-00-21
1.0,113.33766123906821,23.18016361955562,2018-09-25-03-00-21
1.0,113.33791075384032,23.180163164747334,2018-09-25-03-00-21
1.0,113.32518633562577,23.18043695276635,2018-09-25-03-00-21
1.0,113.33341959552814,23.180421360616595,2018-09-25-03-00-21
1.0,113.33666317163237,23.18041535234349,2018-09-25-03-00-21
1.0,113.3369126829425,23.180414894654835,2018-09-25-03-00-21
1.0,113.33716219509814,23.18041443766804,2018-09-25-03-00-21
1.0,113.33217208050253,23.18067360317724,2018-09-25-03-00-21
1.0,113.33341957847497,23.18067126695109,2018-09-25-03-00-21
1.0,113.33791071969905,23.180662977374052,2018-09-25-03-00-21
32.0,113.32543578838306,23.18093628877489,2018-09-25-03-00-21
8.0,113.32568527541248,23.180935812206563,2018-09-25-03-00-21
1.0,113.32793067132147,23.18093153123702,2018-09-25-03-00-21
1.0,113.32818016140645,23.18093105670547,2018-09-25-03-00-21
1.0,113.34689461749561,23.1709008799858,2018-09-25-03-00-21
1.0,113.3471441741506,23.170900460897602,2018-09-25-03-00-21
1.0,113.34240280102159,23.171158518382793,2018-09-25-03-00-21
1.0,113.34340094434312,23.171156770335305,2018-09-25-03-00-21
1.0,113.34489819507861,23.17115417890714,2018-09-25-03-00-21
1.0,113.34689460039792,23.17115078480656,2018-09-25-03-00-21
1.0,113.34439908950817,23.171404943365282,2018-09-25-03-00-21
1.0,113.34464863312456,23.17140451302998,2018-09-25-03-00-21
1.0,113.34514772411087,23.17140365558809,2018-09-25-03-00-21
1.0,113.3453972544134,23.171653133403478,2018-09-25-03-00-21
1.0,113.34190368496485,23.171909112949486,2018-09-25-03-00-21
1.0,113.34539723732055,23.171903038340982,2018-09-25-03-00-21
1.0,113.34739366377941,23.171899662513287,2018-09-25-03-00-21
1.0,113.3374122712886,23.172167094929556,2018-09-25-03-00-21
1.0,113.3414046075001,23.17215990156609,2018-09-25-03-00-21
1.0,113.34215319972996,23.172158577514644,2018-09-25-03-00-21
1.0,113.34389995470323,23.17215552201939,2018-09-25-03-00-21
1.0,113.34739364667928,23.172149567489388,2018-09-25-03-00-21
1.0,113.33716274118012,23.172417456217783,2018-09-25-03-00-21
1.0,113.34639540567558,23.172401151188918,2018-09-25-03-00-21
1.0,113.33666370059188,23.17266827594652,2018-09-25-03-00-21
1.0,113.33716272411766,23.172667361273668,2018-09-25-03-00-21
1.0,113.33940837400326,23.172663281989767,2018-09-25-03-00-21
1.0,113.34065599084313,23.172661043957717,2018-09-25-03-00-21
1.0,113.34190363372382,23.172658827997644,2018-09-25-03-00-21
1.0,113.34040644836874,23.172911394940698,2018-09-25-03-00-21
1.0,113.34190361664314,23.172908733091827,2018-09-25-03-00-21
1.0,113.34564671762224,23.172902232504793,2018-09-25-03-00-21
1.0,113.34614581887668,23.172901383921047,2018-09-25-03-00-21
1.0,113.34689448070938,23.172900119640627,2018-09-25-03-00-21
1.0,113.34714403735731,23.17289970055208,2018-09-25-03-00-21
1.0,113.33491710966682,23.17317130861681,2018-09-25-03-00-21
1.0,113.34040643129352,23.173161300074288,2018-09-25-03-00-21
1.0,113.34065595669098,23.17316085418566,2018-09-25-03-00-21
1.0,113.34514760446498,23.173152990697208,2018-09-25-03-00-21
1.0,113.34589625049894,23.173151712780278,2018-09-25-03-00-21
1.0,113.3466449083235,23.173150445038512,2018-09-25-03-00-21
1.0,113.3349170926126,23.173421213790537,2018-09-25-03-00-21
1.0,113.34190358248128,23.173408543397713,2018-09-25-03-00-21
1.0,113.34215311432192,23.173408102985615,2018-09-25-03-00-21
1.0,113.34340079057007,23.173405915478945,2018-09-25-03-00-21
1.0,113.34389986926293,23.17340504748887,2018-09-25-03-00-21
1.0,113.3443989527911,23.173404183647417,2018-09-25-03-00-21
1.0,113.34539713476003,23.173402468785625,2018-09-25-03-00-21
1.0,113.34589623340331,23.173401617952145,2018-09-25-03-00-21
1.0,113.34739356117613,23.17339909295586,2018-09-25-03-00-21
1.0,113.33541608788677,23.173670195101316,2018-09-25-03-00-21
1.0,113.33965782707601,23.173662453302903,2018-09-25-03-00-21
16.0,113.34365031223082,23.173655386182723,2018-09-25-03-00-21
1.0,113.34389985217436,23.173654952700343,2018-09-25-03-00-21
1.0,113.34414939332675,23.17365452025512,2018-09-25-03-00-21
1.0,113.34489802416412,23.173653229259774,2018-09-25-03-00-21
1.0,113.34589621630751,23.173651523163272,2018-09-25-03-00-21
1.0,113.34614576758709,23.173651099436565,2018-09-25-03-00-21
1.0,113.3463953201893,23.173650676852034,2018-09-25-03-00-21
1.0,113.34664487412671,23.173650255421247,2018-09-25-03-00-21
1.0,113.34689442941179,23.173649835155757,2018-09-25-03-00-21
1.0,113.34240261311552,23.173907473990734,2018-09-25-03-00-21
1.0,113.34290168244053,23.173906597986065,2018-09-25-03-00-21
1.0,113.34315121883323,23.17390616146281,2018-09-25-03-00-21
1.0,113.34389983508564,23.17390485795113,2018-09-25-03-00-21
1.0,113.3441493762371,23.173904425505864,2018-09-25-03-00-21
1.0,113.34489800707176,23.17390313451039,2018-09-25-03-00-21
1.0,113.34714396895664,23.173899321317307,2018-09-25-03-00-21
1.0,113.34090541482001,23.17416003010661,2018-09-25-03-00-21
2.0,113.34389981799673,23.17415476324129,2018-09-25-03-00-21
1.0,113.34439890151944,23.17415389939958,2018-09-25-03-00-21
1.0,113.34489798997922,23.17415303980038,2018-09-25-03-00-21
1.0,113.3399072982025,23.174411720709955,2018-09-25-03-00-21
1.0,113.3426521130368,23.174406846119492,2018-09-25-03-00-21
1.0,113.34315118466077,23.174405972082813,2018-09-25-03-00-21
1.0,113.34389980090766,23.174404668570876,2018-09-25-03-00-21
1.0,113.34439888442854,23.17440380472908,2018-09-25-03-00-21
1.0,113.34489797288651,23.174402945129795,2018-09-25-03-00-21
1.0,113.34514751899862,23.17440251695035,2018-09-25-03-00-21
1.0,113.345397066383,23.174402089866604,2018-09-25-03-00-21
1.0,113.34639526889552,23.17440039272128,2018-09-25-03-00-21
1.0,113.3468943781127,23.174399551024745,2018-09-25-03-00-21
1.0,113.34714393475531,23.174399131935942,2018-09-25-03-00-21
1.0,113.33566552696279,23.174669355332348,2018-09-25-03-00-21
1.0,113.33965775878347,23.174662074545385,2018-09-25-03-00-21
1.0,113.34090538066395,23.174659840806278,2018-09-25-03-00-21
1.0,113.34414932496716,23.174654141494546,2018-09-25-03-00-21
1.0,113.34439886733749,23.17465371009806,2018-09-25-03-00-21
1.0,113.34464841094207,23.174653279762204,2018-09-25-03-00-21
1.0,113.34539704928832,23.174651995235408,2018-09-25-03-00-21
1.0,113.34564659795672,23.174651569258966,2018-09-25-03-00-21
1.0,113.34589614792262,23.1746511444015,2018-09-25-03-00-21
1.0,113.34639525179726,23.174650298089915,2018-09-25-03-00-21
11.0,113.34664480573112,23.174649876658957,2018-09-25-03-00-21
1.0,113.33741208358344,23.174916052270806,2018-09-25-03-00-21
1.0,113.34265207886737,23.17490665689758,2018-09-25-03-00-21
1.0,113.34290161409862,23.17490621938416,2018-09-25-03-00-21
1.0,113.34315115048764,23.174905782860733,2018-09-25-03-00-21
1.0,113.3448979387006,23.174902755907116,2018-09-25-03-00-21
1.0,113.34539703219347,23.174901900643754,2018-09-25-03-00-21
1.0,113.34564658086097,23.174901474667266,2018-09-25-03-00-21
1.0,113.34589613082598,23.17490104980976,2018-09-25-03-00-21
1.0,113.34664478863179,23.174899782067087,2018-09-25-03-00-21
1.0,113.34689434391245,23.17489936180138,2018-09-25-03-00-21
1.0,113.34764301796547,23.174898108111165,2018-09-25-03-00-21
1.0,113.33841012750622,23.17516414001536,2018-09-25-03-00-21
1.0,113.339907246979,23.175161436937845,2018-09-25-03-00-21
1.0,113.34315113340082,23.17515568830905,2018-09-25-03-00-21
1.0,113.34439883315487,23.175153520954677,2018-09-25-03-00-21
1.0,113.34464837675763,23.175153090618736,2018-09-25-03-00-21
1.0,113.34514746771679,23.17515223317556,2018-09-25-03-00-21
1.0,113.34539701509846,23.175151806091684,2018-09-25-03-00-21
1.0,113.34689432681208,23.17514926724905,2018-09-25-03-00-21
1.0,113.34764300086245,23.175148013558708,2018-09-25-03-00-21
1.0,113.3384101104371,23.175414045504123,2018-09-25-03-00-21
1.0,113.33865962796114,23.17541359298419,2018-09-25-03-00-21
1.0,113.33890914642261,23.17541314125096,2018-09-25-03-00-21
1.0,113.33940818621014,23.175412240192895,2018-09-25-03-00-21
1.0,113.33965770756231,23.175411790892163,2018-09-25-03-00-21
1.0,113.34090532942864,23.175409557152424,2018-09-25-03-00-21
1.0,113.34265204469726,23.175406467834023,2018-09-25-03-00-21
1.0,113.34290157992668,23.175406030320513,2018-09-25-03-00-21
1.0,113.34340065387154,23.17540515827531,2018-09-25-03-00-21
1.0,113.34464835966517,23.175402996106435,2018-09-25-03-00-21
1.0,113.34489790451403,23.17540256684279,2018-09-25-03-00-21
1.0,113.34689430971154,23.175399172736363,2018-09-25-03-00-21
1.0,113.34764298375926,23.175397919045892,2018-09-25-03-00-21
1.0,113.34539698090794,23.175651617106524,2018-09-25-03-00-21
1.0,113.34689429261083,23.175649078263376,2018-09-25-03-00-21
1.0,113.33766152922553,23.175915218760156,2018-09-25-03-00-21
1.0,113.33791104401399,23.175914763952584,2018-09-25-03-00-21
1.0,113.33865959382048,23.17591340408077,2018-09-25-03-00-21
1.0,113.3391586316901,23.17591250141292,2018-09-25-03-00-21
1.0,113.33965767341404,23.175911601988407,2018-09-25-03-00-21
1.0,113.339907195754,23.17591115352251,2018-09-25-03-00-21
1.0,113.34539696381242,23.17590152267354,2018-09-25-03-00-21
1.0,113.34664472023285,23.175899404096015,2018-09-25-03-00-21
1.0,113.33915861461762,23.176162407020804,2018-09-25-03-00-21
1.0,113.33940813499031,23.17616195689706,2018-09-25-03-00-21
1.0,113.34015670202038,23.176160611511257,2018-09-25-03-00-21
1.0,113.34414922242277,23.176153574540784,2018-09-25-03-00-21
1.0,113.3448978532329,23.176152283544152,2018-09-25-03-00-21
1.0,113.34514739933866,23.17615185536441,2018-09-25-03-00-21
1.0,113.33865955967916,23.176413215336563,2018-09-25-03-00-21
1.0,113.33890907813681,23.176412763603164,2018-09-25-03-00-21
1.0,113.33915859754495,23.176412312668546,2018-09-25-03-00-21
1.0,113.33990716160315,23.17641096477788,2018-09-25-03-00-21
1.0,113.34090526111252,23.176409179503278,2018-09-25-03-00-21
1.0,113.3443987476954,23.17640304879089,2018-09-25-03-00-21
1.0,113.34714379794325,23.17639837599397,2018-09-25-03-00-21
1.0,113.33641391710822,23.176667220574245,2018-09-25-03-00-21
1.0,113.3376614780248,23.176664935704192,2018-09-25-03-00-21
1.0,113.33816050849407,23.176664026839205,2018-09-25-03-00-21
1.0,113.33841002508899,23.17666357354444,2018-09-25-03-00-21
2.0,113.33890906106494,23.17666266929086,2018-09-25-03-00-21
1.0,113.33915858047213,23.1766622183562,2018-09-25-03-00-21
1.0,113.33940810084293,23.176661768232375,2018-09-25-03-00-21
1.0,113.3401566678673,23.176660422846314,2018-09-25-03-00-21
1.0,113.34090524403308,23.176659085190636,2018-09-25-03-00-21
1.0,113.34514736514859,23.176651666697765,2018-09-25-03-00-21
1.0,113.34789245903086,23.17664703158854,2018-09-25-03-00-21
1.0,113.33865952553715,23.176913026751997,2018-09-25-03-00-21
1.0,113.33990712745164,23.176910776192894,2018-09-25-03-00-21
1.0,113.34065570052844,23.17690943592431,2018-09-25-03-00-21
1.0,113.34739332174503,23.176897769505597,2018-09-25-03-00-21
1.0,113.33816047435558,23.177163838334796,2018-09-25-03-00-21
1.0,113.33865950846591,23.177162932519717,2018-09-25-03-00-21
1.0,113.34090520987368,23.1771588966853,2018-09-25-03-00-21
1.0,113.34714374663596,23.177148093172782,2018-09-25-03-00-21
1.0,113.34739330464156,23.17714767527183,2018-09-25-03-00-21
1.0,113.33641386592049,23.177416937878593,2018-09-25-03-00-21
1.0,113.33766142682258,23.177414653007908,2018-09-25-03-00-21
1.0,113.33791094160527,23.177414198200083,2018-09-25-03-00-21
1.0,113.33890900984832,23.177412386593947,2018-09-25-03-00-21
1.0,113.3394080496206,23.17741148553521,2018-09-25-03-00-21
1.0,113.34564640989431,23.177400530936488,2018-09-25-03-00-21
1.0,113.34589595985034,23.17740010607855,2018-09-25-03-00-21
1.0,113.34764284692776,23.17739716437694,2018-09-25-03-00-21
1.0,113.3384099568075,23.177663196695743,2018-09-25-03-00-21
1.0,113.33915851217917,23.177661841506993,2018-09-25-03-00-21
1.0,113.34539684413912,23.177650862760174,2018-09-25-03-00-21
1.0,113.34664460052825,23.177648744181145,2018-09-25-03-00-21
1.0,113.33641383179452,23.177916749615367,2018-09-25-03-00-21
1.0,113.34015658248171,23.17790995188428,2018-09-25-03-00-21
1.0,113.34040610683253,23.17790950512392,2018-09-25-03-00-21
1.0,113.34215280681832,23.177906402857108,2018-09-25-03-00-21
1.0,113.34639502950463,23.1778990714994,2018-09-25-03-00-21
1.0,113.33816040607657,23.178163461807276,2018-09-25-03-00-21
1.0,113.34040608975396,23.178159411051958,2018-09-25-03-00-21
1.0,113.3421527897332,23.17815630878485,2018-09-25-03-00-21
1.0,113.34240232267541,23.178155869326392,2018-09-25-03-00-21
1.0,113.33566527107298,23.178417940663476,2018-09-25-03-00-21
1.0,113.33666330815342,23.17841610313506,2018-09-25-03-00-21
1.0,113.33915846095769,23.178411559291792,2018-09-25-03-00-21
1.0,113.33666329108888,23.178666009144358,2018-09-25-03-00-21
1.0,113.3371623145682,23.178665094469494,2018-09-25-03-00-21
1.0,113.33741182758928,23.17866463819701,2018-09-25-03-00-21
1.0,113.33766134148219,23.17866418265068,2018-09-25-03-00-21
1.0,113.34040605559633,23.178659223028948,2018-09-25-03-00-21
1.0,113.34265182257525,23.17865524281048,2018-09-25-03-00-21
1.0,113.34639497820231,23.17864878940136,2018-09-25-03-00-21
1.0,113.34664453212193,23.178648367969714,2018-09-25-03-00-21
1.0,113.33616425387602,23.178916832627767,2018-09-25-03-00-21
1.0,113.3369127853401,23.178915457505646,2018-09-25-03-00-21
1.0,113.33716229750155,23.178915000519105,2018-09-25-03-00-21
1.0,113.33791083919053,23.17891363389213,2018-09-25-03-00-21
1.0,113.33816035486556,23.178913179834467,2018-09-25-03-00-21
1.0,113.3391584268092,23.178911371349944,2018-09-25-03-00-21
1.0,113.33965746851032,23.178910471924418,2018-09-25-03-00-21
1.0,113.33666325695928,23.179165821284187,2018-09-25-03-00-21
1.0,113.33791082212082,23.17916353998206,2018-09-25-03-00-21
1.0,113.3381603377949,23.17916308592435,2018-09-25-03-00-21
1.0,113.3386593718899,23.179162180108605,2018-09-25-03-00-21
1.0,113.33915840973471,23.17916127743966,2018-09-25-03-00-21
1.0,113.33940793009599,23.179160827315414,2018-09-25-03-00-21
1.0,113.33965745143392,23.17916037801405,2018-09-25-03-00-21
1.0,113.34240225432953,23.179155493440597,2018-09-25-03-00-21
1.0,113.33641372941256,23.179416185793013,2018-09-25-03-00-21
1.0,113.33766129027595,23.179413900920654,2018-09-25-03-00-21
1.0,113.33965743435736,23.17941028414419,2018-09-25-03-00-21
1.0,113.33566518576802,23.179667471115284,2018-09-25-03-00-21
1.0,113.33840982023648,23.179662444930422,2018-09-25-03-00-21
1.0,113.33890885618946,23.17966154067583,2018-09-25-03-00-21
1.0,113.3379107709107,23.179913258495073,2018-09-25-03-00-21
1.0,113.33840980316434,23.179912351141933,2018-09-25-03-00-21
1.0,113.33865932067116,23.179911898621242,2018-09-25-03-00-21
1.0,113.33915835851022,23.179910995952046,2018-09-25-03-00-21
1.0,113.33940787886866,23.179910545827674,2018-09-25-03-00-21
1.0,113.34340034626065,23.179903463897883,2018-09-25-03-00-21
1.0,113.33766123906821,23.18016361955562,2018-09-25-03-00-21
1.0,113.33791075384032,23.180163164747334,2018-09-25-03-00-21
1.0,113.33816026951055,23.180162710689462,2018-09-25-03-00-21
1.0,113.3386593035979,23.180161804873375,2018-09-25-03-00-21
1.0,113.34315079162936,23.180153805671715,2018-09-25-03-00-21
1.0,113.33666317163237,23.18041535234349,2018-09-25-03-00-21
1.0,113.3369126829425,23.180414894654835,2018-09-25-03-00-21
1.0,113.33716219509814,23.18041443766804,2018-09-25-03-00-21
1.0,113.33865928652448,23.180411711166226,2018-09-25-03-00-21
1.0,113.33890880496683,23.180411259432155,2018-09-25-03-00-21
1.0,113.33791071969905,23.180662977374052,2018-09-25-03-00-21
1.0,113.33865926945089,23.18066161749984,2018-09-25-03-00-21
1.0,113.3389087878923,23.18066116576573,2018-09-25-03-00-21
1.0,113.34290122108072,23.18065405482106,2018-09-25-03-00-21
1.0,113.3438993736266,23.18065231478152,2018-09-25-03-00-21
1.0,113.33816021829553,23.180912429690622,2018-09-25-03-00-21
1.0,113.33865925237713,23.180911523874283,2018-09-25-03-00-21
1.0,113.3466450792974,23.17065139546874,2018-09-25-03-00-21
1.0,113.3491406949529,23.17064724715187,2018-09-25-03-00-21
1.0,113.34988940778274,23.17064602709062,2018-09-25-03-00-21
1.0,113.34689461749561,23.1709008799858,2018-09-25-03-00-21
1.0,113.3471441741506,23.170900460897602,2018-09-25-03-00-21
1.0,113.35438196407068,23.170888870245335,2018-09-25-03-00-21
1.0,113.34489819507861,23.17115417890714,2018-09-25-03-00-21
1.0,113.34689460039792,23.17115078480656,2018-09-25-03-00-21
1.0,113.34464863312456,23.17140451302998,2018-09-25-03-00-21
1.0,113.34514772411087,23.17140365558809,2018-09-25-03-00-21
1.0,113.34963978402575,23.17139614694022,2018-09-25-03-00-21
1.0,113.35013893039913,23.17139533747595,2018-09-25-03-00-21
1.0,113.3453972544134,23.171653133403478,2018-09-25-03-00-21
1.0,113.35213556055766,23.171642058394042,2018-09-25-03-00-21
1.0,113.34539723732055,23.171903038340982,2018-09-25-03-00-21
1.0,113.34739366377941,23.171899662513287,2018-09-25-03-00-21
1.0,113.34839190985072,23.17189800302568,2018-09-25-03-00-21
1.0,113.34939017887544,23.171896363465937,2018-09-25-03-00-21
1.0,113.35138678892316,23.171893147025774,2018-09-25-03-00-21
1.0,113.34739364667928,23.172149567489388,2018-09-25-03-00-21
1.0,113.34864145781971,23.172147496214954,2018-09-25-03-00-21
1.0,113.34639540567558,23.172401151188918,2018-09-25-03-00-21
1.0,113.34963971559432,23.172395766765288,2018-09-25-03-00-21
1.0,113.34889099012803,23.172646895753896,2018-09-25-03-00-21
1.0,113.34564671762224,23.172902232504793,2018-09-25-03-00-21
1.0,113.34614581887668,23.172901383921047,2018-09-25-03-00-21
1.0,113.34689448070938,23.172900119640627,2018-09-25-03-00-21
1.0,113.34714403735731,23.17289970055208,2018-09-25-03-00-21
1.0,113.34988925380507,23.172895171522796,2018-09-25-03-00-21
1.0,113.34514760446498,23.173152990697208,2018-09-25-03-00-21
1.0,113.34589625049894,23.173151712780278,2018-09-25-03-00-21
1.0,113.3466449083235,23.173150445038512,2018-09-25-03-00-21
1.0,113.34914052389148,23.17314629671731,2018-09-25-03-00-21
1.0,113.35063796307323,23.173143868412584,2018-09-25-03-00-21
1.0,113.35138670335215,23.17314267229326,2018-09-25-03-00-21
1.0,113.34539713476003,23.173402468785625,2018-09-25-03-00-21
1.0,113.34589623340331,23.173401617952145,2018-09-25-03-00-21
1.0,113.34739356117613,23.17339909295586,2018-09-25-03-00-21
45.0,113.35113710458059,23.173392974805086,2018-09-25-03-00-21
1.0,113.34489802416412,23.173653229259774,2018-09-25-03-00-21
1.0,113.34589621630751,23.173651523163272,2018-09-25-03-00-21
1.0,113.34614576758709,23.173651099436565,2018-09-25-03-00-21
1.0,113.3463953201893,23.173650676852034,2018-09-25-03-00-21
1.0,113.34664487412671,23.173650255421247,2018-09-25-03-00-21
1.0,113.34689442941179,23.173649835155757,2018-09-25-03-00-21
1.0,113.34864135518922,23.173646926891,2018-09-25-03-00-21
1.0,113.35088750737927,23.173643278725542,2018-09-25-03-00-21
1.0,113.34489800707176,23.17390313451039,2018-09-25-03-00-21
1.0,113.34714396895664,23.173899321317307,2018-09-25-03-00-21
1.0,113.35113707035234,23.173892785264833,2018-09-25-03-00-21
1.0,113.34489798997922,23.17415303980038,2018-09-25-03-00-21
1.0,113.34489797288651,23.174402945129795,2018-09-25-03-00-21
1.0,113.34514751899862,23.17440251695035,2018-09-25-03-00-21
1.0,113.345397066383,23.174402089866604,2018-09-25-03-00-21
1.0,113.34639526889552,23.17440039272128,2018-09-25-03-00-21
1.0,113.3468943781127,23.174399551024745,2018-09-25-03-00-21
1.0,113.34714393475531,23.174399131935942,2018-09-25-03-00-21
1.0,113.34464841094207,23.174653279762204,2018-09-25-03-00-21
1.0,113.34539704928832,23.174651995235408,2018-09-25-03-00-21
1.0,113.34564659795672,23.174651569258966,2018-09-25-03-00-21
1.0,113.34589614792262,23.1746511444015,2018-09-25-03-00-21
1.0,113.34639525179726,23.174650298089915,2018-09-25-03-00-21
11.0,113.34664480573112,23.174649876658957,2018-09-25-03-00-21
1.0,113.3448979387006,23.174902755907116,2018-09-25-03-00-21
1.0,113.34539703219347,23.174901900643754,2018-09-25-03-00-21
1.0,113.34564658086097,23.174901474667266,2018-09-25-03-00-21
1.0,113.34589613082598,23.17490104980976,2018-09-25-03-00-21
1.0,113.34664478863179,23.174899782067087,2018-09-25-03-00-21
1.0,113.34689434391245,23.17489936180138,2018-09-25-03-00-21
1.0,113.34764301796547,23.174898108111165,2018-09-25-03-00-21
1.0,113.34464837675763,23.175153090618736,2018-09-25-03-00-21
1.0,113.34514746771679,23.17515223317556,2018-09-25-03-00-21
1.0,113.34539701509846,23.175151806091684,2018-09-25-03-00-21
1.0,113.34689432681208,23.17514926724905,2018-09-25-03-00-21
1.0,113.34764300086245,23.175148013558708,2018-09-25-03-00-21
1.0,113.34464835966517,23.175402996106435,2018-09-25-03-00-21
1.0,113.34489790451403,23.17540256684279,2018-09-25-03-00-21
1.0,113.34689430971154,23.175399172736363,2018-09-25-03-00-21
1.0,113.34764298375926,23.175397919045892,2018-09-25-03-00-21
1.0,113.34539698090794,23.175651617106524,2018-09-25-03-00-21
1.0,113.34689429261083,23.175649078263376,2018-09-25-03-00-21
1.0,113.34963949317361,23.175644535529397,2018-09-25-03-00-21
1.0,113.34539696381242,23.17590152267354,2018-09-25-03-00-21
1.0,113.34664472023285,23.175899404096015,2018-09-25-03-00-21
1.0,113.34889076773871,23.175895665032236,2018-09-25-03-00-21
1.0,113.3448978532329,23.176152283544152,2018-09-25-03-00-21
1.0,113.34514739933866,23.17615185536441,2018-09-25-03-00-21
1.0,113.34938988803218,23.176144753393565,2018-09-25-03-00-21
1.0,113.34714379794325,23.17639837599397,2018-09-25-03-00-21
1.0,113.34988901425724,23.176393846958007,2018-09-25-03-00-21
1.0,113.34514736514859,23.176651666697765,2018-09-25-03-00-21
1.0,113.34789245903086,23.17664703158854,2018-09-25-03-00-21
1.0,113.34739332174503,23.176897769505597,2018-09-25-03-00-21
1.0,113.34714374663596,23.177148093172782,2018-09-25-03-00-21
1.0,113.34739330464156,23.17714767527183,2018-09-25-03-00-21
1.0,113.34814198701879,23.177146428813636,2018-09-25-03-00-21
1.0,113.34564640989431,23.177400530936488,2018-09-25-03-00-21
1.0,113.34589595985034,23.17740010607855,2018-09-25-03-00-21
1.0,113.34764284692776,23.17739716437694,2018-09-25-03-00-21
1.0,113.35488072679654,23.177385652735047,2018-09-25-03-00-21
1.0,113.34539684413912,23.177650862760174,2018-09-25-03-00-21
1.0,113.34664460052825,23.177648744181145,2018-09-25-03-00-21
1.0,113.34639502950463,23.1778990714994,2018-09-25-03-00-21
1.0,113.34639497820231,23.17864878940136,2018-09-25-03-00-21
1.0,113.34664453212193,23.178648367969714,2018-09-25-03-00-21
1.0,113.34814188437862,23.178645864253635,2018-09-25-03-00-21
1.0,113.34839134534249,23.180144888114278,2018-09-25-03-00-21
