count,wgs_lng,wgs_lat,time
1.0,113.32967963021795,23.14394248734825,2018-09-21-04-59-07
1.0,113.33242408329887,23.143937313081434,2018-09-21-04-59-07
1.0,113.33417059052954,23.143934049665283,2018-09-21-04-59-07
1.0,113.32543828871748,23.144200461325912,2018-09-21-04-59-07
1.0,113.32668572719483,23.14419808011868,2018-09-21-04-59-07
1.0,113.32693521573303,23.144197604420256,2018-09-21-04-59-07
1.0,113.3276836832742,23.14419617863361,2018-09-21-04-59-07
1.0,113.32868164499148,23.14419428109985,2018-09-21-04-59-07
1.0,113.3294301204951,23.144192861018595,2018-09-21-04-59-07
1.0,113.33067758876898,23.14419050105102,2018-09-21-04-59-07
1.0,113.33092708390937,23.144190030193837,2018-09-21-04-59-07
1.0,113.33541808234568,23.144431537385014,2018-09-21-04-59-07
1.0,113.32943008646882,23.14469266303795,2018-09-21-04-59-07
1.0,113.3346695475917,23.144682825161393,2018-09-21-04-59-07
1.0,113.33566757272877,23.14468097740082,2018-09-21-04-59-07
1.0,113.33716463407626,23.14467822523155,2018-09-21-04-59-07
1.0,113.32543823772619,23.144950164406232,2018-09-21-04-59-07
1.0,113.32992903831132,23.14519152011456,2018-09-21-04-59-07
1.0,113.32918054317034,23.14544283935742,2018-09-21-04-59-07
1.0,113.33342198132313,23.145434851364318,2018-09-21-04-59-07
1.0,113.33516850754565,23.145431603321107,2018-09-21-04-59-07
1.0,113.33466947945384,23.14568242959176,2018-09-21-04-59-07
1.0,113.32893101732134,23.145943115071454,2018-09-21-04-59-07
1.0,113.33117646043235,23.145938867386533,2018-09-21-04-59-07
1.0,113.33142595663196,23.145938397356545,2018-09-21-04-59-07
1.0,113.33392095125302,23.14593372286206,2018-09-21-04-59-07
1.0,113.3344199579884,23.145932794233005,2018-09-21-04-59-07
1.0,113.3356674875365,23.1459304830206,2018-09-21-04-59-07
1.0,113.32818252730556,23.146194438193646,2018-09-21-04-59-07
1.0,113.32967946007153,23.14644149843447,2018-09-21-04-59-07
1.0,113.33092693073189,23.146439140317753,2018-09-21-04-59-07
1.0,113.3324239130429,23.146436324163083,2018-09-21-04-59-07
1.0,113.32992893621447,23.14669092736077,2018-09-21-04-59-07
1.0,113.33367139782776,23.146683891786118,2018-09-21-04-59-07
1.0,113.33616645359474,23.146679266705878,2018-09-21-04-59-07
1.0,113.33691498543399,23.14667789159997,2018-09-21-04-59-07
1.0,113.32668554016381,23.146946992864827,2018-09-21-04-59-07
1.0,113.3324238789897,23.146936126777067,2018-09-21-04-59-07
1.0,113.3339208831236,23.14693332795587,2018-09-21-04-59-07
1.0,113.33516840532313,23.146931010761293,2018-09-21-04-59-07
1.0,113.33167536826704,23.147187434211297,2018-09-21-04-59-07
1.0,113.33616641951177,23.147179069385352,2018-09-21-04-59-07
1.0,113.32493909409605,23.147450130344506,2018-09-21-04-59-07
1.0,113.32593704231988,23.1474482238467,2018-09-21-04-59-07
1.0,113.32618651298668,23.147697649017424,2018-09-21-04-59-07
1.0,113.33367132970028,23.14768349728057,2018-09-21-04-59-07
1.0,113.33392083202479,23.147683032126743,2018-09-21-04-59-07
1.0,113.33666538877485,23.147927856232307,2018-09-21-04-59-07
1.0,113.32718443249931,23.148195548801745,2018-09-21-04-59-07
1.0,113.33142580342606,23.14818750957331,2018-09-21-04-59-07
1.0,113.33292279265356,23.148184698899467,2018-09-21-04-59-07
1.0,113.33392079795809,23.14818283507508,2018-09-21-04-59-07
1.0,113.33067729943937,23.148438822436997,2018-09-21-04-59-07
1.0,113.33142578640235,23.148437411098392,2018-09-21-04-59-07
1.0,113.32593695731262,23.14869773130853,2018-09-21-04-59-07
1.0,113.33017827668034,23.148939568477996,2018-09-21-04-59-07
1.0,113.33117625616676,23.148937684280316,2018-09-21-04-59-07
1.0,113.33566728305804,23.148929299905383,2018-09-21-04-59-07
1.0,113.32518846182096,23.14919896420632,2018-09-21-04-59-07
1.0,113.33017825966112,23.149189470104677,2018-09-21-04-59-07
1.0,113.3251884448217,23.14944886586773,2018-09-21-04-59-07
1.0,113.33242370871372,23.14943514186006,2018-09-21-04-59-07
1.0,113.33342169179384,23.149683175581593,2018-09-21-04-59-07
1.0,113.32768327508373,23.15019381165582,2018-09-21-04-59-07
1.0,113.33292265641161,23.150183912045982,2018-09-21-04-59-07
1.0,113.3301781745625,23.150438978747808,2018-09-21-04-59-07
1.0,113.33042766866522,23.150438507111453,2018-09-21-04-59-07
1.0,113.33117615402497,23.15043709454913,2018-09-21-04-59-07
1.0,113.33067714624539,23.150687937688883,2018-09-21-04-59-07
1.0,113.33466913872454,23.150680459764338,2018-09-21-04-59-07
1.0,113.32493885612195,23.150948753373807,2018-09-21-04-59-07
1.0,113.32818220409912,23.15094256783754,2018-09-21-04-59-07
1.0,113.33491862682357,23.15092989876899,2018-09-21-04-59-07
1.0,113.33566714672573,23.15092851386405,2018-09-21-04-59-07
1.0,113.32992862988796,23.151189156350537,2018-09-21-04-59-07
1.0,113.33017812350134,23.15118868434351,2018-09-21-04-59-07
1.0,113.33466910464794,23.15118026352757,2018-09-21-04-59-07
1.0,113.33541757116376,23.15192858267533,2018-09-21-04-59-07
1.0,113.33017805541745,23.152188292285718,2018-09-21-04-59-07
1.0,113.33541753707962,23.152428386782727,2018-09-21-04-59-07
1.0,113.33741361875903,23.152424717327,2018-09-21-04-59-07
1.0,113.32768310497607,23.152692831173024,2018-09-21-04-59-07
1.0,113.33741360170896,23.152674619432297,2018-09-21-04-59-07
1.0,113.3276830879644,23.15294273331464,2018-09-21-04-59-07
1.0,113.3299285107464,23.1529384706126,2018-09-21-04-59-07
1.0,113.33591651854995,23.152927269648277,2018-09-21-04-59-07
1.0,113.32693460352029,23.15319406128211,2018-09-21-04-59-07
1.0,113.32868103252493,23.153190737951274,2018-09-21-04-59-07
1.0,113.33092645409346,23.153436389242458,2018-09-21-04-59-07
1.0,113.3336709379155,23.1534312394079,2018-09-21-04-59-07
1.0,113.32992845968323,23.15368817724504,2018-09-21-04-59-07
1.0,113.33192442287634,23.153684412251994,2018-09-21-04-59-07
1.0,113.3324234192063,23.153683475326048,2018-09-21-04-59-07
1.0,113.3291799646388,23.15393949764784,2018-09-21-04-59-07
1.0,113.3326729012421,23.153932909859307,2018-09-21-04-59-07
1.0,113.34090748001651,23.1439217600067,2018-09-21-04-59-07
1.0,113.34514960318307,23.143914341608692,2018-09-21-04-59-07
1.0,113.34539913360311,23.14416381548796,2018-09-21-04-59-07
1.0,113.34564868238112,23.144163389516756,2018-09-21-04-59-07
1.0,113.33541808234568,23.144431537385014,2018-09-21-04-59-07
1.0,113.3346695475917,23.144682825161393,2018-09-21-04-59-07
1.0,113.33566757272877,23.14468097740082,2018-09-21-04-59-07
1.0,113.33716463407626,23.14467822523155,2018-09-21-04-59-07
1.0,113.34215507764887,23.1446692516381,2018-09-21-04-59-07
1.0,113.33516850754565,23.145431603321107,2018-09-21-04-59-07
1.0,113.33466947945384,23.14568242959176,2018-09-21-04-59-07
1.0,113.3344199579884,23.145932794233005,2018-09-21-04-59-07
1.0,113.3356674875365,23.1459304830206,2018-09-21-04-59-07
1.0,113.33941018260954,23.146173552829303,2018-09-21-04-59-07
1.0,113.34639719992006,23.14616132720917,2018-09-21-04-59-07
1.0,113.33866160697542,23.14642480686179,2018-09-21-04-59-07
1.0,113.33891112554763,23.146424355133448,2018-09-21-04-59-07
1.0,113.33916064507011,23.146423904203882,2018-09-21-04-59-07
1.0,113.34614763014137,23.146411651043675,2018-09-21-04-59-07
1.0,113.33616645359474,23.146679266705878,2018-09-21-04-59-07
1.0,113.33691498543399,23.14667789159997,2018-09-21-04-59-07
1.0,113.33516840532313,23.146931010761293,2018-09-21-04-59-07
1.0,113.33990917535863,23.14692235893987,2018-09-21-04-59-07
1.0,113.34065774877517,23.146921018686502,2018-09-21-04-59-07
1.0,113.34589804460877,23.14691187737512,2018-09-21-04-59-07
1.0,113.33616641951177,23.147179069385352,2018-09-21-04-59-07
1.0,113.34614757890503,23.147161355007754,2018-09-21-04-59-07
1.0,113.3411567687837,23.147419932323476,2018-09-21-04-59-07
1.0,113.34489980085645,23.147663287618556,2018-09-21-04-59-07
1.0,113.33666538877485,23.147927856232307,2018-09-21-04-59-07
1.0,113.3448997837815,23.147913189074053,2018-09-21-04-59-07
1.0,113.34065766347962,23.148170525800044,2018-09-21-04-59-07
1.0,113.34265388892524,23.14841689303573,2018-09-21-04-59-07
1.0,113.34465020468441,23.14841342134501,2018-09-21-04-59-07
1.0,113.33566728305804,23.148929299905383,2018-09-21-04-59-07
1.0,113.34365193481011,23.14991455883598,2018-09-21-04-59-07
1.0,113.34390147484056,23.149914125357654,2018-09-21-04-59-07
1.0,113.34639694371243,23.149909849550077,2018-09-21-04-59-07
1.0,113.3461473739446,23.15016017389047,2018-09-21-04-59-07
1.0,113.34664648065154,23.150159329883248,2018-09-21-04-59-07
1.0,113.33466913872454,23.150680459764338,2018-09-21-04-59-07
1.0,113.34290327063493,23.150665570760196,2018-09-21-04-59-07
1.0,113.3468960018522,23.15065871324391,2018-09-21-04-59-07
1.0,113.33491862682357,23.15092989876899,2018-09-21-04-59-07
1.0,113.33566714672573,23.15092851386405,2018-09-21-04-59-07
1.0,113.33466910464794,23.15118026352757,2018-09-21-04-59-07
1.0,113.34340229354702,23.151414404415366,2018-09-21-04-59-07
1.0,113.34664639523535,23.1514088391957,2018-09-21-04-59-07
1.0,113.33541757116376,23.15192858267533,2018-09-21-04-59-07
1.0,113.34040788209037,23.151919498106295,2018-09-21-04-59-07
1.0,113.3434022423305,23.152164110417026,2018-09-21-04-59-07
1.0,113.33541753707962,23.152428386782727,2018-09-21-04-59-07
1.0,113.33741361875903,23.152424717327,2018-09-21-04-59-07
1.0,113.33741360170896,23.152674619432297,2018-09-21-04-59-07
1.0,113.33591651854995,23.152927269648277,2018-09-21-04-59-07
1.0,113.34714538772117,23.153157314332976,2018-09-21-04-59-07
1.0,113.3471453706345,23.153407216540863,2018-09-21-04-59-07
1.0,113.35463343270297,23.143649086663032,2018-09-21-04-59-07
1.0,113.34514960318307,23.143914341608692,2018-09-21-04-59-07
1.0,113.35563184597062,23.143897488777558,2018-09-21-04-59-07
1.0,113.34539913360311,23.14416381548796,2018-09-21-04-59-07
1.0,113.34564868238112,23.144163389516756,2018-09-21-04-59-07
1.0,113.3558814408764,23.14414701891696,2018-09-21-04-59-07
1.0,113.35663027060504,23.14439581695106,2018-09-21-04-59-07
1.0,113.3571295109421,23.144395089665952,2018-09-21-04-59-07
1.0,113.34889287074995,23.14515756208049,2018-09-21-04-59-07
1.0,113.3491424388219,23.145157152823657,2018-09-21-04-59-07
1.0,113.34989110064093,23.145905636239387,2018-09-21-04-59-07
1.0,113.34639719992006,23.14616132720917,2018-09-21-04-59-07
1.0,113.34964151103067,23.146155942844644,2018-09-21-04-59-07
1.0,113.34614763014137,23.146411651043675,2018-09-21-04-59-07
1.0,113.3541340398135,23.14639875721159,2018-09-21-04-59-07
1.0,113.35613090068172,23.146395759760875,2018-09-21-04-59-07
1.0,113.34589804460877,23.14691187737512,2018-09-21-04-59-07
1.0,113.34614757890503,23.147161355007754,2018-09-21-04-59-07
1.0,113.35388438871047,23.147148842718845,2018-09-21-04-59-07
1.0,113.34814402146908,23.147407908706,2018-09-21-04-59-07
1.0,113.35088930334923,23.147403435771473,2018-09-21-04-59-07
1.0,113.34489980085645,23.147663287618556,2018-09-21-04-59-07
1.0,113.34914226793143,23.147656165534247,2018-09-21-04-59-07
1.0,113.35063970763521,23.147653737256203,2018-09-21-04-59-07
1.0,113.35088928625348,23.147653337192363,2018-09-21-04-59-07
1.0,113.3448997837815,23.147913189074053,2018-09-21-04-59-07
1.0,113.34465020468441,23.14841342134501,2018-09-21-04-59-07
1.0,113.35638031091922,23.149394209752998,2018-09-21-04-59-07
1.0,113.34639694371243,23.149909849550077,2018-09-21-04-59-07
1.0,113.3461473739446,23.15016017389047,2018-09-21-04-59-07
1.0,113.34664648065154,23.150159329883248,2018-09-21-04-59-07
1.0,113.35014038407809,23.15015355747959,2018-09-21-04-59-07
1.0,113.35687949621229,23.150143184413427,2018-09-21-04-59-07
1.0,113.3468960018522,23.15065871324391,2018-09-21-04-59-07
1.0,113.34664639523535,23.1514088391957,2018-09-21-04-59-07
1.0,113.34989067330652,23.152153176859255,2018-09-21-04-59-07
1.0,113.35563126417581,23.1523941400085,2018-09-21-04-59-07
1.0,113.34714538772117,23.153157314332976,2018-09-21-04-59-07
1.0,113.34839319214512,23.153155236961545,2018-09-21-04-59-07
1.0,113.3471453706345,23.153407216540863,2018-09-21-04-59-07
1.0,113.3276830879644,23.15294273331464,2018-09-21-04-59-07
1.0,113.3299285107464,23.1529384706126,2018-09-21-04-59-07
1.0,113.33591651854995,23.152927269648277,2018-09-21-04-59-07
1.0,113.32693460352029,23.15319406128211,2018-09-21-04-59-07
1.0,113.32868103252493,23.153190737951274,2018-09-21-04-59-07
1.0,113.33092645409346,23.153436389242458,2018-09-21-04-59-07
1.0,113.3336709379155,23.1534312394079,2018-09-21-04-59-07
1.0,113.32992845968323,23.15368817724504,2018-09-21-04-59-07
1.0,113.33192442287634,23.153684412251994,2018-09-21-04-59-07
1.0,113.3324234192063,23.153683475326048,2018-09-21-04-59-07
1.0,113.3291799646388,23.15393949764784,2018-09-21-04-59-07
1.0,113.3326729012421,23.153932909859307,2018-09-21-04-59-07
1.0,113.32568709584827,23.15419605068834,2018-09-21-04-59-07
1.0,113.33217388668382,23.15418374814979,2018-09-21-04-59-07
1.0,113.32843143946364,23.154690625712796,2018-09-21-04-59-07
1.0,113.3344193616968,23.154679357195825,2018-09-21-04-59-07
1.0,113.3291798965636,23.154939107120924,2018-09-21-04-59-07
1.0,113.33217381856005,23.155183357761338,2018-09-21-04-59-07
1.0,113.33342131703735,23.15518102155641,2018-09-21-04-59-07
1.0,113.32543752369084,23.155446039360264,2018-09-21-04-59-07
1.0,113.32568701082361,23.15544556279615,2018-09-21-04-59-07
1.0,113.33167480638578,23.155434198104835,2018-09-21-04-59-07
1.0,113.33342130000105,23.155430924047078,2018-09-21-04-59-07
1.0,113.33541731551648,23.155677116878024,2018-09-21-04-59-07
1.0,113.33516779186188,23.155927481078923,2018-09-21-04-59-07
1.0,113.33142525858467,23.156184375389238,2018-09-21-04-59-07
1.0,113.3351677748182,23.15617738367539,2018-09-21-04-59-07
1.0,113.32518796877528,23.156446126381848,2018-09-21-04-59-07
1.0,113.3284313203479,23.156439943401235,2018-09-21-04-59-07
1.0,113.3256869257948,23.156695075786665,2018-09-21-04-59-07
1.0,113.33741331183215,23.156922960576058,2018-09-21-04-59-07
1.0,113.33516768959731,23.157426897190984,2018-09-21-04-59-07
1.0,113.33691425237815,23.15742367934027,2018-09-21-04-59-07
1.0,113.32593632812966,23.157944113250355,2018-09-21-04-59-07
1.0,113.33117564322605,23.157934164597304,2018-09-21-04-59-07
1.0,113.32518784974329,23.158195445815064,2018-09-21-04-59-07
1.0,113.32568682375472,23.158194492550248,2018-09-21-04-59-07
1.0,113.32618579874698,23.158193539877598,2018-09-21-04-59-07
1.0,113.32868067515312,23.15843869177747,2018-09-21-04-59-07
1.0,113.32518781573266,23.158695251689856,2018-09-21-04-59-07
1.0,113.32643525262367,23.15869286966862,2018-09-21-04-59-07
1.0,113.32793218645863,23.158690017488453,2018-09-21-04-59-07
1.0,113.32543728561386,23.1589446779809,2018-09-21-04-59-07
1.0,113.32518778172135,23.159195057708775,2018-09-21-04-59-07
1.0,113.3254372686071,23.15919458100836,2018-09-21-04-59-07
1.0,113.33192401412558,23.159682076743273,2018-09-21-04-59-07
1.0,113.3316744998286,23.15993244903375,2018-09-21-04-59-07
1.0,113.33242297633703,23.16018094612142,2018-09-21-04-59-07
1.0,113.33441896973677,23.1604271218604,2018-09-21-04-59-07
1.0,113.33666453636174,23.16042297311952,2018-09-21-04-59-07
1.0,113.33192394599111,23.16068168950124,2018-09-21-04-59-07
1.0,113.32493817601632,23.160944856740386,2018-09-21-04-59-07
1.0,113.32518766267657,23.16094437991636,2018-09-21-04-59-07
1.0,113.32668458769373,23.160941521994573,2018-09-21-04-59-07
1.0,113.32743305405535,23.16094009553294,2018-09-21-04-59-07
1.0,113.32868050495027,23.160937722953566,2018-09-21-04-59-07
1.0,113.32892999629368,23.160937249277477,2018-09-21-04-59-07
1.0,113.32718354793184,23.161190474119902,2018-09-21-04-59-07
1.0,113.32793201628428,23.16118904902859,2018-09-21-04-59-07
1.0,113.32868048792906,23.161187626271172,2018-09-21-04-59-07
1.0,113.33591595599005,23.161174060104557,2018-09-21-04-59-07
1.0,113.32942894620354,23.161436109535533,2018-09-21-04-59-07
1.0,113.32493812499767,23.161694566804876,2018-09-21-04-59-07
1.0,113.32668453665383,23.161691232058196,2018-09-21-04-59-07
1.0,113.33466835479389,23.16217598188011,2018-09-21-04-59-07
1.0,113.33541687230559,23.162174595120053,2018-09-21-04-59-07
1.0,113.33516734867203,23.16242496026099,2018-09-21-04-59-07
1.0,113.32693394004643,23.162940273864002,2018-09-21-04-59-07
1.0,113.33591651854995,23.152927269648277,2018-09-21-04-59-07
1.0,113.34714538772117,23.153157314332976,2018-09-21-04-59-07
1.0,113.3471453706345,23.153407216540863,2018-09-21-04-59-07
1.0,113.34415067457297,23.154911734671618,2018-09-21-04-59-07
1.0,113.34664613896167,23.155157372323103,2018-09-21-04-59-07
1.0,113.34714525102304,23.15515653297532,2018-09-21-04-59-07
1.0,113.34664612187542,23.15540727481153,2018-09-21-04-59-07
1.0,113.33541731551648,23.155677116878024,2018-09-21-04-59-07
1.0,113.33516779186188,23.155927481078923,2018-09-21-04-59-07
1.0,113.33816192465214,23.1559219855781,2018-09-21-04-59-07
1.0,113.3351677748182,23.15617738367539,2018-09-21-04-59-07
1.0,113.34365150796198,23.15616211321435,2018-09-21-04-59-07
1.0,113.34365149088588,23.15641201584486,2018-09-21-04-59-07
1.0,113.34340193499978,23.156662353015783,2018-09-21-04-59-07
1.0,113.33741331183215,23.156922960576058,2018-09-21-04-59-07
1.0,113.3463964482709,23.157157014650224,2018-09-21-04-59-07
1.0,113.34664600226698,23.15715659322228,2018-09-21-04-59-07
1.0,113.33516768959731,23.157426897190984,2018-09-21-04-59-07
1.0,113.33691425237815,23.15742367934027,2018-09-21-04-59-07
1.0,113.34190464118771,23.157914494784052,2018-09-21-04-59-07
1.0,113.34040742137992,23.15866686536833,2018-09-21-04-59-07
1.0,113.34439996082763,23.15865984380879,2018-09-21-04-59-07
1.0,113.33666453636174,23.16042297311952,2018-09-21-04-59-07
1.0,113.33591595599005,23.161174060104557,2018-09-21-04-59-07
1.0,113.34090628557317,23.161414909349446,2018-09-21-04-59-07
1.0,113.34015767510166,23.161916053811904,2018-09-21-04-59-07
1.0,113.33466835479389,23.16217598188011,2018-09-21-04-59-07
1.0,113.33541687230559,23.162174595120053,2018-09-21-04-59-07
1.0,113.33516734867203,23.16242496026099,2018-09-21-04-59-07
1.0,113.3399081175739,23.1624163083901,2018-09-21-04-59-07
1.0,113.34115574482861,23.162414079015942,2018-09-21-04-59-07
1.0,113.34315198753656,23.16266046332493,2018-09-21-04-59-07
1.0,113.34714538772117,23.153157314332976,2018-09-21-04-59-07
1.0,113.34839319214512,23.153155236961545,2018-09-21-04-59-07
1.0,113.3471453706345,23.153407216540863,2018-09-21-04-59-07
1.0,113.35563111013883,23.154643260181473,2018-09-21-04-59-07
1.0,113.35088879040357,23.154900493229576,2018-09-21-04-59-07
1.0,113.34664613896167,23.155157372323103,2018-09-21-04-59-07
1.0,113.34714525102304,23.15515653297532,2018-09-21-04-59-07
1.0,113.34664612187542,23.15540727481153,2018-09-21-04-59-07
1.0,113.35113833635046,23.15539989946266,2018-09-21-04-59-07
1.0,113.35063912630835,23.156150405910175,2018-09-21-04-59-07
1.0,113.34764428312369,23.156405211175738,2018-09-21-04-59-07
1.0,113.3463964482709,23.157157014650224,2018-09-21-04-59-07
1.0,113.34664600226698,23.15715659322228,2018-09-21-04-59-07
1.0,113.34439996082763,23.15865984380879,2018-09-21-04-59-07
1.0,113.35138762729723,23.159647849861713,2018-09-21-04-59-07
1.0,113.34988995514892,23.162649094200574,2018-09-21-04-59-07
1.0,113.33466835479389,23.16217598188011,2018-09-21-04-59-07
1.0,113.33541687230559,23.162174595120053,2018-09-21-04-59-07
1.0,113.33516734867203,23.16242496026099,2018-09-21-04-59-07
1.0,113.32693394004643,23.162940273864002,2018-09-21-04-59-07
1.0,113.32818137028936,23.163187802363495,2018-09-21-04-59-07
1.0,113.32768237332346,23.163438655329056,2018-09-21-04-59-07
1.0,113.32793186311315,23.163438180541082,2018-09-21-04-59-07
1.0,113.32668440054007,23.163690460513127,2018-09-21-04-59-07
1.0,113.32693388899949,23.16368998481148,2018-09-21-04-59-07
1.0,113.3344187481551,23.163675866888575,2018-09-21-04-59-07
1.0,113.32643489536552,23.16394084013571,2018-09-21-04-59-07
1.0,113.33641478706944,23.16392208024012,2018-09-21-04-59-07
2.0,113.32718332671965,23.164439220601267,2018-09-21-04-59-07
1.0,113.32743279879537,23.164688649166592,2018-09-21-04-59-07
1.0,113.32543686039527,23.16519226463707,2018-09-21-04-59-07
1.0,113.33367013703744,23.16517668357243,2018-09-21-04-59-07
1.0,113.33317111749065,23.16542751944886,2018-09-21-04-59-07
1.0,113.32818120007497,23.16568684052806,2018-09-21-04-59-07
1.0,113.32568627943986,23.166191404086813,2018-09-21-04-59-07
1.0,113.3346680820396,23.166174442335482,2018-09-21-04-59-07
1.0,113.33666414411154,23.166170757040323,2018-09-21-04-59-07
1.0,113.32618523735272,23.166440355509373,2018-09-21-04-59-07
1.0,113.33491757006756,23.166423883569525,2018-09-21-04-59-07
1.0,113.32493776782518,23.166942546586636,2018-09-21-04-59-07
1.0,113.3309254322854,23.168430587677328,2018-09-21-04-59-07
1.0,113.33541644603484,23.168422193803526,2018-09-21-04-59-07
1.0,113.32593559663081,23.168689970352787,2018-09-21-04-59-07
1.0,113.32593557961556,23.168939874830542,2018-09-21-04-59-07
1.0,113.33441839015589,23.168923852935922,2018-09-21-04-59-07
1.0,113.32593556260012,23.16918977934658,2018-09-21-04-59-07
1.0,113.33142432173973,23.16992907439619,2018-09-21-04-59-07
1.0,113.33167380135778,23.17017850946323,2018-09-21-04-59-07
1.0,113.33366977907919,23.170424674394738,2018-09-21-04-59-07
1.0,113.33317075957034,23.170675511072325,2018-09-21-04-59-07
1.0,113.33342026047106,23.17067504484099,2018-09-21-04-59-07
1.0,113.32768186268581,23.17093578228862,2018-09-21-04-59-07
1.0,113.33342024342441,23.17092494962531,2018-09-21-04-59-07
1.0,113.33366974498409,23.17092448392463,2018-09-21-04-59-07
1.0,113.33391924721703,23.170924018766925,2018-09-21-04-59-07
1.0,113.33292122522676,23.1711757874296,2018-09-21-04-59-07
1.0,113.3336697279363,23.17117438874763,2018-09-21-04-59-07
1.0,113.32942824806042,23.171682179230093,2018-09-21-04-59-07
1.0,113.32718281612256,23.171936352124746,2018-09-21-04-59-07
1.0,113.34015767510166,23.161916053811904,2018-09-21-04-59-07
1.0,113.33541687230559,23.162174595120053,2018-09-21-04-59-07
1.0,113.33516734867203,23.16242496026099,2018-09-21-04-59-07
1.0,113.3399081175739,23.1624163083901,2018-09-21-04-59-07
1.0,113.34115574482861,23.162414079015942,2018-09-21-04-59-07
1.0,113.34315198753656,23.16266046332493,2018-09-21-04-59-07
1.0,113.34365104684854,23.16290949687185,2018-09-21-04-59-07
1.0,113.34215379746914,23.163411926131683,2018-09-21-04-59-07
1.0,113.33641478706944,23.16392208024012,2018-09-21-04-59-07
1.0,113.33890991445358,23.164167432736697,2018-09-21-04-59-07
1.0,113.3386603788864,23.16441778826387,2018-09-21-04-59-07
1.0,113.34190416314185,23.164911789202502,2018-09-21-04-59-07
1.0,113.33666414411154,23.166170757040323,2018-09-21-04-59-07
1.0,113.33491757006756,23.166423883569525,2018-09-21-04-59-07
1.0,113.33541644603484,23.168422193803526,2018-09-21-04-59-07
1.0,113.34439927747665,23.168655992029368,2018-09-21-04-59-07
1.0,113.3421534217713,23.168909815835317,2018-09-21-04-59-07
1.0,113.34240295474785,23.168909376378434,2018-09-21-04-59-07
1.0,113.34015716302135,23.16941317391596,2018-09-21-04-59-07
1.0,113.34589650691339,23.169403139877087,2018-09-21-04-59-07
1.0,113.34065619574204,23.169662185859355,2018-09-21-04-59-07
1.0,113.34290195578134,23.169908118658512,2018-09-21-04-59-07
1.0,113.34639557663556,23.169902102784427,2018-09-21-04-59-07
1.0,113.3409056880443,23.170161550150176,2018-09-21-04-59-07
1.0,113.34240286934605,23.17015889932879,2018-09-21-04-59-07
1.0,113.33816093516886,23.17041639649293,2018-09-21-04-59-07
1.0,113.3431514580217,23.170407491508183,2018-09-21-04-59-07
1.0,113.34764332579111,23.170399816772516,2018-09-21-04-59-07
1.0,113.3458964214461,23.170652663209218,2018-09-21-04-59-07
1.0,113.34365050018575,23.17090643100664,2018-09-21-04-59-07
1.0,113.34489821216914,23.17090427408604,2018-09-21-04-59-07
1.0,113.34340094434312,23.171156770335305,2018-09-21-04-59-07
1.0,113.34365048309976,23.171156335827956,2018-09-21-04-59-07
1.0,113.34414956421398,23.171155469901205,2018-09-21-04-59-07
1.0,113.34489819507861,23.17115417890714,2018-09-21-04-59-07
1.0,113.34340092725789,23.171406675195442,2018-09-21-04-59-07
1.0,113.34464863312456,23.17140451302998,2018-09-21-04-59-07
1.0,113.3476432573901,23.171399435977698,2018-09-21-04-59-07
1.0,113.342153233892,23.17165876759958,2018-09-21-04-59-07
1.0,113.3453972544134,23.171653133403478,2018-09-21-04-59-07
1.0,113.34664499381255,23.171900919766898,2018-09-21-04-59-07
1.0,113.34988995514892,23.162649094200574,2018-09-21-04-59-07
1.0,113.35113778900451,23.163396798013224,2018-09-21-04-59-07
1.0,113.35313441899947,23.164393273519096,2018-09-21-04-59-07
1.0,113.35363361000911,23.16439250301199,2018-09-21-04-59-07
1.0,113.3526351833067,23.165143761459866,2018-09-21-04-59-07
1.0,113.35163681708924,23.16539523521442,2018-09-21-04-59-07
1.0,113.35288475754048,23.165393276511203,2018-09-21-04-59-07
1.0,113.35587998594495,23.165388725734502,2018-09-21-04-59-07
1.0,113.34988964727657,23.16714736418464,2018-09-21-04-59-07
1.0,113.35737757576452,23.167135862914833,2018-09-21-04-59-07
1.0,113.35463173844246,23.16838944563264,2018-09-21-04-59-07
1.0,113.35463172132033,23.168639350067277,2018-09-21-04-59-07
1.0,113.34963993798668,23.169147004600063,2018-09-21-04-59-07
1.0,113.34589650691339,23.169403139877087,2018-09-21-04-59-07
1.0,113.34939034993707,23.16939731584106,2018-09-21-04-59-07
1.0,113.34963992088058,23.169396909150436,2018-09-21-04-59-07
1.0,113.34914076337276,23.169647628411404,2018-09-21-04-59-07
1.0,113.34939033283166,23.169647220429873,2018-09-21-04-59-07
1.0,113.34639557663556,23.169902102784427,2018-09-21-04-59-07
1.0,113.34939031572608,23.169897125057137,2018-09-21-04-59-07
1.0,113.34764332579111,23.170399816772516,2018-09-21-04-59-07
1.0,113.35238523419793,23.170392142542035,2018-09-21-04-59-07
1.0,113.3458964214461,23.170652663209218,2018-09-21-04-59-07
1.0,113.35238521708175,23.170642047284446,2018-09-21-04-59-07
1.0,113.34489821216914,23.17090427408604,2018-09-21-04-59-07
1.0,113.3523851999654,23.17089195206552,2018-09-21-04-59-07
1.0,113.34489819507861,23.17115417890714,2018-09-21-04-59-07
1.0,113.34464863312456,23.17140451302998,2018-09-21-04-59-07
1.0,113.3476432573901,23.171399435977698,2018-09-21-04-59-07
1.0,113.3556299629917,23.171386802555013,2018-09-21-04-59-07
1.0,113.3453972544134,23.171653133403478,2018-09-21-04-59-07
1.0,113.33292122522676,23.1711757874296,2018-09-21-04-59-07
1.0,113.3336697279363,23.17117438874763,2018-09-21-04-59-07
1.0,113.32942824806042,23.171682179230093,2018-09-21-04-59-07
1.0,113.32718281612256,23.171936352124746,2018-09-21-04-59-07
1.0,113.32793126731936,23.17218483200748,2018-09-21-04-59-07
1.0,113.33391916197142,23.17217354327002,2018-09-21-04-59-07
1.0,113.3259353413844,23.172438541563864,2018-09-21-04-59-07
1.0,113.32668380491711,23.17243711331908,2018-09-21-04-59-07
1.0,113.32793125029367,23.172434737025853,2018-09-21-04-59-07
1.0,113.33466765577546,23.172422056194076,2018-09-21-04-59-07
1.0,113.32618481193336,23.172687970363096,2018-09-21-04-59-07
1.0,113.32768174351546,23.172685116872785,2018-09-21-04-59-07
1.0,113.33666370059188,23.17266827594652,2018-09-21-04-59-07
1.0,113.33691321193203,23.172667818259164,2018-09-21-04-59-07
1.0,113.32743223709153,23.172935497005856,2018-09-21-04-59-07
1.0,113.32793121624182,23.172934547179803,2018-09-21-04-59-07
1.0,113.3291786707544,23.172932177369173,2018-09-21-04-59-07
1.0,113.33267160629634,23.172925589536472,2018-09-21-04-59-07
1.0,113.33541612199929,23.17317038471477,2018-09-21-04-59-07
1.0,113.32768169243994,23.17343483228,2018-09-21-04-59-07
1.0,113.32793118218929,23.17343435749037,2018-09-21-04-59-07
1.0,113.32892914497921,23.17343246104871,2018-09-21-04-59-07
1.0,113.32917863669181,23.173431987679326,2018-09-21-04-59-07
1.0,113.33416857963132,23.173422604145053,2018-09-21-04-59-07
1.0,113.32643423169132,23.17368711489958,2018-09-21-04-59-07
1.0,113.328180655277,23.173683788174174,2018-09-21-04-59-07
1.0,113.32917861966027,23.17368189289327,2018-09-21-04-59-07
1.0,113.32743216899388,23.173935117784374,2018-09-21-04-59-07
1.0,113.3379111805496,23.17391552051623,2018-09-21-04-59-07
1.0,113.32768164136293,23.17418454804059,2018-09-21-04-59-07
1.0,113.33666359822516,23.17416770710534,2018-09-21-04-59-07
1.0,113.32593520523766,23.174437783123757,2018-09-21-04-59-07
1.0,113.32668366874609,23.174436354877983,2018-09-21-04-59-07
1.0,113.32793111408225,23.174433978583103,2018-09-21-04-59-07
1.0,113.32843009468385,23.17443302979384,2018-09-21-04-59-07
1.0,113.32892905982486,23.174681987512358,2018-09-21-04-59-07
1.0,113.32967753625951,23.174680568379344,2018-09-21-04-59-07
1.0,113.32843006062531,23.1749328405767,2018-09-21-04-59-07
1.0,113.32867955150637,23.174932366601883,2018-09-21-04-59-07
1.0,113.32892904279349,23.174931892923475,2018-09-21-04-59-07
12.0,113.32718259481727,23.175185119915263,2018-09-21-04-59-07
1.0,113.32768157325792,23.17518416960692,2018-09-21-04-59-07
1.0,113.32818055310838,23.175183220286403,2018-09-21-04-59-07
1.0,113.32892902576195,23.17518179837418,2018-09-21-04-59-07
1.0,113.32917851746751,23.175181325004505,2018-09-21-04-59-07
1.0,113.32768155623125,23.17543407509747,2018-09-21-04-59-07
1.0,113.32818053607969,23.17543312577687,2018-09-21-04-59-07
1.0,113.33441794681679,23.175421382918195,2018-09-21-04-59-07
1.0,113.32693307204467,23.17568540643,2018-09-21-04-59-07
1.0,113.32768153920442,23.175683980627717,2018-09-21-04-59-07
1.0,113.32793102894469,23.175683505837714,2018-09-21-04-59-07
1.0,113.32892899169838,23.175681609394566,2018-09-21-04-59-07
1.0,113.33566545872918,23.175668977210062,2018-09-21-04-59-07
1.0,113.33691299011726,23.175916587564085,2018-09-21-04-59-07
1.0,113.33716250229031,23.175916130578045,2018-09-21-04-59-07
1.0,113.33791104401399,23.175914763952584,2018-09-21-04-59-07
1.0,113.33267138469596,23.176174359363856,2018-09-21-04-59-07
1.0,113.33292088429495,23.176173892107077,2018-09-21-04-59-07
1.0,113.33666346172683,23.17616695086029,2018-09-21-04-59-07
1.0,113.32593506908026,23.176437027210348,2018-09-21-04-59-07
1.0,113.33741198119029,23.176415485562234,2018-09-21-04-59-07
1.0,113.33791099281038,23.17666448089649,2018-09-21-04-59-07
1.0,113.3266834985173,23.176935410383017,2018-09-21-04-59-07
1.0,113.33766146095756,23.17691484143206,2018-09-21-04-59-07
1.0,113.32643399338752,23.17718579205411,2018-09-21-04-59-07
1.0,113.33641388298324,23.17716703207042,2018-09-21-04-59-07
1.0,113.33666337640994,23.177416479500746,2018-09-21-04-59-07
1.0,113.33791094160527,23.177414198200083,2018-09-21-04-59-07
1.0,113.32643395934146,23.1776856037139,2018-09-21-04-59-07
1.0,113.33117429740446,23.177676607338086,2018-09-21-04-59-07
1.0,113.33791092453656,23.177664104048127,2018-09-21-04-59-07
1.0,113.33117428036208,23.177926513227437,2018-09-21-04-59-07
1.0,113.33716236576714,23.177915376562822,2018-09-21-04-59-07
1.0,113.3276813689269,23.17818303812531,2018-09-21-04-59-07
1.0,113.337162348701,23.17816528249141,2018-09-21-04-59-07
1.0,113.32693288477182,23.178434369899406,2018-09-21-04-59-07
1.0,113.32718237348384,23.178433894405178,2018-09-21-04-59-07
1.0,113.32818033172246,23.17843199477417,2018-09-21-04-59-07
1.0,113.33591477914085,23.178417480289472,2018-09-21-04-59-07
1.0,113.32743184549368,23.17868332514401,2018-09-21-04-59-07
1.0,113.33591476207921,23.178667386298898,2018-09-21-04-59-07
1.0,113.33666329108888,23.178666009144358,2018-09-21-04-59-07
1.0,113.3371623145682,23.178665094469494,2018-09-21-04-59-07
1.0,113.33092471666264,23.1789266076431,2018-09-21-04-59-07
1.0,113.33292069675402,23.178922856447727,2018-09-21-04-59-07
1.0,113.33791083919053,23.17891363389213,2018-09-21-04-59-07
1.0,113.32992672264332,23.179178399508213,2018-09-21-04-59-07
1.0,113.33791082212082,23.17916353998206,2018-09-21-04-59-07
1.0,113.32743179440921,23.179433043419102,2018-09-21-04-59-07
1.0,113.32793077350703,23.1794320935909,2018-09-21-04-59-07
1.0,113.33142367417037,23.179425479374785,2018-09-21-04-59-07
1.0,113.33716226336774,23.17941481273972,2018-09-21-04-59-07
1.0,113.33117416106069,23.179675855582452,2018-09-21-04-59-07
1.0,113.33341964668661,23.179671641857507,2018-09-21-04-59-07
1.0,113.3371622463006,23.179664718910832,2018-09-21-04-59-07
1.0,113.3379107879809,23.17966335228348,2018-09-21-04-59-07
1.0,113.32743176035206,23.17993285580518,2018-09-21-04-59-07
1.0,113.33391863335557,23.17992061720847,2018-09-21-04-59-07
1.0,113.33741174224953,23.179914168849855,2018-09-21-04-59-07
1.0,113.33766125613762,23.17991371330332,2018-09-21-04-59-07
1.0,113.3379107709107,23.179913258495073,2018-09-21-04-59-07
1.0,113.32518635264566,23.180187046471254,2018-09-21-04-59-07
1.0,113.33766123906821,23.18016361955562,2018-09-21-04-59-07
1.0,113.33317009466595,23.180421826849553,2018-09-21-04-59-07
1.0,113.33341959552814,23.180421360616595,2018-09-21-04-59-07
1.0,113.33317007761377,23.18067173318409,2018-09-21-04-59-07
1.0,113.34365050018575,23.17090643100664,2018-09-21-04-59-07
1.0,113.34489821216914,23.17090427408604,2018-09-21-04-59-07
1.0,113.34340094434312,23.171156770335305,2018-09-21-04-59-07
1.0,113.34365048309976,23.171156335827956,2018-09-21-04-59-07
1.0,113.34414956421398,23.171155469901205,2018-09-21-04-59-07
1.0,113.34489819507861,23.17115417890714,2018-09-21-04-59-07
1.0,113.34340092725789,23.171406675195442,2018-09-21-04-59-07
1.0,113.34464863312456,23.17140451302998,2018-09-21-04-59-07
1.0,113.3476432573901,23.171399435977698,2018-09-21-04-59-07
1.0,113.342153233892,23.17165876759958,2018-09-21-04-59-07
1.0,113.3453972544134,23.171653133403478,2018-09-21-04-59-07
1.0,113.34664499381255,23.171900919766898,2018-09-21-04-59-07
1.0,113.34215318264869,23.172408482530635,2018-09-21-04-59-07
1.0,113.34639540567558,23.172401151188918,2018-09-21-04-59-07
1.0,113.33666370059188,23.17266827594652,2018-09-21-04-59-07
1.0,113.33691321193203,23.172667818259164,2018-09-21-04-59-07
1.0,113.34489807544023,23.172903513743613,2018-09-21-04-59-07
1.0,113.34589626759441,23.172901807647627,2018-09-21-04-59-07
1.0,113.34664492542164,23.17290053990599,2018-09-21-04-59-07
1.0,113.34689448070938,23.172900119640627,2018-09-21-04-59-07
1.0,113.34714403735731,23.17289970055208,2018-09-21-04-59-07
1.0,113.33541612199929,23.17317038471477,2018-09-21-04-59-07
1.0,113.34614580178031,23.173151289053656,2018-09-21-04-59-07
1.0,113.3466449083235,23.173150445038512,2018-09-21-04-59-07
1.0,113.34489804125633,23.173403324048476,2018-09-21-04-59-07
1.0,113.34539713476003,23.173402468785625,2018-09-21-04-59-07
1.0,113.34564668343293,23.173402042809396,2018-09-21-04-59-07
1.0,113.34664489122518,23.173400350210247,2018-09-21-04-59-07
1.0,113.34714400315731,23.173399510856168,2018-09-21-04-59-07
1.0,113.34764312058005,23.173398676255363,2018-09-21-04-59-07
1.0,113.33841022991743,23.173664707913385,2018-09-21-04-59-07
1.0,113.33865974744816,23.173664255393746,2018-09-21-04-59-07
1.0,113.33890926591633,23.173663803660812,2018-09-21-04-59-07
1.0,113.34165403466669,23.173658889964226,2018-09-21-04-59-07
1.0,113.34439893570071,23.173654088858804,2018-09-21-04-59-07
1.0,113.34514757027894,23.173652801080458,2018-09-21-04-59-07
1.0,113.34664487412671,23.173650255421247,2018-09-21-04-59-07
1.0,113.347393544075,23.173648998166733,2018-09-21-04-59-07
1.0,113.3379111805496,23.17391552051623,2018-09-21-04-59-07
1.0,113.33890924884629,23.173913708912448,2018-09-21-04-59-07
1.0,113.34240261311552,23.173907473990734,2018-09-21-04-59-07
1.0,113.34389983508564,23.17390485795113,2018-09-21-04-59-07
1.0,113.34439891861015,23.173903994109505,2018-09-21-04-59-07
1.0,113.34489800707176,23.17390313451039,2018-09-21-04-59-07
1.0,113.34514755318567,23.17390270633103,2018-09-21-04-59-07
1.0,113.34589619921154,23.173901428413718,2018-09-21-04-59-07
1.0,113.34639530309154,23.17390058210239,2018-09-21-04-59-07
1.0,113.3473935269737,23.173898903416916,2018-09-21-04-59-07
1.0,113.33666359822516,23.17416770710534,2018-09-21-04-59-07
1.0,113.3389092317761,23.174163614203454,2018-09-21-04-59-07
1.0,113.34340073930937,23.17415563123162,2018-09-21-04-59-07
2.0,113.34389981799673,23.17415476324129,2018-09-21-04-59-07
1.0,113.34464844512584,23.17415346906381,2018-09-21-04-59-07
1.0,113.34489798997922,23.17415303980038,2018-09-21-04-59-07
1.0,113.34514753609223,23.17415261162098,2018-09-21-04-59-07
1.0,113.34539708347751,23.174152184537274,2018-09-21-04-59-07
1.0,113.34614573339319,23.174150909976742,2018-09-21-04-59-07
1.0,113.34664483992924,23.174150065961253,2018-09-21-04-59-07
1.0,113.34689439521256,23.17414964569567,2018-09-21-04-59-07
1.0,113.34340072222214,23.17440553656129,2018-09-21-04-59-07
1.0,113.34489797288651,23.174402945129795,2018-09-21-04-59-07
1.0,113.346145716296,23.174400815305944,2018-09-21-04-59-07
1.0,113.34714393475531,23.174399131935942,2018-09-21-04-59-07
1.0,113.33965775878347,23.174662074545385,2018-09-21-04-59-07
1.0,113.34464841094207,23.174653279762204,2018-09-21-04-59-07
1.0,113.34489795579364,23.17465285049869,2018-09-21-04-59-07
1.0,113.34589614792262,23.1746511444015,2018-09-21-04-59-07
1.0,113.3473934756688,23.174648619403925,2018-09-21-04-59-07
1.0,113.34315115048764,23.174905782860733,2018-09-21-04-59-07
1.0,113.34340068804718,23.174905347339127,2018-09-21-04-59-07
1.0,113.34365022679006,23.174904912831135,2018-09-21-04-59-07
1.0,113.34439885024626,23.174903615506576,2018-09-21-04-59-07
1.0,113.34539703219347,23.174901900643754,2018-09-21-04-59-07
1.0,113.34639523469883,23.17490020349809,2018-09-21-04-59-07
1.0,113.34764301796547,23.174898108111165,2018-09-21-04-59-07
1.0,113.34789257876164,23.174897692621677,2018-09-21-04-59-07
1.0,113.3426520617824,23.175156562345983,2018-09-21-04-59-07
1.0,113.34564656376506,23.175151380115157,2018-09-21-04-59-07
1.0,113.33915866583457,23.17541269031651,2018-09-21-04-59-07
1.0,113.33940818621014,23.175412240192895,2018-09-21-04-59-07
1.0,113.33990722990417,23.17541134242635,2018-09-21-04-59-07
1.0,113.34265204469726,23.175406467834023,2018-09-21-04-59-07
1.0,113.34539699800328,23.175401711579255,2018-09-21-04-59-07
1.0,113.33566545872918,23.175668977210062,2018-09-21-04-59-07
1.0,113.33841009336781,23.17566395103258,2018-09-21-04-59-07
1.0,113.33865961089089,23.175663498512606,2018-09-21-04-59-07
1.0,113.3389091293514,23.175663046779334,2018-09-21-04-59-07
1.0,113.34115483983422,23.17565901856919,2018-09-21-04-59-07
1.0,113.34514743352806,23.175652044190485,2018-09-21-04-59-07
1.0,113.34664473733284,23.175649498529214,2018-09-21-04-59-07
1.0,113.33691299011726,23.175916587564085,2018-09-21-04-59-07
1.0,113.33716250229031,23.175916130578045,2018-09-21-04-59-07
1.0,113.33791104401399,23.175914763952584,2018-09-21-04-59-07
1.0,113.33816055970055,23.175914309895425,2018-09-21-04-59-07
1.0,113.33890911228004,23.175912952347456,2018-09-21-04-59-07
1.0,113.34489787032678,23.17590237793725,2018-09-21-04-59-07
1.0,113.33666346172683,23.17616695086029,2018-09-21-04-59-07
1.0,113.33940813499031,23.17616195689706,2018-09-21-04-59-07
1.0,113.34464830838675,23.176152712807927,2018-09-21-04-59-07
1.0,113.3466447031327,23.17614930970262,2018-09-21-04-59-07
1.0,113.34689425840891,23.176148889436696,2018-09-21-04-59-07
1.0,113.34739337305447,23.17614805244681,2018-09-21-04-59-07
1.0,113.33741198119029,23.176415485562234,2018-09-21-04-59-07
1.0,113.33816052556307,23.176414121151385,2018-09-21-04-59-07
1.0,113.33890907813681,23.176412763603164,2018-09-21-04-59-07
1.0,113.33915859754495,23.176412312668546,2018-09-21-04-59-07
1.0,113.3443987476954,23.17640304879089,2018-09-21-04-59-07
1.0,113.34664468603238,23.176399215349086,2018-09-21-04-59-07
1.0,113.33791099281038,23.17666448089649,2018-09-21-04-59-07
1.0,113.33816050849407,23.176664026839205,2018-09-21-04-59-07
1.0,113.33841002508899,23.17666357354444,2018-09-21-04-59-07
1.0,113.33890906106494,23.17666266929086,2018-09-21-04-59-07
1.0,113.33990714452747,23.176660870465405,2018-09-21-04-59-07
1.0,113.3401566678673,23.176660422846314,2018-09-21-04-59-07
1.0,113.34489781904463,23.176652094877596,2018-09-21-04-59-07
1.0,113.34764289824082,23.17664744707833,2018-09-21-04-59-07
1.0,113.33766146095756,23.17691484143206,2018-09-21-04-59-07
1.0,113.3381604914249,23.17691393256699,2018-09-21-04-59-07
1.0,113.33841000801887,23.176913479272184,2018-09-21-04-59-07
1.0,113.33865952553715,23.176913026751997,2018-09-21-04-59-07
1.0,113.34065570052844,23.17690943592431,2018-09-21-04-59-07
1.0,113.34115475443313,23.176908546806473,2018-09-21-04-59-07
1.0,113.34564644408898,23.176900719363353,2018-09-21-04-59-07
1.0,113.33641388298324,23.17716703207042,2018-09-21-04-59-07
1.0,113.33865950846591,23.177162932519717,2018-09-21-04-59-07
1.0,113.3443986964177,23.177152765971123,2018-09-21-04-59-07
1.0,113.34564642699173,23.177150625129887,2018-09-21-04-59-07
1.0,113.34739330464156,23.17714767527183,2018-09-21-04-59-07
1.0,113.33666337640994,23.177416479500746,2018-09-21-04-59-07
1.0,113.33791094160527,23.177414198200083,2018-09-21-04-59-07
1.0,113.3386594913945,23.177412838327513,2018-09-21-04-59-07
1.0,113.34564640989431,23.177400530936488,2018-09-21-04-59-07
1.0,113.34589595985034,23.17740010607855,2018-09-21-04-59-07
1.0,113.34664461762941,23.17739883833459,2018-09-21-04-59-07
1.0,113.33791092453656,23.177664104048127,2018-09-21-04-59-07
1.0,113.34789239060959,23.177646654733362,2018-09-21-04-59-07
1.0,113.33716236576714,23.177915376562822,2018-09-21-04-59-07
1.0,113.33965753681423,23.17791084796982,2018-09-21-04-59-07
1.0,113.337162348701,23.17816528249141,2018-09-21-04-59-07
1.0,113.33840992266575,23.17816300851226,2018-09-21-04-59-07
1.0,113.34040608975396,23.178159411051958,2018-09-21-04-59-07
1.0,113.33591477914085,23.178417480289472,2018-09-21-04-59-07
1.0,113.34190324082587,23.178406655165823,2018-09-21-04-59-07
1.0,113.34539679284805,23.178400580541787,2018-09-21-04-59-07
1.0,113.34664454922377,23.17839846196211,2018-09-21-04-59-07
1.0,113.33591476207921,23.178667386298898,2018-09-21-04-59-07
1.0,113.33666329108888,23.178666009144358,2018-09-21-04-59-07
1.0,113.3371623145682,23.178665094469494,2018-09-21-04-59-07
1.0,113.34664453212193,23.178648367969714,2018-09-21-04-59-07
1.0,113.33791083919053,23.17891363389213,2018-09-21-04-59-07
1.0,113.3391584268092,23.178911371349944,2018-09-21-04-59-07
1.0,113.33791082212082,23.17916353998206,2018-09-21-04-59-07
1.0,113.3386593718899,23.179162180108605,2018-09-21-04-59-07
1.0,113.33890889033705,23.179161728374744,2018-09-21-04-59-07
1.0,113.33940793009599,23.179160827315414,2018-09-21-04-59-07
1.0,113.33716226336774,23.17941481273972,2018-09-21-04-59-07
1.0,113.33940791302038,23.179410733445597,2018-09-21-04-59-07
1.0,113.3371622463006,23.179664718910832,2018-09-21-04-59-07
1.0,113.3379107879809,23.17966335228348,2018-09-21-04-59-07
1.0,113.33840982023648,23.179662444930422,2018-09-21-04-59-07
1.0,113.33865933774423,23.179661992409773,2018-09-21-04-59-07
1.0,113.33890885618946,23.17966154067583,2018-09-21-04-59-07
1.0,113.33741174224953,23.179914168849855,2018-09-21-04-59-07
1.0,113.33766125613762,23.17991371330332,2018-09-21-04-59-07
1.0,113.3379107709107,23.179913258495073,2018-09-21-04-59-07
1.0,113.33840980316434,23.179912351141933,2018-09-21-04-59-07
1.0,113.33766123906821,23.18016361955562,2018-09-21-04-59-07
1.0,113.33965738312666,23.18016000277815,2018-09-21-04-59-07
1.0,113.34389939071984,23.180402408448796,2018-09-21-04-59-07
1.0,113.33816023536737,23.180662523316094,2018-09-21-04-59-07
1.0,113.33840975194695,23.18066207002066,2018-09-21-04-59-07
1.0,113.33865926945089,23.18066161749984,2018-09-21-04-59-07
1.0,113.3389087878923,23.18066116576573,2018-09-21-04-59-07
1.0,113.3394078276398,23.180660264705896,2018-09-21-04-59-07
1.0,113.34589573755697,23.180648885234856,2018-09-21-04-59-07
1.0,113.33840973487415,23.180911976395144,2018-09-21-04-59-07
1.0,113.33865925237713,23.180911523874283,2018-09-21-04-59-07
1.0,113.3458964214461,23.170652663209218,2018-09-21-04-59-07
1.0,113.35238521708175,23.170642047284446,2018-09-21-04-59-07
1.0,113.34489821216914,23.17090427408604,2018-09-21-04-59-07
1.0,113.3523851999654,23.17089195206552,2018-09-21-04-59-07
1.0,113.34489819507861,23.17115417890714,2018-09-21-04-59-07
1.0,113.34464863312456,23.17140451302998,2018-09-21-04-59-07
1.0,113.3476432573901,23.171399435977698,2018-09-21-04-59-07
1.0,113.3556299629917,23.171386802555013,2018-09-21-04-59-07
1.0,113.3453972544134,23.171653133403478,2018-09-21-04-59-07
1.0,113.34664499381255,23.171900919766898,2018-09-21-04-59-07
1.0,113.34939017887544,23.171896363465937,2018-09-21-04-59-07
1.0,113.35088762716812,23.171893943076356,2018-09-21-04-59-07
1.0,113.35138678892316,23.171893147025774,2018-09-21-04-59-07
1.0,113.34639540567558,23.172401151188918,2018-09-21-04-59-07
1.0,113.34489807544023,23.172903513743613,2018-09-21-04-59-07
1.0,113.34589626759441,23.172901807647627,2018-09-21-04-59-07
1.0,113.34664492542164,23.17290053990599,2018-09-21-04-59-07
1.0,113.34689448070938,23.172900119640627,2018-09-21-04-59-07
1.0,113.34714403735731,23.17289970055208,2018-09-21-04-59-07
1.0,113.34614580178031,23.173151289053656,2018-09-21-04-59-07
1.0,113.3466449083235,23.173150445038512,2018-09-21-04-59-07
1.0,113.34914052389148,23.17314629671731,2018-09-21-04-59-07
1.0,113.34489804125633,23.173403324048476,2018-09-21-04-59-07
1.0,113.34539713476003,23.173402468785625,2018-09-21-04-59-07
1.0,113.34564668343293,23.173402042809396,2018-09-21-04-59-07
1.0,113.34664489122518,23.173400350210247,2018-09-21-04-59-07
1.0,113.34714400315731,23.173399510856168,2018-09-21-04-59-07
1.0,113.34764312058005,23.173398676255363,2018-09-21-04-59-07
1.0,113.35088752449246,23.173393373515278,2018-09-21-04-59-07
1.0,113.34514757027894,23.173652801080458,2018-09-21-04-59-07
1.0,113.34664487412671,23.173650255421247,2018-09-21-04-59-07
1.0,113.347393544075,23.173648998166733,2018-09-21-04-59-07
1.0,113.34489800707176,23.17390313451039,2018-09-21-04-59-07
1.0,113.34514755318567,23.17390270633103,2018-09-21-04-59-07
1.0,113.34589619921154,23.173901428413718,2018-09-21-04-59-07
1.0,113.34639530309154,23.17390058210239,2018-09-21-04-59-07
1.0,113.3473935269737,23.173898903416916,2018-09-21-04-59-07
1.0,113.35113707035234,23.173892785264833,2018-09-21-04-59-07
1.0,113.34464844512584,23.17415346906381,2018-09-21-04-59-07
1.0,113.34489798997922,23.17415303980038,2018-09-21-04-59-07
1.0,113.34514753609223,23.17415261162098,2018-09-21-04-59-07
1.0,113.34539708347751,23.174152184537274,2018-09-21-04-59-07
1.0,113.34614573339319,23.174150909976742,2018-09-21-04-59-07
1.0,113.34664483992924,23.174150065961253,2018-09-21-04-59-07
1.0,113.34689439521256,23.17414964569567,2018-09-21-04-59-07
1.0,113.34489797288651,23.174402945129795,2018-09-21-04-59-07
1.0,113.346145716296,23.174400815305944,2018-09-21-04-59-07
1.0,113.34714393475531,23.174399131935942,2018-09-21-04-59-07
1.0,113.34464841094207,23.174653279762204,2018-09-21-04-59-07
1.0,113.34489795579364,23.17465285049869,2018-09-21-04-59-07
1.0,113.34589614792262,23.1746511444015,2018-09-21-04-59-07
1.0,113.3473934756688,23.174648619403925,2018-09-21-04-59-07
1.0,113.34539703219347,23.174901900643754,2018-09-21-04-59-07
1.0,113.34639523469883,23.17490020349809,2018-09-21-04-59-07
1.0,113.34764301796547,23.174898108111165,2018-09-21-04-59-07
1.0,113.34789257876164,23.174897692621677,2018-09-21-04-59-07
1.0,113.34839170459612,23.174896865322243,2018-09-21-04-59-07
1.0,113.34564656376506,23.175151380115157,2018-09-21-04-59-07
1.0,113.34539699800328,23.175401711579255,2018-09-21-04-59-07
1.0,113.34514743352806,23.175652044190485,2018-09-21-04-59-07
1.0,113.34664473733284,23.175649498529214,2018-09-21-04-59-07
1.0,113.34864121833917,23.175646169996195,2018-09-21-04-59-07
1.0,113.34489787032678,23.17590237793725,2018-09-21-04-59-07
1.0,113.34464830838675,23.176152712807927,2018-09-21-04-59-07
1.0,113.3466447031327,23.17614930970262,2018-09-21-04-59-07
1.0,113.34689425840891,23.176148889436696,2018-09-21-04-59-07
1.0,113.34739337305447,23.17614805244681,2018-09-21-04-59-07
1.0,113.35612886316568,23.176134262227347,2018-09-21-04-59-07
1.0,113.35637847867633,23.176133894566604,2018-09-21-04-59-07
1.0,113.34664468603238,23.176399215349086,2018-09-21-04-59-07
1.0,113.35612884603361,23.176384167872143,2018-09-21-04-59-07
1.0,113.34489781904463,23.176652094877596,2018-09-21-04-59-07
1.0,113.34764289824082,23.17664744707833,2018-09-21-04-59-07
1.0,113.34889071641408,23.176645381970513,2018-09-21-04-59-07
1.0,113.34564644408898,23.176900719363353,2018-09-21-04-59-07
1.0,113.3481420041249,23.176896523047535,2018-09-21-04-59-07
1.0,113.34564642699173,23.177150625129887,2018-09-21-04-59-07
1.0,113.34739330464156,23.17714767527183,2018-09-21-04-59-07
1.0,113.34839155063933,23.17714601578059,2018-09-21-04-59-07
1.0,113.35213518396257,23.177139976071533,2018-09-21-04-59-07
1.0,113.34564640989431,23.177400530936488,2018-09-21-04-59-07
1.0,113.34589595985034,23.17740010607855,2018-09-21-04-59-07
1.0,113.34664461762941,23.17739883833459,2018-09-21-04-59-07
1.0,113.3481419699125,23.177396334619807,2018-09-21-04-59-07
1.0,113.34938980248081,23.17739428202315,2018-09-21-04-59-07
1.0,113.34789239060959,23.177646654733362,2018-09-21-04-59-07
1.0,113.34814195280606,23.177646240466103,2018-09-21-04-59-07
1.0,113.34839151642488,23.177645827432972,2018-09-21-04-59-07
1.0,113.349389751148,23.17814399968199,2018-09-21-04-59-07
1.0,113.34539679284805,23.178400580541787,2018-09-21-04-59-07
1.0,113.34664454922377,23.17839846196211,2018-09-21-04-59-07
1.0,113.34664453212193,23.178648367969714,2018-09-21-04-59-07
1.0,113.34589573755697,23.180648885234856,2018-09-21-04-59-07
