count,wgs_lng,wgs_lat,time
1.0,113.33267358240565,23.1439368453362,2018-10-14-03-00-20
1.0,113.32468982851972,23.14420189177734,2018-10-14-03-00-20
1.0,113.32518880177096,23.144200938023847,2018-10-14-03-00-20
1.0,113.32593726331929,23.14419950834945,2018-10-14-03-00-20
1.0,113.32643623895542,23.144198556014594,2018-10-14-03-00-20
1.0,113.3281826633745,23.144195229323355,2018-10-14-03-00-20
1.0,113.3284321539867,23.144194755069577,2018-10-14-03-00-20
1.0,113.32868164499148,23.14419428109985,2018-10-14-03-00-20
1.0,113.33067758876898,23.14419050105102,2018-10-14-03-00-20
1.0,113.3344200772222,23.144183486594493,2018-10-14-03-00-20
1.0,113.3351685927265,23.14418209803068,2018-10-14-03-00-20
1.0,113.32668571019285,23.144447981112393,2018-10-14-03-00-20
1.0,113.32718468757938,23.144447029925328,2018-10-14-03-00-20
1.0,113.33067757175093,23.144440402044072,2018-10-14-03-00-20
1.0,113.33417053943379,23.14468375264274,2018-10-14-03-00-20
1.0,113.3349190527534,23.144682362302625,2018-10-14-03-00-20
1.0,113.3354180653087,23.14468143841011,2018-10-14-03-00-20
1.0,113.33566757272877,23.14468097740082,2018-10-14-03-00-20
1.0,113.32593721232192,23.14494921142952,2018-10-14-03-00-20
1.0,113.32668567618836,23.144947783198383,2018-10-14-03-00-20
1.0,113.33392101937976,23.144934118299055,2018-10-14-03-00-20
1.0,113.33591706388901,23.144930418090365,2018-10-14-03-00-20
1.0,113.32918056018305,23.145192938232437,2018-10-14-03-00-20
1.0,113.32943005244188,23.145192465188867,2018-10-14-03-00-20
1.0,113.3304280260724,23.14519057647305,2018-10-14-03-00-20
1.0,113.33067752069576,23.14519010522046,2018-10-14-03-00-20
1.0,113.33092701583216,23.145189634363113,2018-10-14-03-00-20
1.0,113.33591704684976,23.145180319181218,2018-10-14-03-00-20
1.0,113.32943003542815,23.14544236631381,2018-10-14-03-00-20
1.0,113.33067750367704,23.145440006345197,2018-10-14-03-00-20
1.0,113.33092699881244,23.145439535487807,2018-10-14-03-00-20
1.0,113.33491900164734,23.14543206557574,2018-10-14-03-00-20
1.0,113.33516850754565,23.145431603321107,2018-10-14-03-00-20
1.0,113.33641604859386,23.14542930153973,2018-10-14-03-00-20
1.0,113.32718460255684,23.145696535387145,2018-10-14-03-00-20
1.0,113.32943001841426,23.14569226747181,2018-10-14-03-00-20
1.0,113.33566750457528,23.14568058183052,2018-10-14-03-00-20
1.0,113.3261866319981,23.14594833974374,2018-10-14-03-00-20
1.0,113.3321744486031,23.145936989909337,2018-10-14-03-00-20
6.0,113.33317244626492,23.145935119939324,2018-10-14-03-00-20
1.0,113.33367144892162,23.145934188015598,2018-10-14-03-00-20
1.0,113.33516847347214,23.145931405668318,2018-10-14-03-00-20
1.0,113.32593712732299,23.146198717222713,2018-10-14-03-00-20
1.0,113.32668559117427,23.146197288990955,2018-10-14-03-00-20
1.0,113.32893100030913,23.146193016295832,2018-10-14-03-00-20
1.0,113.33067745261987,23.146189709917994,2018-10-14-03-00-20
1.0,113.32618659799566,23.14644814222664,2018-10-14-03-00-20
1.0,113.32868149189507,23.146443391227127,2018-10-14-03-00-20
1.0,113.3294299673716,23.146441971144753,2018-10-14-03-00-20
1.0,113.32992895323102,23.146441026070033,2018-10-14-03-00-20
1.0,113.33766354192788,23.146426621521332,2018-10-14-03-00-20
1.0,113.32568760590887,23.146698996186842,2018-10-14-03-00-20
1.0,113.32942995035704,23.14669187243557,2018-10-14-03-00-20
1.0,113.33042792396355,23.14668998371876,2018-10-14-03-00-20
1.0,113.33292289482803,23.146685290455842,2018-10-14-03-00-20
1.0,113.3341704031711,23.146682962034046,2018-10-14-03-00-20
1.0,113.32668554016381,23.146946992864827,2018-10-14-03-00-20
1.0,113.32893094927148,23.146942720168585,2018-10-14-03-00-20
1.0,113.3324238789897,23.146936126777067,2018-10-14-03-00-20
1.0,113.33317237814732,23.146934725033635,2018-10-14-03-00-20
1.0,113.33342187914182,23.146934258806255,2018-10-14-03-00-20
1.0,113.33367138079615,23.146933793109575,2018-10-14-03-00-20
1.0,113.3339208831236,23.14693332795587,2018-10-14-03-00-20
1.0,113.33591692757027,23.14692962774451,2018-10-14-03-00-20
1.0,113.32618654699077,23.147197846200793,2018-10-14-03-00-20
1.0,113.3264360349327,23.14719737011925,2018-10-14-03-00-20
1.0,113.32942991632743,23.147191675117295,2018-10-14-03-00-20
1.0,113.33017839581024,23.147190258035963,2018-10-14-03-00-20
1.0,113.33067738454132,23.14718931514723,2018-10-14-03-00-20
1.0,113.33466937724205,23.147181837232004,2018-10-14-03-00-20
1.0,113.33716446362939,23.147177237297978,2018-10-14-03-00-20
1.0,113.3261865299888,23.147447747592352,2018-10-14-03-00-20
1.0,113.3304278729069,23.147439687791003,2018-10-14-03-00-20
1.0,113.33292284374154,23.147434994526844,2018-10-14-03-00-20
1.0,113.33491886535712,23.147431275762923,2018-10-14-03-00-20
1.0,113.33516837124762,23.14743081350796,2018-10-14-03-00-20
1.0,113.33566738530027,23.14742989085974,2018-10-14-03-00-20
1.0,113.33591689348891,23.147429430490924,2018-10-14-03-00-20
1.0,113.33317232705738,23.14768442920488,2018-10-14-03-00-20
1.0,113.3349188483201,23.147681177186545,2018-10-14-03-00-20
1.0,113.33566736826032,23.147679792283235,2018-10-14-03-00-20
1.0,113.33591687644798,23.14767933191438,2018-10-14-03-00-20
1.0,113.33616638542814,23.147678872198657,2018-10-14-03-00-20
1.0,113.32693496067058,23.14794612279882,2018-10-14-03-00-20
1.0,113.33042783886827,23.14793949067331,2018-10-14-03-00-20
1.0,113.33117632425795,23.14793807811223,2018-10-14-03-00-20
1.0,113.3314258204496,23.14793760808191,2018-10-14-03-00-20
1.0,113.3344198217112,23.147932004954374,2018-10-14-03-00-20
1.0,113.3359168594069,23.147929233371396,2018-10-14-03-00-20
1.0,113.32618647898191,23.148197451968333,2018-10-14-03-00-20
1.0,113.32768341115788,23.148194598502336,2018-10-14-03-00-20
1.0,113.32918035601942,23.14819175392675,2018-10-14-03-00-20
1.0,113.32967934095915,23.14819080817211,2018-10-14-03-00-20
1.0,113.33042782184872,23.148189392164873,2018-10-14-03-00-20
1.0,113.3306773164601,23.14818892091179,2018-10-14-03-00-20
1.0,113.32967932394243,23.148440709697482,2018-10-14-03-00-20
1.0,113.33392078092447,23.148432736599748,2018-10-14-03-00-20
1.0,113.33641584408443,23.14842811762003,2018-10-14-03-00-20
1.0,113.3371643783997,23.148426744582324,2018-10-14-03-00-20
1.0,113.32493900910904,23.148699637807166,2018-10-14-03-00-20
1.0,113.32942981423462,23.14869108396725,2018-10-14-03-00-20
1.0,113.3339207638907,23.14868263815815,2018-10-14-03-00-20
1.0,113.32543796574731,23.148948585880095,2018-10-14-03-00-20
1.0,113.32568745290641,23.148948109317057,2018-10-14-03-00-20
1.0,113.32967928990848,23.148940512849503,2018-10-14-03-00-20
1.0,113.33017827668034,23.148939568477996,2018-10-14-03-00-20
1.0,113.33417023282773,23.14918197677758,2018-10-14-03-00-20
1.0,113.3251884448217,23.14944886586773,2018-10-14-03-00-20
1.0,113.32893077913518,23.14944173525739,2018-10-14-03-00-20
1.0,113.33117622212016,23.149437487567244,2018-10-14-03-00-20
1.0,113.3316752150447,23.14943654793835,2018-10-14-03-00-20
1.0,113.33417021579247,23.149431878437497,2018-10-14-03-00-20
1.0,113.33441971949628,23.14943141440614,2018-10-14-03-00-20
1.0,113.3251884278223,23.14969876756311,2018-10-14-03-00-20
1.0,113.33092670945172,23.14968785971215,2018-10-14-03-00-20
1.0,113.33117620509661,23.14968738926163,2018-10-14-03-00-20
1.0,113.326685336107,23.149945811381638,2018-10-14-03-00-20
1.0,113.33167518099344,23.149936351360974,2018-10-14-03-00-20
1.0,113.33441968542331,23.149931217827852,2018-10-14-03-00-20
1.0,113.3321741591522,23.150185315272495,2018-10-14-03-00-20
1.0,113.33292265641161,23.150183912045982,2018-10-14-03-00-20
1.0,113.33691474679854,23.150176513180753,2018-10-14-03-00-20
1.0,113.32868121969038,23.150441815915116,2018-10-14-03-00-20
1.0,113.3301781745625,23.150438978747808,2018-10-14-03-00-20
1.0,113.32942967810152,23.150690297661853,2018-10-14-03-00-20
1.0,113.33092664135985,23.15068746683062,2018-10-14-03-00-20
1.0,113.33466913872454,23.150680459764338,2018-10-14-03-00-20
1.0,113.33491864386276,23.150679996904568,2018-10-14-03-00-20
1.0,113.33142561615608,23.150936428214166,2018-10-14-03-00-20
1.0,113.33417011357744,23.15093128911224,2018-10-14-03-00-20
1.0,113.33566714672573,23.15092851386405,2018-10-14-03-00-20
1.0,113.32967913674749,23.15118962871576,2018-10-14-03-00-20
1.0,113.33117610295183,23.151186800144334,2018-10-14-03-00-20
1.0,113.33142559913054,23.151186330113475,2018-10-14-03-00-20
1.0,113.3331720886178,23.15118305269014,2018-10-14-03-00-20
1.0,113.33491860978421,23.151179800667716,2018-10-14-03-00-20
1.0,113.33017810648062,23.151438586277386,2018-10-14-03-00-20
1.0,113.32893062599825,23.15169085173967,2018-10-14-03-00-20
1.0,113.32918011779823,23.15169037837389,2018-10-14-03-00-20
1.0,113.328182136048,23.151942175643306,2018-10-14-03-00-20
1.0,113.32868111760263,23.151941227417232,2018-10-14-03-00-20
2.0,113.32893060898222,23.151940753742636,2018-10-14-03-00-20
2.0,113.32942959301293,23.151939807332127,2018-10-14-03-00-20
1.0,113.3331720204862,23.152182660630352,2018-10-14-03-00-20
1.0,113.33342152145998,23.152182194402098,2018-10-14-03-00-20
1.0,113.3339205254004,23.152181263549963,2018-10-14-03-00-20
1.0,113.32793261182161,23.15244245427995,2018-10-14-03-00-20
1.0,113.32918006674659,23.152440084486294,2018-10-14-03-00-20
1.0,113.33417001135642,23.152430701021835,2018-10-14-03-00-20
1.0,113.33541753707962,23.152428386782727,2018-10-14-03-00-20
1.0,113.33741361875903,23.152424717327,2018-10-14-03-00-20
1.0,113.3264356438222,23.15294511070286,2018-10-14-03-00-20
1.0,113.33167497667199,23.15293517477489,2018-10-14-03-00-20
1.0,113.33217397183476,23.152934236923098,2018-10-14-03-00-20
1.0,113.33042748142262,23.15318742914442,2018-10-14-03-00-20
1.0,113.3314254629202,23.153185546549533,2018-10-14-03-00-20
1.0,113.33167495964412,23.153185076950585,2018-10-14-03-00-20
1.0,113.33192445693457,23.153184607796206,2018-10-14-03-00-20
1.0,113.3284315245413,23.153441114133535,2018-10-14-03-00-20
1.0,113.329678983573,23.15343874736498,2018-10-14-03-00-20
1.0,113.33092645409346,23.153436389242458,2018-10-14-03-00-20
1.0,113.32493866911943,23.153697676176975,2018-10-14-03-00-20
1.0,113.3321739207447,23.15368394355442,2018-10-14-03-00-20
1.0,113.33267291827444,23.153683007579193,2018-10-14-03-00-20
1.0,113.33741353350699,23.153674228200973,2018-10-14-03-00-20
1.0,113.32868098147631,23.15394044468892,2018-10-14-03-00-20
1.0,113.32893047284786,23.153939971013994,2018-10-14-03-00-20
1.0,113.33017793626423,23.15393760751813,2018-10-14-03-00-20
1.0,113.33042743035296,23.153937135881197,2018-10-14-03-00-20
1.0,113.33841225983033,23.143926248305227,2018-10-14-03-00-20
1.0,113.3389112960566,23.143925344062673,2018-10-14-03-00-20
1.0,113.34040842795982,23.14392265089115,2018-10-14-03-00-20
1.0,113.34140653629079,23.143920872701738,2018-10-14-03-00-20
1.0,113.3421551288365,23.14391954866468,2018-10-14-03-00-20
1.0,113.3344200772222,23.144183486594493,2018-10-14-03-00-20
1.0,113.3351685927265,23.14418209803068,2018-10-14-03-00-20
1.0,113.3391607985375,23.14417479409238,2018-10-14-03-00-20
1.0,113.34040841090399,23.144172551849785,2018-10-14-03-00-20
1.0,113.34190557982471,23.144169890030145,2018-10-14-03-00-20
1.0,113.34215511177412,23.144169449623018,2018-10-14-03-00-20
1.0,113.3424046448425,23.144169010170344,2018-10-14-03-00-20
1.0,113.34490002281572,23.14441457173143,2018-10-14-03-00-20
1.0,113.3349190527534,23.144682362302625,2018-10-14-03-00-20
1.0,113.3354180653087,23.14468143841011,2018-10-14-03-00-20
1.0,113.33566757272877,23.14468097740082,2018-10-14-03-00-20
1.0,113.33841220868513,23.14467595128055,2018-10-14-03-00-20
1.0,113.34040837679183,23.14467235386546,2018-10-14-03-00-20
1.0,113.34090742884288,23.14467146298076,2018-10-14-03-00-20
1.0,113.34340275442794,23.144667064155904,2018-10-14-03-00-20
1.0,113.33591706388901,23.144930418090365,2018-10-14-03-00-20
1.0,113.34015883526011,23.144922701677384,2018-10-14-03-00-20
1.0,113.34589818122718,23.144912667734534,2018-10-14-03-00-20
1.0,113.33591704684976,23.145180319181218,2018-10-14-03-00-20
1.0,113.34015881820456,23.145172602767524,2018-10-14-03-00-20
1.0,113.34340272029279,23.145166866302123,2018-10-14-03-00-20
1.0,113.33491900164734,23.14543206557574,2018-10-14-03-00-20
1.0,113.33516850754565,23.145431603321107,2018-10-14-03-00-20
1.0,113.33641604859386,23.14542930153973,2018-10-14-03-00-20
1.0,113.33816264082374,23.14542610784141,2018-10-14-03-00-20
1.0,113.33990927769081,23.14542295150448,2018-10-14-03-00-20
1.0,113.33566750457528,23.14568058183052,2018-10-14-03-00-20
1.0,113.33990926063586,23.145672852660724,2018-10-14-03-00-20
1.0,113.34090736060902,23.145671067406923,2018-10-14-03-00-20
1.0,113.33516847347214,23.145931405668318,2018-10-14-03-00-20
1.0,113.33916067917515,23.145924101725317,2018-10-14-03-00-20
1.0,113.33916066212271,23.146174002947987,2018-10-14-03-00-20
1.0,113.34589809584193,23.146162173510945,2018-10-14-03-00-20
1.0,113.33766354192788,23.146426621521332,2018-10-14-03-00-20
1.0,113.33841208934045,23.14642525937684,2018-10-14-03-00-20
1.0,113.33941016555599,23.14642345408516,2018-10-14-03-00-20
1.0,113.33591692757027,23.14692962774451,2018-10-14-03-00-20
1.0,113.33916061096441,23.146923706815606,2018-10-14-03-00-20
1.0,113.33990917535863,23.14692235893987,2018-10-14-03-00-20
1.0,113.34040822327883,23.14692146457069,2018-10-14-03-00-20
1.0,113.33466937724205,23.147181837232004,2018-10-14-03-00-20
1.0,113.33716446362939,23.147177237297978,2018-10-14-03-00-20
1.0,113.33491886535712,23.147431275762923,2018-10-14-03-00-20
1.0,113.33516837124762,23.14743081350796,2018-10-14-03-00-20
1.0,113.33566738530027,23.14742989085974,2018-10-14-03-00-20
1.0,113.33591689348891,23.147429430490924,2018-10-14-03-00-20
1.0,113.33791298863683,23.147425772076605,2018-10-14-03-00-20
1.0,113.33841202113983,23.147424864734393,2018-10-14-03-00-20
1.0,113.3349188483201,23.147681177186545,2018-10-14-03-00-20
1.0,113.33566736826032,23.147679792283235,2018-10-14-03-00-20
1.0,113.33591687644798,23.14767933191438,2018-10-14-03-00-20
1.0,113.33616638542814,23.147678872198657,2018-10-14-03-00-20
1.0,113.33816248738319,23.14767521944731,2018-10-14-03-00-20
1.0,113.3344198217112,23.147932004954374,2018-10-14-03-00-20
1.0,113.3359168594069,23.147929233371396,2018-10-14-03-00-20
1.0,113.3389110061814,23.148173664860273,2018-10-14-03-00-20
1.0,113.33641584408443,23.14842811762003,2018-10-14-03-00-20
1.0,113.3371643783997,23.148426744582324,2018-10-14-03-00-20
1.0,113.34589794213794,23.148411286006823,2018-10-14-03-00-20
1.0,113.3394099950113,23.1489224684839,2018-10-14-03-00-20
1.0,113.3396595164641,23.14892201918764,2018-10-14-03-00-20
1.0,113.34090713883056,23.148919785470305,2018-10-14-03-00-20
1.0,113.33441971949628,23.14943141440614,2018-10-14-03-00-20
1.0,113.33940996090034,23.14942227176807,2018-10-14-03-00-20
1.0,113.34465013638518,23.149413027774372,2018-10-14-03-00-20
1.0,113.33816235098024,23.149674432045167,2018-10-14-03-00-20
1.0,113.3391604233711,23.149672623580347,2018-10-14-03-00-20
1.0,113.33990898773402,23.14967127570322,2018-10-14-03-00-20
1.0,113.33441968542331,23.149931217827852,2018-10-14-03-00-20
1.0,113.33691474679854,23.150176513180753,2018-10-14-03-00-20
1.0,113.34265376945108,23.150166204645934,2018-10-14-03-00-20
1.0,113.33990893656016,23.15042098098633,2018-10-14-03-00-20
1.0,113.34365190066612,23.150414362390876,2018-10-14-03-00-20
1.0,113.33466913872454,23.150680459764338,2018-10-14-03-00-20
1.0,113.33491864386276,23.150679996904568,2018-10-14-03-00-20
1.0,113.34614733978218,23.15065997751283,2018-10-14-03-00-20
1.0,113.34714555857877,23.150658294159204,2018-10-14-03-00-20
1.0,113.33566714672573,23.15092851386405,2018-10-14-03-00-20
1.0,113.3458977713398,23.150910303098144,2018-10-14-03-00-20
1.0,113.33491860978421,23.151179800667716,2018-10-14-03-00-20
1.0,113.3401584088211,23.151170238962358,2018-10-14-03-00-20
1.0,113.34589775425907,23.151160204995012,2018-10-14-03-00-20
1.0,113.34639685830153,23.151159358691515,2018-10-14-03-00-20
1.0,113.34065739050577,23.15216895425679,2018-10-14-03-00-20
1.0,113.33541753707962,23.152428386782727,2018-10-14-03-00-20
1.0,113.33741361875903,23.152424717327,2018-10-14-03-00-20
1.0,113.33816212930266,23.152923157173284,2018-10-14-03-00-20
1.0,113.34714538772117,23.153157314332976,2018-10-14-03-00-20
1.0,113.33741353350699,23.153674228200973,2018-10-14-03-00-20
1.0,113.33916015047203,23.153671055334076,2018-10-14-03-00-20
1.0,113.35138872171008,23.143654122407508,2018-10-14-03-00-20
1.0,113.35188788997638,23.14365333188834,2018-10-14-03-00-20
1.0,113.35513264437652,23.143648334171402,2018-10-14-03-00-20
1.0,113.3566303048291,23.143896015006653,2018-10-14-03-00-20
1.0,113.35712954516922,23.143895287721726,2018-10-14-03-00-20
1.0,113.35538221862753,23.14414776211505,2018-10-14-03-00-20
1.0,113.34490002281572,23.14441457173143,2018-10-14-03-00-20
1.0,113.34789466417942,23.14440950850902,2018-10-14-03-00-20
1.0,113.34989118609525,23.144656130631752,2018-10-14-03-00-20
1.0,113.3548829692406,23.144648313540927,2018-10-14-03-00-20
1.0,113.35638063606982,23.144646084030988,2018-10-14-03-00-20
1.0,113.34589818122718,23.144912667734534,2018-10-14-03-00-20
1.0,113.34864332122335,23.144908071516888,2018-10-14-03-00-20
1.0,113.34989116900472,23.144906031687267,2018-10-14-03-00-20
1.0,113.34889285366252,23.145407463202137,2018-10-14-03-00-20
1.0,113.35638058473427,23.14539578729299,2018-10-14-03-00-20
1.0,113.35063984438985,23.145654526823968,2018-10-14-03-00-20
1.0,113.34939195709711,23.145906448310303,2018-10-14-03-00-20
1.0,113.34964152812118,23.145906041623775,2018-10-14-03-00-20
1.0,113.34589809584193,23.146162173510945,2018-10-14-03-00-20
1.0,113.35513247329793,23.146147344884316,2018-10-14-03-00-20
1.0,113.35563167487464,23.14639649981935,2018-10-14-03-00-20
1.0,113.34989098099786,23.147654945485016,2018-10-14-03-00-20
1.0,113.34989096390531,23.14790484693965,2018-10-14-03-00-20
1.0,113.35613078089364,23.14814506946679,2018-10-14-03-00-20
1.0,113.34589794213794,23.148411286006823,2018-10-14-03-00-20
1.0,113.35538192776484,23.14839608342908,2018-10-14-03-00-20
1.0,113.34465013638518,23.149413027774372,2018-10-14-03-00-20
1.0,113.35563146953731,23.149395317468493,2018-10-14-03-00-20
1.0,113.35588108153553,23.149394946650965,2018-10-14-03-00-20
1.0,113.35138829428678,23.149901655454926,2018-10-14-03-00-20
1.0,113.34989079297071,23.15040386334476,2018-10-14-03-00-20
1.0,113.34614733978218,23.15065997751283,2018-10-14-03-00-20
1.0,113.34714555857877,23.150658294159204,2018-10-14-03-00-20
1.0,113.3458977713398,23.150910303098144,2018-10-14-03-00-20
1.0,113.35463293657475,23.150896226934986,2018-10-14-03-00-20
1.0,113.34589775425907,23.151160204995012,2018-10-14-03-00-20
1.0,113.34639685830153,23.151159358691515,2018-10-14-03-00-20
1.0,113.35687942774364,23.151142791787578,2018-10-14-03-00-20
1.0,113.34789416869124,23.151656651735873,2018-10-14-03-00-20
1.0,113.34939151271162,23.152403891000954,2018-10-14-03-00-20
1.0,113.34714538772117,23.153157314332976,2018-10-14-03-00-20
1.0,113.35288556173131,23.15364783080009,2018-10-14-03-00-20
1.0,113.3264356438222,23.15294511070286,2018-10-14-03-00-20
1.0,113.33167497667199,23.15293517477489,2018-10-14-03-00-20
1.0,113.33217397183476,23.152934236923098,2018-10-14-03-00-20
1.0,113.33042748142262,23.15318742914442,2018-10-14-03-00-20
1.0,113.3314254629202,23.153185546549533,2018-10-14-03-00-20
1.0,113.33167495964412,23.153185076950585,2018-10-14-03-00-20
1.0,113.33192445693457,23.153184607796206,2018-10-14-03-00-20
1.0,113.3284315245413,23.153441114133535,2018-10-14-03-00-20
1.0,113.329678983573,23.15343874736498,2018-10-14-03-00-20
1.0,113.33092645409346,23.153436389242458,2018-10-14-03-00-20
1.0,113.32493866911943,23.153697676176975,2018-10-14-03-00-20
1.0,113.3321739207447,23.15368394355442,2018-10-14-03-00-20
1.0,113.33267291827444,23.153683007579193,2018-10-14-03-00-20
1.0,113.33741353350699,23.153674228200973,2018-10-14-03-00-20
1.0,113.32868098147631,23.15394044468892,2018-10-14-03-00-20
1.0,113.32893047284786,23.153939971013994,2018-10-14-03-00-20
1.0,113.33017793626423,23.15393760751813,2018-10-14-03-00-20
1.0,113.33042743035296,23.153937135881197,2018-10-14-03-00-20
1.0,113.32568709584827,23.15419605068834,2018-10-14-03-00-20
1.0,113.32818198292324,23.154191295231495,2018-10-14-03-00-20
1.0,113.32967893251184,23.15418845420688,2018-10-14-03-00-20
1.0,113.33142539481102,23.154185155601112,2018-10-14-03-00-20
1.0,113.33392038910556,23.154180481092894,2018-10-14-03-00-20
1.0,113.33666496262046,23.15417540372961,2018-10-14-03-00-20
1.0,113.33716398628937,23.154174489062967,2018-10-14-03-00-20
1.0,113.32818196590856,23.15444119758236,2018-10-14-03-00-20
1.0,113.33466888313377,23.154428991358497,2018-10-14-03-00-20
1.0,113.33666494557211,23.154425306079066,2018-10-14-03-00-20
1.0,113.33691445698292,23.15442484839477,2018-10-14-03-00-20
1.0,113.33716396923909,23.154424391412334,2018-10-14-03-00-20
1.0,113.33716395218865,23.154674293796788,2018-10-14-03-00-20
1.0,113.33167484044436,23.154934393158168,2018-10-14-03-00-20
1.0,113.33242333404787,23.15493298707713,2018-10-14-03-00-20
1.0,113.33566687402904,23.154926948395957,2018-10-14-03-00-20
1.0,113.33666491147493,23.154925110883276,2018-10-14-03-00-20
1.0,113.33192432069765,23.15518382645916,2018-10-14-03-00-20
1.0,113.33466883201112,23.15517869861859,2018-10-14-03-00-20
1.0,113.32493855010735,23.155446992883178,2018-10-14-03-00-20
1.0,113.32593649820157,23.155445086380077,2018-10-14-03-00-20
1.0,113.32618598583812,23.15544461012441,2018-10-14-03-00-20
1.0,113.32693441641227,23.155942987532928,2018-10-14-03-00-20
1.0,113.3271839052152,23.15594251204242,2018-10-14-03-00-20
1.0,113.32793237363116,23.155941086953714,2018-10-14-03-00-20
1.0,113.33766289402338,23.15592289443611,2018-10-14-03-00-20
1.0,113.32518798577918,23.156196223748243,2018-10-14-03-00-20
1.0,113.33541728142734,23.15617692203546,2018-10-14-03-00-20
1.0,113.32493848209678,23.156446603205133,2018-10-14-03-00-20
1.0,113.32518796877528,23.156446126381848,2018-10-14-03-00-20
1.0,113.32668489390174,23.15644326846453,2018-10-14-03-00-20
1.0,113.33466874680335,23.156428211424537,2018-10-14-03-00-20
1.0,113.33691432058241,23.156424068457795,2018-10-14-03-00-20
1.0,113.33591626286344,23.15667580595314,2018-10-14-03-00-20
1.0,113.3369143035316,23.156673971124977,2018-10-14-03-00-20
1.0,113.32568690878853,23.156944978491303,2018-10-14-03-00-20
1.0,113.32967874527476,23.15693738200256,2018-10-14-03-00-20
1.0,113.33067672063572,23.156935494736434,2018-10-14-03-00-20
1.0,113.33117571134123,23.15693455342541,2018-10-14-03-00-20
1.0,113.33641526451052,23.156924789886872,2018-10-14-03-00-20
1.0,113.33566672061838,23.1571760717651,2018-10-14-03-00-20
1.0,113.325187900758,23.157445737272134,2018-10-14-03-00-20
1.0,113.32593636214537,23.157444307591167,2018-10-14-03-00-20
1.0,113.33666474097895,23.157424137025068,2018-10-14-03-00-20
1.0,113.32643532066452,23.15769325806354,2018-10-14-03-00-20
1.0,113.32668480884938,23.157692782165388,2018-10-14-03-00-20
1.0,113.33591617762625,23.1579253198248,2018-10-14-03-00-20
1.0,113.32518784974329,23.158195445815064,2018-10-14-03-00-20
1.0,113.32618579874698,23.158193539877598,2018-10-14-03-00-20
1.0,113.33117562619682,23.1581840674798,2018-10-14-03-00-20
1.0,113.3316746190517,23.158183127847998,2018-10-14-03-00-20
1.0,113.33566665243153,23.15817568307712,2018-10-14-03-00-20
1.0,113.3276827136653,23.15844058932067,2018-10-14-03-00-20
1.0,113.3281816936508,23.158439640005696,2018-10-14-03-00-20
1.0,113.33142510531728,23.15843350036615,2018-10-14-03-00-20
1.0,113.3321735971394,23.15843209291271,2018-10-14-03-00-20
1.0,113.32543728561386,23.1589446779809,2018-10-14-03-00-20
1.0,113.32643523561305,23.158942772659827,2018-10-14-03-00-20
1.0,113.3336705630823,23.158929096950462,2018-10-14-03-00-20
1.0,113.33067656739075,23.159184620681305,2018-10-14-03-00-20
1.0,113.33267254352447,23.159180865906478,2018-10-14-03-00-20
1.0,113.33392004832173,23.159178534820807,2018-10-14-03-00-20
1.0,113.33616560132035,23.159174374875427,2018-10-14-03-00-20
1.0,113.32543725160019,23.15944448407196,2018-10-14-03-00-20
1.0,113.32743312211835,23.15994048262642,2018-10-14-03-00-20
1.0,113.33142500313151,23.15993291863382,2018-10-14-03-00-20
1.0,113.33292199207928,23.15993010794825,2018-10-14-03-00-20
1.0,113.33367049492212,23.159928709271902,2018-10-14-03-00-20
1.0,113.33466850819941,23.159926852028967,2018-10-14-03-00-20
1.0,113.33317147533738,23.16017954437137,2018-10-14-03-00-20
1.0,113.33367047788167,23.160178612442895,2018-10-14-03-00-20
1.0,113.33466849115503,23.160176755199796,2018-10-14-03-00-20
1.0,113.33342095923994,23.16042898134918,2018-10-14-03-00-20
1.0,113.33416946607616,23.160427585893594,2018-10-14-03-00-20
1.0,113.32593614103133,23.160693046952115,2018-10-14-03-00-20
1.0,113.32693409317825,23.160691143012013,2018-10-14-03-00-20
1.0,113.327183564947,23.160940570802047,2018-10-14-03-00-20
2.0,113.32743305405535,23.16094009553294,2018-10-14-03-00-20
1.0,113.33391992903162,23.160927857018233,2018-10-14-03-00-20
2.0,113.32868048792906,23.161187626271172,2018-10-14-03-00-20
1.0,113.33342090812002,23.161178691190102,2018-10-14-03-00-20
1.0,113.3291794540099,23.161436582581796,2018-10-14-03-00-20
1.0,113.32967843884335,23.161435636822763,2018-10-14-03-00-20
1.0,113.32643504848514,23.161691707957004,2018-10-14-03-00-20
1.0,113.32967842181779,23.161685540213426,2018-10-14-03-00-20
1.0,113.33242285708374,23.161930269341084,2018-10-14-03-00-20
1.0,113.3284309289102,23.1621877138807,2018-10-14-03-00-20
1.0,113.33541687230559,23.162174595120053,2018-10-14-03-00-20
1.0,113.32818142135042,23.162438091638624,2018-10-14-03-00-20
1.0,113.33516734867203,23.16242496026099,2018-10-14-03-00-20
10.0,113.32768242437898,23.162688944493027,2018-10-14-03-00-20
9.0,113.32793191417169,23.162688469705174,2018-10-14-03-00-20
1.0,113.32818140433022,23.162687995176647,2018-10-14-03-00-20
1.0,113.32493803996326,23.16294408431365,2018-10-14-03-00-20
1.0,113.32618547554212,23.162941701548686,2018-10-14-03-00-20
1.0,113.32743291792136,23.162939323102897,2018-10-14-03-00-20
1.0,113.32818138730987,23.162937898751586,2018-10-14-03-00-20
1.0,113.33816212930266,23.152923157173284,2018-10-14-03-00-20
1.0,113.34714538772117,23.153157314332976,2018-10-14-03-00-20
1.0,113.33741353350699,23.153674228200973,2018-10-14-03-00-20
1.0,113.33916015047203,23.153671055334076,2018-10-14-03-00-20
1.0,113.33841157777061,23.153922312789852,2018-10-14-03-00-20
1.0,113.33666496262046,23.15417540372961,2018-10-14-03-00-20
1.0,113.33716398628937,23.154174489062967,2018-10-14-03-00-20
1.0,113.33466888313377,23.154428991358497,2018-10-14-03-00-20
1.0,113.33666494557211,23.154425306079066,2018-10-14-03-00-20
1.0,113.33691445698292,23.15442484839477,2018-10-14-03-00-20
1.0,113.33716396923909,23.154424391412334,2018-10-14-03-00-20
1.0,113.33791251121129,23.154423024797705,2018-10-14-03-00-20
1.0,113.33716395218865,23.154674293796788,2018-10-14-03-00-20
1.0,113.34714528519858,23.15465672810433,2018-10-14-03-00-20
1.0,113.33566687402904,23.154926948395957,2018-10-14-03-00-20
1.0,113.33666491147493,23.154925110883276,2018-10-14-03-00-20
1.0,113.34639660204368,23.15490789129748,2018-10-14-03-00-20
1.0,113.33466883201112,23.15517869861859,2018-10-14-03-00-20
1.0,113.34639658495848,23.155157793750703,2018-10-14-03-00-20
1.0,113.34664612187542,23.15540727481153,2018-10-14-03-00-20
2.0,113.34464970945432,23.155660580412405,2018-10-14-03-00-20
1.0,113.34689566013792,23.155656757072876,2018-10-14-03-00-20
1.0,113.34714521684683,23.15565633798731,2018-10-14-03-00-20
1.0,113.33766289402338,23.15592289443611,2018-10-14-03-00-20
1.0,113.34390106504642,23.155911777139966,2018-10-14-03-00-20
1.0,113.33541728142734,23.15617692203546,2018-10-14-03-00-20
1.0,113.33891046040303,23.15617053063607,2018-10-14-03-00-20
1.0,113.33965902176247,23.156169180287012,2018-10-14-03-00-20
1.0,113.34165522988005,23.15616561697203,2018-10-14-03-00-20
1.0,113.34365150796198,23.15616211321435,2018-10-14-03-00-20
1.0,113.33466874680335,23.156428211424537,2018-10-14-03-00-20
1.0,113.33691432058241,23.156424068457795,2018-10-14-03-00-20
1.0,113.3391599628291,23.15641998233614,2018-10-14-03-00-20
1.0,113.34664605352874,23.156406885118884,2018-10-14-03-00-20
1.0,113.346895608875,23.156406464856364,2018-10-14-03-00-20
1.0,113.33591626286344,23.15667580595314,2018-10-14-03-00-20
1.0,113.3369143035316,23.156673971124977,2018-10-14-03-00-20
1.0,113.34340193499978,23.156662353015783,2018-10-14-03-00-20
1.0,113.3444000974657,23.156660621195698,2018-10-14-03-00-20
1.0,113.34464964113566,23.156660190862922,2018-10-14-03-00-20
1.0,113.33641526451052,23.156924789886872,2018-10-14-03-00-20
1.0,113.34365145673317,23.15691182121253,2018-10-14-03-00-20
1.0,113.34639646535743,23.156907111913423,2018-10-14-03-00-20
1.0,113.33566672061838,23.1571760717651,2018-10-14-03-00-20
1.0,113.3463964482709,23.157157014650224,2018-10-14-03-00-20
1.0,113.34664600226698,23.15715659322228,2018-10-14-03-00-20
1.0,113.33666474097895,23.157424137025068,2018-10-14-03-00-20
1.0,113.34415050379454,23.15741076080072,2018-10-14-03-00-20
1.0,113.3453982284282,23.157408614556353,2018-10-14-03-00-20
1.0,113.3456477771586,23.15740818858287,2018-10-14-03-00-20
1.0,113.33591617762625,23.1579253198248,2018-10-14-03-00-20
1.0,113.33965890233068,23.157918499453434,2018-10-14-03-00-20
1.0,113.34614684435192,23.15790714565685,2018-10-14-03-00-20
1.0,113.33566665243153,23.15817568307712,2018-10-14-03-00-20
1.0,113.34714502886571,23.15840526809373,2018-10-14-03-00-20
1.0,113.3431522436957,23.158911914137484,2018-10-14-03-00-20
1.0,113.33616560132035,23.159174374875427,2018-10-14-03-00-20
1.0,113.341904555832,23.15916400954727,2018-10-14-03-00-20
1.0,113.33466850819941,23.159926852028967,2018-10-14-03-00-20
1.0,113.33466849115503,23.160176755199796,2018-10-14-03-00-20
1.0,113.33891018744968,23.160168977031955,2018-10-14-03-00-20
1.0,113.33915968985784,23.160418429306507,2018-10-14-03-00-20
1.0,113.33965873169964,23.160417529887223,2018-10-14-03-00-20
1.0,113.33965871463562,23.160667433129987,2018-10-14-03-00-20
1.0,113.34390070639748,23.161159739158514,2018-10-14-03-00-20
1.0,113.33990818583746,23.1614166946139,2018-10-14-03-00-20
1.0,113.34065675908987,23.161415354353178,2018-10-14-03-00-20
1.0,113.34390068931712,23.161409642510144,2018-10-14-03-00-20
1.0,113.33541687230559,23.162174595120053,2018-10-14-03-00-20
1.0,113.33866053244489,23.162168655437565,2018-10-14-03-00-20
1.0,113.34215388284372,23.16216240826843,2018-10-14-03-00-20
1.0,113.34290248525727,23.16216109281202,2018-10-14-03-00-20
1.0,113.34340155929972,23.162160220771337,2018-10-14-03-00-20
1.0,113.33516734867203,23.16242496026099,2018-10-14-03-00-20
1.0,113.3399081175739,23.1624163083901,2018-10-14-03-00-20
1.0,113.34115574482861,23.162414079015942,2018-10-14-03-00-20
1.0,113.34215386576913,23.162412311767252,2018-10-14-03-00-20
1.0,113.34415016218746,23.162408823840327,2018-10-14-03-00-20
1.0,113.34290245110239,23.162660899846266,2018-10-14-03-00-20
1.0,113.3439006039128,23.162659159819004,2018-10-14-03-00-20
1.0,113.34714538772117,23.153157314332976,2018-10-14-03-00-20
1.0,113.35288556173131,23.15364783080009,2018-10-14-03-00-20
1.0,113.35288554462473,23.153897733076747,2018-10-14-03-00-20
1.0,113.35338473236284,23.153896959647774,2018-10-14-03-00-20
1.0,113.34839310668815,23.15440474834907,2018-10-14-03-00-20
1.0,113.34714528519858,23.15465672810433,2018-10-14-03-00-20
1.0,113.34864265472964,23.154654238947984,2018-10-14-03-00-20
1.0,113.34914178934898,23.154653419162766,2018-10-14-03-00-20
1.0,113.34639660204368,23.15490789129748,2018-10-14-03-00-20
1.0,113.35014005924319,23.154901697454736,2018-10-14-03-00-20
1.0,113.34639658495848,23.155157793750703,2018-10-14-03-00-20
1.0,113.34839305541196,23.15515445560216,2018-10-14-03-00-20
1.0,113.34664612187542,23.15540727481153,2018-10-14-03-00-20
2.0,113.34464970945432,23.155660580412405,2018-10-14-03-00-20
1.0,113.34689566013792,23.155656757072876,2018-10-14-03-00-20
1.0,113.34714521684683,23.15565633798731,2018-10-14-03-00-20
1.0,113.35113831924849,23.155649801985618,2018-10-14-03-00-20
1.0,113.35013999084919,23.15590130747675,2018-10-14-03-00-20
1.0,113.35712870641149,23.156140474139946,2018-10-14-03-00-20
1.0,113.34664605352874,23.156406885118884,2018-10-14-03-00-20
1.0,113.346895608875,23.156406464856364,2018-10-14-03-00-20
1.0,113.3444000974657,23.156660621195698,2018-10-14-03-00-20
1.0,113.34464964113566,23.156660190862922,2018-10-14-03-00-20
1.0,113.34639646535743,23.156907111913423,2018-10-14-03-00-20
1.0,113.3463964482709,23.157157014650224,2018-10-14-03-00-20
1.0,113.34664600226698,23.15715659322228,2018-10-14-03-00-20
1.0,113.34914161839484,23.157152444928776,2018-10-14-03-00-20
1.0,113.3453982284282,23.157408614556353,2018-10-14-03-00-20
1.0,113.3456477771586,23.15740818858287,2018-10-14-03-00-20
1.0,113.3486424496034,23.157653070294828,2018-10-14-03-00-20
1.0,113.34889201617315,23.157652659767578,2018-10-14-03-00-20
1.0,113.34614684435192,23.15790714565685,2018-10-14-03-00-20
1.0,113.34714502886571,23.15840526809373,2018-10-14-03-00-20
1.0,113.34939108531107,23.158651454118694,2018-10-14-03-00-20
1.0,113.35188677834967,23.159896962468498,2018-10-14-03-00-20
1.0,113.35213636482962,23.159896569304298,2018-10-14-03-00-20
1.0,113.34989012616565,23.160150060509192,2018-10-14-03-00-20
1.0,113.35063880136482,23.160898561996525,2018-10-14-03-00-20
1.0,113.34839261095513,23.16165193191316,2018-10-14-03-00-20
1.0,113.35313459013639,23.161894237255144,2018-10-14-03-00-20
1.0,113.35113787453864,23.16214728015773,2018-10-14-03-00-20
1.0,113.35188660726729,23.162395995790263,2018-10-14-03-00-20
1.0,113.35363374693299,23.16239327370577,2018-10-14-03-00-20
1.0,113.33242285708374,23.161930269341084,2018-10-14-03-00-20
1.0,113.3284309289102,23.1621877138807,2018-10-14-03-00-20
1.0,113.33541687230559,23.162174595120053,2018-10-14-03-00-20
1.0,113.32818142135042,23.162438091638624,2018-10-14-03-00-20
1.0,113.33516734867203,23.16242496026099,2018-10-14-03-00-20
10.0,113.32768242437898,23.162688944493027,2018-10-14-03-00-20
9.0,113.32793191417169,23.162688469705174,2018-10-14-03-00-20
1.0,113.32818140433022,23.162687995176647,2018-10-14-03-00-20
1.0,113.32493803996326,23.16294408431365,2018-10-14-03-00-20
1.0,113.32618547554212,23.162941701548686,2018-10-14-03-00-20
1.0,113.32743291792136,23.162939323102897,2018-10-14-03-00-20
1.0,113.32818138730987,23.162937898751586,2018-10-14-03-00-20
1.0,113.32593597092449,23.163192081417876,2018-10-14-03-00-20
1.0,113.32693392303095,23.163190177476118,2018-10-14-03-00-20
1.0,113.32743290090386,23.163189226714934,2018-10-14-03-00-20
1.0,113.32768239034213,23.163188751680043,2018-10-14-03-00-20
1.0,113.32818137028936,23.163187802363495,2018-10-14-03-00-20
1.0,113.32593595391289,23.16344198506718,2018-10-14-03-00-20
1.0,113.32618544151707,23.16344150881019,2018-10-14-03-00-20
1.0,113.32768237332346,23.163438655329056,2018-10-14-03-00-20
1.0,113.32668440054007,23.163690460513127,2018-10-14-03-00-20
1.0,113.3271833777711,23.163689509319692,2018-10-14-03-00-20
1.0,113.32768235630462,23.163688559015156,2018-10-14-03-00-20
1.0,113.33367023929772,23.163677260680046,2018-10-14-03-00-20
1.0,113.32718336075412,23.16393941304301,2018-10-14-03-00-20
1.0,113.32768233928562,23.16393846273839,2018-10-14-03-00-20
1.0,113.33367022225475,23.163927164402285,2018-10-14-03-00-20
1.0,113.33391972451528,23.16392669924575,2018-10-14-03-00-20
1.0,113.32493795492468,23.16419360274669,2018-10-14-03-00-20
1.0,113.32518744157174,23.16419312592212,2018-10-14-03-00-20
1.0,113.33616526029373,23.16417244305223,2018-10-14-03-00-20
1.0,113.32493793791647,23.164443506544814,2018-10-14-03-00-20
1.0,113.32843077571493,23.16443684672239,2018-10-14-03-00-20
1.0,113.33367018816834,23.164426971958385,2018-10-14-03-00-20
1.0,113.33416919337196,23.164426042200393,2018-10-14-03-00-20
1.0,113.33441869701686,23.164425578166536,2018-10-14-03-00-20
1.0,113.33491770645922,23.164424651850382,2018-10-14-03-00-20
1.0,113.32768228822759,23.164688174131452,2018-10-14-03-00-20
1.0,113.32793177801224,23.164687699343272,2018-10-14-03-00-20
1.0,113.33466818432747,23.16467501854626,2018-10-14-03-00-20
1.0,113.32518739054356,23.164942837428327,2018-10-14-03-00-20
1.0,113.33067617570337,23.164932400379918,2018-10-14-03-00-20
1.0,113.33541668475931,23.164923535655983,2018-10-14-03-00-20
1.0,113.3356661921004,23.164923074643305,2018-10-14-03-00-20
1.0,113.3364147188529,23.164921695499682,2018-10-14-03-00-20
1.0,113.32743276475787,23.165188456948734,2018-10-14-03-00-20
1.0,113.33042666412804,23.165182775545063,2018-10-14-03-00-20
1.0,113.33516716113468,23.16517390120587,2018-10-14-03-00-20
1.0,113.32643479327828,23.165440263259274,2018-10-14-03-00-20
1.0,113.3291791816132,23.165435041267987,2018-10-14-03-00-20
1.0,113.33317111749065,23.16542751944886,2018-10-14-03-00-20
1.0,113.3351671270348,23.165673709135294,2018-10-14-03-00-20
1.0,113.32568629645228,23.165941500026555,2018-10-14-03-00-20
1.0,113.32718322461221,23.16593864417301,2018-10-14-03-00-20
1.0,113.32568627943986,23.166191404086813,2018-10-14-03-00-20
1.0,113.32693371883221,23.16618902372522,2018-10-14-03-00-20
1.0,113.3349175871171,23.166173979473125,2018-10-14-03-00-20
1.0,113.32593574976069,23.16644083176686,2018-10-14-03-00-20
1.0,113.33441856064088,23.166424809886347,2018-10-14-03-00-20
1.0,113.33491757006756,23.166423883569525,2018-10-14-03-00-20
1.0,113.33516707588373,23.166423421311386,2018-10-14-03-00-20
1.0,113.33566608978808,23.166422498656814,2018-10-14-03-00-20
1.0,113.33716315062932,23.166419746465678,2018-10-14-03-00-20
1.0,113.33766217763782,23.16641883465098,2018-10-14-03-00-20
1.0,113.32718317355626,23.166688356466143,2018-10-14-03-00-20
1.0,113.33441854359313,23.166674714020576,2018-10-14-03-00-20
1.0,113.33516705883305,23.16667332544549,2018-10-14-03-00-20
1.0,113.33416902291016,23.166925082226875,2018-10-14-03-00-20
1.0,113.33466803089341,23.166924154738098,2018-10-14-03-00-20
1.0,113.33566605568262,23.166922306962647,2018-10-14-03-00-20
1.0,113.33591556379533,23.16692184659057,2018-10-14-03-00-20
1.0,113.33416900586306,23.167174986436784,2018-10-14-03-00-20
1.0,113.33466801384435,23.16717405894792,2018-10-14-03-00-20
1.0,113.33491751891793,23.167173596085398,2018-10-14-03-00-20
1.0,113.32568619437527,23.167440924954455,2018-10-14-03-00-20
1.0,113.33566602157651,23.167422115419875,2018-10-14-03-00-20
1.0,113.32693361672385,23.16768844887881,2018-10-14-03-00-20
1.0,113.33391946883606,23.16767525957229,2018-10-14-03-00-20
1.0,113.33466797974572,23.167673867481348,2018-10-14-03-00-20
1.0,113.33541646308768,23.16817228940376,2018-10-14-03-00-20
1.0,113.33591547852392,23.16817136801825,2018-10-14-03-00-20
1.0,113.32593561364591,23.168440065913266,2018-10-14-03-00-20
1.0,113.33541644603484,23.168422193803526,2018-10-14-03-00-20
1.0,113.33566595336228,23.168421732790264,2018-10-14-03-00-20
1.0,113.32568610930652,23.16869044677105,2018-10-14-03-00-20
1.0,113.33466791154646,23.16867348500478,2018-10-14-03-00-20
1.0,113.33491741661418,23.168673022142006,2018-10-14-03-00-20
1.0,113.33516692242154,23.16867255988349,2018-10-14-03-00-20
1.0,113.33541642898184,23.16867209824147,2018-10-14-03-00-20
1.0,113.3356659363083,23.168671637228165,2018-10-14-03-00-20
1.0,113.33441839015589,23.168923852935922,2018-10-14-03-00-20
1.0,113.33566591925415,23.1689215417043,2018-10-14-03-00-20
1.0,113.33716298003719,23.168918789510652,2018-10-14-03-00-20
1.0,113.33566590219985,23.16917144621872,2018-10-14-03-00-20
1.0,113.33466786039527,23.169423198548596,2018-10-14-03-00-20
1.0,113.33541637782184,23.169421811784908,2018-10-14-03-00-20
1.0,113.33142433877778,23.169679169765878,2018-10-14-03-00-20
1.0,113.331673818397,23.16992860479446,2018-10-14-03-00-20
1.0,113.32618496509632,23.17043882624482,2018-10-14-03-00-20
1.0,113.33192328154027,23.170427945013316,2018-10-14-03-00-20
1.0,113.33267177673899,23.17042654033216,2018-10-14-03-00-20
1.0,113.32518699927775,23.170690636937408,2018-10-14-03-00-20
1.0,113.33267175969549,23.170676445077937,2018-10-14-03-00-20
1.0,113.32693337844769,23.171187112912666,2018-10-14-03-00-20
1.0,113.3279313354204,23.171185212323362,2018-10-14-03-00-20
1.0,113.32818082554468,23.171184737793425,2018-10-14-03-00-20
1.0,113.32768182863796,23.171435591975392,2018-10-14-03-00-20
1.0,113.32643436785027,23.17168787428072,2018-10-14-03-00-20
1.0,113.3326716744754,23.17192596938792,2018-10-14-03-00-20
1.0,113.3374122883517,23.171917189951753,2018-10-14-03-00-20
1.0,113.33541687230559,23.162174595120053,2018-10-14-03-00-20
1.0,113.33866053244489,23.162168655437565,2018-10-14-03-00-20
1.0,113.34215388284372,23.16216240826843,2018-10-14-03-00-20
1.0,113.34290248525727,23.16216109281202,2018-10-14-03-00-20
1.0,113.34340155929972,23.162160220771337,2018-10-14-03-00-20
1.0,113.33516734867203,23.16242496026099,2018-10-14-03-00-20
1.0,113.3399081175739,23.1624163083901,2018-10-14-03-00-20
1.0,113.34115574482861,23.162414079015942,2018-10-14-03-00-20
1.0,113.34215386576913,23.162412311767252,2018-10-14-03-00-20
1.0,113.34415016218746,23.162408823840327,2018-10-14-03-00-20
1.0,113.34290245110239,23.162660899846266,2018-10-14-03-00-20
1.0,113.3439006039128,23.162659159819004,2018-10-14-03-00-20
1.0,113.34115571068642,23.162913886124556,2018-10-14-03-00-20
1.0,113.34215383161947,23.16291211887553,2018-10-14-03-00-20
1.0,113.34340150806162,23.162909931377794,2018-10-14-03-00-20
1.0,113.34365104684854,23.16290949687185,2018-10-14-03-00-20
1.0,113.33990806637448,23.163166019109084,2018-10-14-03-00-20
1.0,113.3424033475423,23.163161583029186,2018-10-14-03-00-20
1.0,113.34240333046611,23.163411486675734,2018-10-14-03-00-20
1.0,113.34215378039372,23.163661829815357,2018-10-14-03-00-20
1.0,113.34240331338977,23.163661390359366,2018-10-14-03-00-20
1.0,113.34290238279061,23.16366051435818,2018-10-14-03-00-20
1.0,113.33866041301168,23.163917980709442,2018-10-14-03-00-20
1.0,113.33616526029373,23.16417244305223,2018-10-14-03-00-20
1.0,113.33890991445358,23.164167432736697,2018-10-14-03-00-20
1.0,113.33491770645922,23.164424651850382,2018-10-14-03-00-20
1.0,113.3386603788864,23.16441778826387,2018-10-14-03-00-20
1.0,113.34190419729234,23.164411981499974,2018-10-14-03-00-20
1.0,113.34265279628497,23.164410663143485,2018-10-14-03-00-20
1.0,113.34165464945022,23.16466232668574,2018-10-14-03-00-20
1.0,113.34190418021718,23.164661885332563,2018-10-14-03-00-20
1.0,113.33541668475931,23.164923535655983,2018-10-14-03-00-20
1.0,113.3356661921004,23.164923074643305,2018-10-14-03-00-20
1.0,113.3364147188529,23.164921695499682,2018-10-14-03-00-20
1.0,113.34115557411091,23.164913116042236,2018-10-14-03-00-20
1.0,113.33516716113468,23.16517390120587,2018-10-14-03-00-20
1.0,113.3351671270348,23.165673709135294,2018-10-14-03-00-20
1.0,113.33841077600894,23.165667760321945,2018-10-14-03-00-20
1.0,113.34464900906126,23.165906614985055,2018-10-14-03-00-20
1.0,113.3349175871171,23.166173979473125,2018-10-14-03-00-20
1.0,113.33491757006756,23.166423883569525,2018-10-14-03-00-20
1.0,113.33516707588373,23.166423421311386,2018-10-14-03-00-20
1.0,113.33566608978808,23.166422498656814,2018-10-14-03-00-20
1.0,113.33716315062932,23.166419746465678,2018-10-14-03-00-20
1.0,113.33766217763782,23.16641883465098,2018-10-14-03-00-20
1.0,113.33816120818591,23.16641792578944,2018-10-14-03-00-20
1.0,113.33516705883305,23.16667332544549,2018-10-14-03-00-20
1.0,113.33566605568262,23.166922306962647,2018-10-14-03-00-20
1.0,113.33591556379533,23.16692184659057,2018-10-14-03-00-20
1.0,113.33491751891793,23.167173596085398,2018-10-14-03-00-20
1.0,113.33566602157651,23.167422115419875,2018-10-14-03-00-20
1.0,113.34015726544945,23.167913747177952,2018-10-14-03-00-20
1.0,113.33541646308768,23.16817228940376,2018-10-14-03-00-20
1.0,113.33591547852392,23.16817136801825,2018-10-14-03-00-20
1.0,113.34040677276616,23.16816320478009,2018-10-14-03-00-20
1.0,113.33541644603484,23.168422193803526,2018-10-14-03-00-20
1.0,113.33566595336228,23.168421732790264,2018-10-14-03-00-20
1.0,113.34140486365717,23.16841133097301,2018-10-14-03-00-20
1.0,113.34165439331676,23.168410888688534,2018-10-14-03-00-20
1.0,113.33491741661418,23.168673022142006,2018-10-14-03-00-20
1.0,113.33516692242154,23.16867255988349,2018-10-14-03-00-20
1.0,113.33541642898184,23.16867209824147,2018-10-14-03-00-20
1.0,113.3356659363083,23.168671637228165,2018-10-14-03-00-20
1.0,113.34015721423614,23.168663460374916,2018-10-14-03-00-20
1.0,113.34090579049237,23.168662122723298,2018-10-14-03-00-20
1.0,113.34190390699192,23.168660351771567,2018-10-14-03-00-20
1.0,113.34215343885023,23.16865991136028,2018-10-14-03-00-20
1.0,113.33566591925415,23.1689215417043,2018-10-14-03-00-20
1.0,113.33716298003719,23.168918789510652,2018-10-14-03-00-20
1.0,113.3421534217713,23.168909815835317,2018-10-14-03-00-20
1.0,113.33566590219985,23.16917144621872,2018-10-14-03-00-20
1.0,113.34015718009312,23.169163269363956,2018-10-14-03-00-20
1.0,113.34040670447698,23.169162822605077,2018-10-14-03-00-20
1.0,113.34065622988952,23.169162376717125,2018-10-14-03-00-20
1.0,113.33541637782184,23.169421811784908,2018-10-14-03-00-20
1.0,113.34065619574204,23.169662185859355,2018-10-14-03-00-20
1.0,113.34689470298154,23.169651356461745,2018-10-14-03-00-20
1.0,113.34040665325834,23.1699125363762,2018-10-14-03-00-20
1.0,113.34065617866806,23.169912090488122,2018-10-14-03-00-20
1.0,113.34514782665795,23.16990422700963,2018-10-14-03-00-20
1.0,113.34689468588469,23.16990126108944,2018-10-14-03-00-20
1.0,113.34240286934605,23.17015889932879,2018-10-14-03-00-20
1.0,113.34265240344999,23.170158460838007,2018-10-14-03-00-20
1.0,113.34689466878767,23.170151165755637,2018-10-14-03-00-20
1.0,113.33890948781149,23.170415038947738,2018-10-14-03-00-20
1.0,113.34340099559779,23.17040705598734,2018-10-14-03-00-20
1.0,113.34614598983109,23.170402334739528,2018-10-14-03-00-20
1.0,113.34664509639387,23.17040149072533,2018-10-14-03-00-20
1.0,113.34165423961862,23.170660030001464,2018-10-14-03-00-20
1.0,113.3471441741506,23.170900460897602,2018-10-14-03-00-20
1.0,113.34190373620437,23.171159398251774,2018-10-14-03-00-20
1.0,113.34340094434312,23.171156770335305,2018-10-14-03-00-20
1.0,113.34365048309976,23.171156335827956,2018-10-14-03-00-20
1.0,113.34464865021435,23.17115460817006,2018-10-14-03-00-20
1.0,113.34639549115765,23.171151626501977,2018-10-14-03-00-20
1.0,113.34290185328356,23.17140754723928,2018-10-14-03-00-20
1.0,113.34439908950817,23.171404943365282,2018-10-14-03-00-20
1.0,113.34514772411087,23.17140365558809,2018-10-14-03-00-20
1.0,113.342153233892,23.17165876759958,2018-10-14-03-00-20
1.0,113.34365044892732,23.171656145586965,2018-10-14-03-00-20
1.0,113.3453972544134,23.171653133403478,2018-10-14-03-00-20
1.0,113.3374122883517,23.171917189951753,2018-10-14-03-00-20
1.0,113.3414046245784,23.171909996588962,2018-10-14-03-00-20
1.0,113.34215321681107,23.171908672537644,2018-10-14-03-00-20
1.0,113.34340089308695,23.171906485032252,2018-10-14-03-00-20
1.0,113.34489814380603,23.171903893603318,2018-10-14-03-00-20
1.0,113.34514768992716,23.171903465424304,2018-10-14-03-00-20
1.0,113.34839261095513,23.16165193191316,2018-10-14-03-00-20
1.0,113.35313459013639,23.161894237255144,2018-10-14-03-00-20
1.0,113.35113787453864,23.16214728015773,2018-10-14-03-00-20
1.0,113.35188660726729,23.162395995790263,2018-10-14-03-00-20
1.0,113.35363374693299,23.16239327370577,2018-10-14-03-00-20
1.0,113.34939079461886,23.16289980984868,2018-10-14-03-00-20
1.0,113.3508881575628,23.16414690787962,2018-10-14-03-00-20
1.0,113.35313440188486,23.164643177349735,2018-10-14-03-00-20
1.0,113.35338399655093,23.164642791362024,2018-10-14-03-00-20
1.0,113.35288479176891,23.164893468662832,2018-10-14-03-00-20
1.0,113.3511376692497,23.165146124569837,2018-10-14-03-00-20
1.0,113.3526351833067,23.165143761459866,2018-10-14-03-00-20
1.0,113.35313436765513,23.165142985123136,2018-10-14-03-00-20
1.0,113.35188640194629,23.165394840646748,2018-10-14-03-00-20
1.0,113.35263516619322,23.165393665402824,2018-10-14-03-00-20
1.0,113.35288475754048,23.165393276511203,2018-10-14-03-00-20
1.0,113.35313435054,23.16539288906601,2018-10-14-03-00-20
1.0,113.34464900906126,23.165906614985055,2018-10-14-03-00-20
1.0,113.35587993457227,23.16613843778699,2018-10-14-03-00-20
1.0,113.35388305398007,23.166641255795618,2018-10-14-03-00-20
1.0,113.35013923833812,23.166897055902755,2018-10-14-03-00-20
1.0,113.35188628216456,23.16714416930202,2018-10-14-03-00-20
1.0,113.34864178277647,23.16739930827897,2018-10-14-03-00-20
1.0,113.35563021988116,23.167638233731715,2018-10-14-03-00-20
1.0,113.35013915280496,23.168146577318282,2018-10-14-03-00-20
1.0,113.35338375691732,23.168141448937643,2018-10-14-03-00-20
1.0,113.35388295126621,23.16814068137653,2018-10-14-03-00-20
1.0,113.35088786672117,23.168395277483295,2018-10-14-03-00-20
1.0,113.34988954464038,23.168646790225925,2018-10-14-03-00-20
1.0,113.35413251674302,23.168640108656714,2018-10-14-03-00-20
1.0,113.35687822910755,23.168636012996387,2018-10-14-03-00-20
1.0,113.34864168016507,23.16889873455013,2018-10-14-03-00-20
1.0,113.35363330189115,23.168890777722044,2018-10-14-03-00-20
1.0,113.35662859280362,23.168886281924596,2018-10-14-03-00-20
1.0,113.35737745585203,23.16888519342053,2018-10-14-03-00-20
1.0,113.34889122959252,23.169148228533093,2018-10-14-03-00-20
1.0,113.34988951042698,23.169146599211622,2018-10-14-03-00-20
1.0,113.35338367132591,23.16939097130337,2018-10-14-03-00-20
1.0,113.34689470298154,23.169651356461745,2018-10-14-03-00-20
1.0,113.34939033283166,23.169647220429873,2018-10-14-03-00-20
1.0,113.35288446657168,23.169641649326017,2018-10-14-03-00-20
1.0,113.35488125771144,23.169638591171772,2018-10-14-03-00-20
1.0,113.34514782665795,23.16990422700963,2018-10-14-03-00-20
1.0,113.34689468588469,23.16990126108944,2018-10-14-03-00-20
1.0,113.34988945910561,23.169896312977855,2018-10-14-03-00-20
1.0,113.34689466878767,23.170151165755637,2018-10-14-03-00-20
1.0,113.35063816840636,23.17014500940293,2018-10-14-03-00-20
1.0,113.35587966055911,23.170136907830994,2018-10-14-03-00-20
1.0,113.34614598983109,23.170402334739528,2018-10-14-03-00-20
1.0,113.34664509639387,23.17040149072533,2018-10-14-03-00-20
1.0,113.34939028151443,23.170396934427224,2018-10-14-03-00-20
1.0,113.34988942489053,23.17039612234777,2018-10-14-03-00-20
1.0,113.35113730993594,23.170394115329547,2018-10-14-03-00-20
1.0,113.35138689160286,23.170393717989157,2018-10-14-03-00-20
1.0,113.35413239689458,23.170389440773327,2018-10-14-03-00-20
1.0,113.35513081296466,23.170387929682114,2018-10-14-03-00-20
1.0,113.34839199536634,23.170648478729042,2018-10-14-03-00-20
1.0,113.34889112696891,23.170647656413138,2018-10-14-03-00-20
1.0,113.34988940778274,23.17064602709062,2018-10-14-03-00-20
1.0,113.35188604257642,23.1706428322031,2018-10-14-03-00-20
1.0,113.3471441741506,23.170900460897602,2018-10-14-03-00-20
1.0,113.34939024730211,23.170896743951765,2018-10-14-03-00-20
1.0,113.35587960917687,23.170886622056422,2018-10-14-03-00-20
1.0,113.34464865021435,23.17115460817006,2018-10-14-03-00-20
1.0,113.34639549115765,23.171151626501977,2018-10-14-03-00-20
1.0,113.34514772411087,23.17140365558809,2018-10-14-03-00-20
1.0,113.34939021308911,23.171396553631194,2018-10-14-03-00-20
1.0,113.35013893039913,23.17139533747595,2018-10-14-03-00-20
1.0,113.3551307444634,23.171387548882034,2018-10-14-03-00-20
1.0,113.3453972544134,23.171653133403478,2018-10-14-03-00-20
1.0,113.34814236331445,23.171648511120786,2018-10-14-03-00-20
1.0,113.35188597411664,23.17164245156031,2018-10-14-03-00-20
1.0,113.35513072733767,23.17163745377895,2018-10-14-03-00-20
1.0,113.32693337844769,23.171187112912666,2018-10-14-03-00-20
1.0,113.3279313354204,23.171185212323362,2018-10-14-03-00-20
1.0,113.32818082554468,23.171184737793425,2018-10-14-03-00-20
1.0,113.32768182863796,23.171435591975392,2018-10-14-03-00-20
1.0,113.32643436785027,23.17168787428072,2018-10-14-03-00-20
1.0,113.3326716744754,23.17192596938792,2018-10-14-03-00-20
1.0,113.3374122883517,23.171917189951753,2018-10-14-03-00-20
1.0,113.32668382193773,23.1721872083005,2018-10-14-03-00-20
1.0,113.3269333103628,23.17218673259745,2018-10-14-03-00-20
1.0,113.32718279910007,23.172186257104254,2018-10-14-03-00-20
1.0,113.32718278207743,23.17243616212275,2018-10-14-03-00-20
1.0,113.3284302309114,23.172433788237253,2018-10-14-03-00-20
1.0,113.33292114000005,23.172425312127945,2018-10-14-03-00-20
1.0,113.33566568047863,23.17242020841495,2018-10-14-03-00-20
1.0,113.32618481193336,23.172687970363096,2018-10-14-03-00-20
1.0,113.32643429977213,23.17268749427734,2018-10-14-03-00-20
1.0,113.32668378789631,23.172687018376713,2018-10-14-03-00-20
1.0,113.32743225411552,23.172685591909246,2018-10-14-03-00-20
1.0,113.32917868778544,23.172682272272855,2018-10-14-03-00-20
1.0,113.33267162334137,23.172675684440737,2018-10-14-03-00-20
1.0,113.3344181343971,23.17267242470584,2018-10-14-03-00-20
1.0,113.33466763872272,23.172671961250376,2018-10-14-03-00-20
1.0,113.33491714377475,23.172671498386933,2018-10-14-03-00-20
1.0,113.33691321193203,23.172667818259164,2018-10-14-03-00-20
1.0,113.32593530734871,23.17293835171847,2018-10-14-03-00-20
1.0,113.32768172649045,23.17293502196935,2018-10-14-03-00-20
1.0,113.32793121624182,23.172934547179803,2018-10-14-03-00-20
1.0,113.32818070635905,23.17293407264958,2018-10-14-03-00-20
1.0,113.33317060615339,23.172924655530114,2018-10-14-03-00-20
1.0,113.32743222006737,23.173185402141613,2018-10-14-03-00-20
1.0,113.32793119921564,23.17318445231548,2018-10-14-03-00-20
1.0,113.32818068933186,23.17318397778521,2018-10-14-03-00-20
1.0,113.32917865372319,23.173182082504642,2018-10-14-03-00-20
1.0,113.33766171694865,23.173166259685825,2018-10-14-03-00-20
1.0,113.32793118218929,23.17343435749037,2018-10-14-03-00-20
1.0,113.3349170926126,23.173421213790537,2018-10-14-03-00-20
1.0,113.32743218601854,23.173685212530824,2018-10-14-03-00-20
1.0,113.32917861966027,23.17368189289327,2018-10-14-03-00-20
1.0,113.33167356279134,23.1736771788994,2018-10-14-03-00-20
1.0,113.3379111976158,23.173665615264426,2018-10-14-03-00-20
1.0,113.32643421467071,23.173937020153293,2018-10-14-03-00-20
1.0,113.32693319120781,23.173936068549118,2018-10-14-03-00-20
1.0,113.32743216899388,23.173935117784374,2018-10-14-03-00-20
1.0,113.3379111805496,23.17391552051623,2018-10-14-03-00-20
1.0,113.32693317418502,23.174185973842125,2018-10-14-03-00-20
1.0,113.3289290938871,23.174182176808674,2018-10-14-03-00-20
1.0,113.32793111408225,23.174433978583103,2018-10-14-03-00-20
1.0,113.3379111464167,23.174415331138007,2018-10-14-03-00-20
1.0,113.32593518821857,23.174687688495833,2018-10-14-03-00-20
1.0,113.32668365172395,23.174686260249935,2018-10-14-03-00-20
1.0,113.32718262886607,23.17468530905286,2018-10-14-03-00-20
1.0,113.32768160731077,23.174684358744685,2018-10-14-03-00-20
1.0,113.3316734946235,23.174676800147235,2018-10-14-03-00-20
1.0,113.32668363470165,23.174936165661425,2018-10-14-03-00-20
1.0,113.3281805701369,23.174933314835574,2018-10-14-03-00-20
1.0,113.3301765057887,23.174929529410207,2018-10-14-03-00-20
1.0,113.33691305837097,23.174916965528535,2018-10-14-03-00-20
1.0,113.33716257054789,23.174916508542662,2018-10-14-03-00-20
1.0,113.32768157325792,23.17518416960692,2018-10-14-03-00-20
1.0,113.3379110952161,23.175165047366907,2018-10-14-03-00-20
1.0,113.32543616281161,23.17543835783628,2018-10-14-03-00-20
1.0,113.32618462471586,23.17543692859051,2018-10-14-03-00-20
1.0,113.32768155623125,23.17543407509747,2018-10-14-03-00-20
1.0,113.32818053607969,23.17543312577687,2018-10-14-03-00-20
1.0,113.3359149838674,23.17541861130764,2018-10-14-03-00-20
1.0,113.33741204945306,23.17541586320902,2018-10-14-03-00-20
1.0,113.32543614579389,23.1756882633669,2018-10-14-03-00-20
1.0,113.32593512014053,23.175687310380024,2018-10-14-03-00-20
1.0,113.32668358363377,23.17568588213363,2018-10-14-03-00-20
1.0,113.32693307204467,23.17568540643,2018-10-14-03-00-20
1.0,113.32718256076781,23.175684930936225,2018-10-14-03-00-20
1.0,113.32568561582568,23.17593769236977,2018-10-14-03-00-20
1.0,113.3259351031206,23.175937215950313,2018-10-14-03-00-20
1.0,113.33317040157644,23.175923519747528,2018-10-14-03-00-20
1.0,113.33691299011726,23.175916587564085,2018-10-14-03-00-20
1.0,113.33766151215879,23.17616512436829,2018-10-14-03-00-20
1.0,113.32593506908026,23.176437027210348,2018-10-14-03-00-20
1.0,113.33267136764862,23.176424265012688,2018-10-14-03-00-20
1.0,113.33716246816053,23.176415941834343,2018-10-14-03-00-20
1.0,113.33641391710822,23.176667220574245,2018-10-14-03-00-20
1.0,113.33741196412417,23.176665391250182,2018-10-14-03-00-20
1.0,113.33791099281038,23.17666448089649,2018-10-14-03-00-20
1.0,113.33067535798477,23.176927831228557,2018-10-14-03-00-20
1.0,113.33641390004581,23.17691712630232,2018-10-14-03-00-20
1.0,113.3379109586738,23.177164292392163,2018-10-14-03-00-20
1.0,113.33691288773169,23.177416021812594,2018-10-14-03-00-20
1.0,113.33791094160527,23.177414198200083,2018-10-14-03-00-20
1.0,113.32543600964604,23.17768750904737,2018-10-14-03-00-20
1.0,113.3306753068646,23.177677548656,2018-10-14-03-00-20
1.0,113.33142379347755,23.177676137302825,2018-10-14-03-00-20
1.0,113.33766140975483,23.177664558855994,2018-10-14-03-00-20
1.0,113.3351662913793,23.177919051423938,2018-10-14-03-00-20
1.0,113.33666334228202,23.177916291237434,2018-10-14-03-00-20
1.0,113.33791090746769,23.177914009936355,2018-10-14-03-00-20
1.0,113.33142375939063,23.17817594912168,2018-10-14-03-00-20
1.0,113.33167325601502,23.17817547951858,2018-10-14-03-00-20
1.0,113.33641381473127,23.17816665554408,2018-10-14-03-00-20
1.0,113.337162348701,23.17816528249141,2018-10-14-03-00-20
1.0,113.33766137561885,23.178164370672764,2018-10-14-03-00-20
1.0,113.32743186252151,23.178433419133174,2018-10-14-03-00-20
1.0,113.33591477914085,23.178417480289472,2018-10-14-03-00-20
1.0,113.33666330815342,23.17841610313506,2018-10-14-03-00-20
1.0,113.32668337934724,23.178684751614455,2018-10-14-03-00-20
1.0,113.33067523870204,23.17867717245536,2018-10-14-03-00-20
1.0,113.33117422923391,23.17867623113711,2018-10-14-03-00-20
1.0,113.33591476207921,23.178667386298898,2018-10-14-03-00-20
1.0,113.33666329108888,23.178666009144358,2018-10-14-03-00-20
1.0,113.33691280240578,23.178665551455996,2018-10-14-03-00-20
1.0,113.33766134148219,23.17866418265068,2018-10-14-03-00-20
1.0,113.32743182846569,23.178933231195245,2018-10-14-03-00-20
1.0,113.3276813178404,23.178932756157746,2018-10-14-03-00-20
1.0,113.33117421219086,23.178926137187723,2018-10-14-03-00-20
1.0,113.3369127853401,23.178915457505646,2018-10-14-03-00-20
1.0,113.33716229750155,23.178915000519105,2018-10-14-03-00-20
1.0,113.33741181052166,23.178914544246577,2018-10-14-03-00-20
1.0,113.33791083919053,23.17891363389213,2018-10-14-03-00-20
1.0,113.33092469962041,23.179176513734195,2018-10-14-03-00-20
1.0,113.33416818740598,23.179170434089613,2018-10-14-03-00-20
1.0,113.33516620608579,23.179168581471945,2018-10-14-03-00-20
1.0,113.33591472795545,23.17916719843898,2018-10-14-03-00-20
1.0,113.33666325695928,23.179165821284187,2018-10-14-03-00-20
1.0,113.33791082212082,23.17916353998206,2018-10-14-03-00-20
1.0,113.33267116306737,23.17942313592708,2018-10-14-03-00-20
1.0,113.33292066265349,23.179422668669762,2018-10-14-03-00-20
1.0,113.33691275120823,23.179415269726345,2018-10-14-03-00-20
1.0,113.33766129027595,23.179413900920654,2018-10-14-03-00-20
1.0,113.32768126675239,23.17968247455422,2018-10-14-03-00-20
1.0,113.33167315374425,23.179674915943508,2018-10-14-03-00-20
1.0,113.33292064560298,23.179672574841586,2018-10-14-03-00-20
1.0,113.33317014582144,23.17967210809034,2018-10-14-03-00-20
1.0,113.33366914821174,23.179671176155367,2018-10-14-03-00-20
1.0,113.33391865041018,23.179670710996206,2018-10-14-03-00-20
1.0,113.33466716117833,23.179669318899258,2018-10-14-03-00-20
1.0,113.3374117593178,23.179664262638177,2018-10-14-03-00-20
1.0,113.33766127320686,23.179663807091682,2018-10-14-03-00-20
1.0,113.3379107879809,23.17966335228348,2018-10-14-03-00-20
1.0,113.32718227132044,23.179933331077436,2018-10-14-03-00-20
1.0,113.33317012876978,23.17992201430273,2018-10-14-03-00-20
1.0,113.33341962963395,23.179921548069853,2018-10-14-03-00-20
1.0,113.3336691311581,23.179921082367674,2018-10-14-03-00-20
1.0,113.33391863335557,23.17992061720847,2018-10-14-03-00-20
1.0,113.3369127170757,23.179915082109265,2018-10-14-03-00-20
1.0,113.3379107709107,23.179913258495073,2018-10-14-03-00-20
1.0,113.32518635264566,23.180187046471254,2018-10-14-03-00-20
1.0,113.33741172518107,23.1801640751022,2018-10-14-03-00-20
1.0,113.33341959552814,23.180421360616595,2018-10-14-03-00-20
1.0,113.32643375505108,23.18068447706279,2018-10-14-03-00-20
1.0,113.33067510236891,23.180676421996445,2018-10-14-03-00-20
1.0,113.33167308556038,23.180674541038258,2018-10-14-03-00-20
1.0,113.33192258274146,23.180674071879306,2018-10-14-03-00-20
1.0,113.33366907999617,23.180670801248784,2018-10-14-03-00-20
1.0,113.33791071969905,23.180662977374052,2018-10-14-03-00-20
1.0,113.32518630158552,23.1809367654789,2018-10-14-03-00-20
1.0,113.32643373802581,23.180934383439272,2018-10-14-03-00-20
1.0,113.33366906294187,23.180920707624065,2018-10-14-03-00-20
1.0,113.3356651004589,23.180917002582312,2018-10-14-03-00-20
1.0,113.33791070262818,23.180912883748622,2018-10-14-03-00-20
1.0,113.3471441741506,23.170900460897602,2018-10-14-03-00-20
1.0,113.34190373620437,23.171159398251774,2018-10-14-03-00-20
1.0,113.34340094434312,23.171156770335305,2018-10-14-03-00-20
1.0,113.34365048309976,23.171156335827956,2018-10-14-03-00-20
1.0,113.34464865021435,23.17115460817006,2018-10-14-03-00-20
1.0,113.34639549115765,23.171151626501977,2018-10-14-03-00-20
1.0,113.34290185328356,23.17140754723928,2018-10-14-03-00-20
1.0,113.34439908950817,23.171404943365282,2018-10-14-03-00-20
1.0,113.34514772411087,23.17140365558809,2018-10-14-03-00-20
1.0,113.342153233892,23.17165876759958,2018-10-14-03-00-20
1.0,113.34365044892732,23.171656145586965,2018-10-14-03-00-20
1.0,113.3453972544134,23.171653133403478,2018-10-14-03-00-20
1.0,113.3374122883517,23.171917189951753,2018-10-14-03-00-20
1.0,113.3414046245784,23.171909996588962,2018-10-14-03-00-20
1.0,113.34215321681107,23.171908672537644,2018-10-14-03-00-20
1.0,113.34340089308695,23.171906485032252,2018-10-14-03-00-20
1.0,113.34489814380603,23.171903893603318,2018-10-14-03-00-20
1.0,113.34514768992716,23.171903465424304,2018-10-14-03-00-20
1.0,113.34739364667928,23.172149567489388,2018-10-14-03-00-20
1.0,113.33566568047863,23.17242020841495,2018-10-14-03-00-20
1.0,113.34040648251867,23.172411584790922,2018-10-14-03-00-20
1.0,113.33491714377475,23.172671498386933,2018-10-14-03-00-20
1.0,113.33691321193203,23.172667818259164,2018-10-14-03-00-20
1.0,113.34065599084313,23.172661043957717,2018-10-14-03-00-20
1.0,113.34389992052762,23.172655332089825,2018-10-14-03-00-20
1.0,113.34689449780825,23.172650214547296,2018-10-14-03-00-20
1.0,113.34714405445706,23.172649795458796,2018-10-14-03-00-20
1.0,113.34589626759441,23.172901807647627,2018-10-14-03-00-20
1.0,113.34614581887668,23.172901383921047,2018-10-14-03-00-20
1.0,113.34689448070938,23.172900119640627,2018-10-14-03-00-20
1.0,113.34714403735731,23.17289970055208,2018-10-14-03-00-20
1.0,113.33766171694865,23.173166259685825,2018-10-14-03-00-20
1.0,113.33841026405317,23.17316489752784,2018-10-14-03-00-20
1.0,113.3429017336952,23.173156882351087,2018-10-14-03-00-20
1.0,113.34514760446498,23.173152990697208,2018-10-14-03-00-20
1.0,113.34564670052767,23.173152137637487,2018-10-14-03-00-20
1.0,113.3466449083235,23.173150445038512,2018-10-14-03-00-20
1.0,113.34689446361035,23.173150024773104,2018-10-14-03-00-20
1.0,113.3349170926126,23.173421213790537,2018-10-14-03-00-20
1.0,113.34240264728177,23.173407663527968,2018-10-14-03-00-20
1.0,113.34514758737204,23.173402895869202,2018-10-14-03-00-20
1.0,113.34539713476003,23.173402468785625,2018-10-14-03-00-20
1.0,113.34614578468378,23.17340119422548,2018-10-14-03-00-20
1.0,113.3379111976158,23.173665615264426,2018-10-14-03-00-20
1.0,113.338160713311,23.173665161207644,2018-10-14-03-00-20
1.0,113.33865974744816,23.173664255393746,2018-10-14-03-00-20
1.0,113.33890926591633,23.173663803660812,2018-10-14-03-00-20
1.0,113.34340077348334,23.173655820690502,2018-10-14-03-00-20
1.0,113.34365031223082,23.173655386182723,2018-10-14-03-00-20
1.0,113.34414939332675,23.17365452025512,2018-10-14-03-00-20
1.0,113.34489802416412,23.173653229259774,2018-10-14-03-00-20
1.0,113.34589621630751,23.173651523163272,2018-10-14-03-00-20
1.0,113.34614576758709,23.173651099436565,2018-10-14-03-00-20
1.0,113.34689442941179,23.173649835155757,2018-10-14-03-00-20
1.0,113.347393544075,23.173648998166733,2018-10-14-03-00-20
1.0,113.3379111805496,23.17391552051623,2018-10-14-03-00-20
1.0,113.33816069624385,23.173915066459404,2018-10-14-03-00-20
1.0,113.33890924884629,23.173913708912448,2018-10-14-03-00-20
1.0,113.33990733235068,23.173911910088847,2018-10-14-03-00-20
1.0,113.34240261311552,23.173907473990734,2018-10-14-03-00-20
1.0,113.34389983508564,23.17390485795113,2018-10-14-03-00-20
1.0,113.34464846221746,23.173903563773777,2018-10-14-03-00-20
1.0,113.34539710057184,23.17390227924737,2018-10-14-03-00-20
1.0,113.34589619921154,23.173901428413718,2018-10-14-03-00-20
1.0,113.34639530309154,23.17390058210239,2018-10-14-03-00-20
1.0,113.34714396895664,23.173899321317307,2018-10-14-03-00-20
1.0,113.33816067917653,23.17416497175054,2018-10-14-03-00-20
1.0,113.33865971330985,23.174164065936473,2018-10-14-03-00-20
1.0,113.34215306307509,23.174157818738927,2018-10-14-03-00-20
1.0,113.34240259603216,23.17415737928115,2018-10-14-03-00-20
1.0,113.34365027805502,23.174155196723756,2018-10-14-03-00-20
1.0,113.34389981799673,23.17415476324129,2018-10-14-03-00-20
1.0,113.3441493591473,23.174154330795982,2018-10-14-03-00-20
1.0,113.34489798997922,23.17415303980038,2018-10-14-03-00-20
1.0,113.34539708347751,23.174152184537274,2018-10-14-03-00-20
1.0,113.34639528599362,23.174150487392126,2018-10-14-03-00-20
1.0,113.3379111464167,23.174415331138007,2018-10-14-03-00-20
1.0,113.33890921470574,23.17441351953389,2018-10-14-03-00-20
1.0,113.33965777585686,23.1744121691756,2018-10-14-03-00-20
1.0,113.34315118466077,23.174405972082813,2018-10-14-03-00-20
1.0,113.34365026096687,23.174405102053385,2018-10-14-03-00-20
1.0,113.3441493420573,23.174404236125525,2018-10-14-03-00-20
1.0,113.34439888442854,23.17440380472908,2018-10-14-03-00-20
1.0,113.34464842803403,23.17440337439327,2018-10-14-03-00-20
1.0,113.34489797288651,23.174402945129795,2018-10-14-03-00-20
1.0,113.34564661505229,23.1744016638902,2018-10-14-03-00-20
1.0,113.346145716296,23.174400815305944,2018-10-14-03-00-20
1.0,113.34639526889552,23.17440039272128,2018-10-14-03-00-20
1.0,113.3468943781127,23.174399551024745,2018-10-14-03-00-20
1.0,113.34714393475531,23.174399131935942,2018-10-14-03-00-20
1.0,113.3473934927706,23.174398714035462,2018-10-14-03-00-20
1.0,113.33965775878347,23.174662074545385,2018-10-14-03-00-20
1.0,113.33990728112818,23.174661626079697,2018-10-14-03-00-20
1.0,113.34389978381843,23.17465457393994,2018-10-14-03-00-20
1.0,113.34589614792262,23.1746511444015,2018-10-14-03-00-20
1.0,113.34614569919862,23.17465072067462,2018-10-14-03-00-20
1.0,113.34639525179726,23.174650298089915,2018-10-14-03-00-20
1.0,113.34714391765439,23.174649037304444,2018-10-14-03-00-20
1.0,113.34789259586536,23.174647787213765,2018-10-14-03-00-20
1.0,113.33691305837097,23.174916965528535,2018-10-14-03-00-20
1.0,113.33716257054789,23.174916508542662,2018-10-14-03-00-20
1.0,113.33816062797354,23.17491468786071,2018-10-14-03-00-20
1.0,113.34315115048764,23.174905782860733,2018-10-14-03-00-20
1.0,113.34340068804718,23.174905347339127,2018-10-14-03-00-20
1.0,113.34365022679006,23.174904912831135,2018-10-14-03-00-20
1.0,113.34464839384994,23.174903185170677,2018-10-14-03-00-20
1.0,113.3448979387006,23.174902755907116,2018-10-14-03-00-20
1.0,113.34539703219347,23.174901900643754,2018-10-14-03-00-20
1.0,113.34564658086097,23.174901474667266,2018-10-14-03-00-20
1.0,113.34689434391245,23.17489936180138,2018-10-14-03-00-20
1.0,113.3379110952161,23.175165047366907,2018-10-14-03-00-20
1.0,113.33890916349364,23.175163235762287,2018-10-14-03-00-20
1.0,113.34015677032451,23.175160989319007,2018-10-14-03-00-20
1.0,113.34140440254733,23.17515876434853,2018-10-14-03-00-20
1.0,113.34464837675763,23.175153090618736,2018-10-14-03-00-20
1.0,113.34539701509846,23.175151806091684,2018-10-14-03-00-20
1.0,113.34564656376506,23.175151380115157,2018-10-14-03-00-20
1.0,113.34589611372917,23.175150955257603,2018-10-14-03-00-20
1.0,113.34639521760025,23.17515010894585,2018-10-14-03-00-20
1.0,113.34689432681208,23.17514926724905,2018-10-14-03-00-20
1.0,113.3359149838674,23.17541861130764,2018-10-14-03-00-20
1.0,113.33741204945306,23.17541586320902,2018-10-14-03-00-20
1.0,113.33816059383739,23.175414498798673,2018-10-14-03-00-20
1.0,113.33865962796114,23.17541359298419,2018-10-14-03-00-20
1.0,113.33890914642261,23.17541314125096,2018-10-14-03-00-20
1.0,113.33940818621014,23.175412240192895,2018-10-14-03-00-20
1.0,113.33965770756231,23.175411790892163,2018-10-14-03-00-20
1.0,113.34015675324873,23.17541089480747,2018-10-14-03-00-20
1.0,113.34240251061277,23.175406906325694,2018-10-14-03-00-20
1.0,113.34464835966517,23.175402996106435,2018-10-14-03-00-20
1.0,113.34489790451403,23.17540256684279,2018-10-14-03-00-20
1.0,113.34539699800328,23.175401711579255,2018-10-14-03-00-20
1.0,113.34764298375926,23.175397919045892,2018-10-14-03-00-20
1.0,113.34789254455369,23.175397503556315,2018-10-14-03-00-20
1.0,113.33940816913703,23.175662145721184,2018-10-14-03-00-20
1.0,113.33965769048825,23.175661696420413,2018-10-14-03-00-20
1.0,113.33990721282916,23.175661247954555,2018-10-14-03-00-20
1.0,113.34015673617279,23.17566080033563,2018-10-14-03-00-20
1.0,113.34115483983422,23.17565901856919,2018-10-14-03-00-20
1.0,113.34489788742049,23.175652472370146,2018-10-14-03-00-20
1.0,113.34589607953504,23.17565076627227,2018-10-14-03-00-20
1.0,113.33691299011726,23.175916587564085,2018-10-14-03-00-20
1.0,113.33816055970055,23.175914309895425,2018-10-14-03-00-20
1.0,113.33841007629836,23.175913856600786,2018-10-14-03-00-20
1.0,113.33865959382048,23.17591340408077,2018-10-14-03-00-20
1.0,113.33940815206375,23.175912051289224,2018-10-14-03-00-20
1.0,113.339907195754,23.17591115352251,2018-10-14-03-00-20
1.0,113.34165388093693,23.17590803864669,2018-10-14-03-00-20
1.0,113.34514741643345,23.17590194975755,2018-10-14-03-00-20
1.0,113.34539696381242,23.17590152267354,2018-10-14-03-00-20
1.0,113.33766151215879,23.17616512436829,2018-10-14-03-00-20
1.0,113.33965765633964,23.176161507596206,2018-10-14-03-00-20
1.0,113.33990717867866,23.176161059130262,2018-10-14-03-00-20
1.0,113.34015670202038,23.176160611511257,2018-10-14-03-00-20
1.0,113.33716246816053,23.176415941834343,2018-10-14-03-00-20
1.0,113.33816052556307,23.176414121151385,2018-10-14-03-00-20
1.0,113.33965763926508,23.176411413243862,2018-10-14-03-00-20
1.0,113.34015668494393,23.176410517158832,2018-10-14-03-00-20
1.0,113.34040620930041,23.176410070398724,2018-10-14-03-00-20
1.0,113.34090526111252,23.176409179503278,2018-10-14-03-00-20
1.0,113.34115478859407,23.17640873539188,2018-10-14-03-00-20
1.0,113.34140431714323,23.1764082921873,2018-10-14-03-00-20
1.0,113.34464829129362,23.176402618454734,2018-10-14-03-00-20
1.0,113.34489783613884,23.17640218919092,2018-10-14-03-00-20
1.0,113.3458960282426,23.17640048309253,2018-10-14-03-00-20
1.0,113.34664468603238,23.176399215349086,2018-10-14-03-00-20
1.0,113.3473933559515,23.176397958093144,2018-10-14-03-00-20
1.0,113.34764291534485,23.176397541392127,2018-10-14-03-00-20
1.0,113.33641391710822,23.176667220574245,2018-10-14-03-00-20
1.0,113.33741196412417,23.176665391250182,2018-10-14-03-00-20
1.0,113.33791099281038,23.17666448089649,2018-10-14-03-00-20
1.0,113.33816050849407,23.176664026839205,2018-10-14-03-00-20
1.0,113.33865954260824,23.176663121024298,2018-10-14-03-00-20
1.0,113.33890906106494,23.17666266929086,2018-10-14-03-00-20
1.0,113.33915858047213,23.1766622183562,2018-10-14-03-00-20
1.0,113.34090524403308,23.176659085190636,2018-10-14-03-00-20
1.0,113.34115477151369,23.176658641079197,2018-10-14-03-00-20
1.0,113.33641390004581,23.17691712630232,2018-10-14-03-00-20
1.0,113.3389090439929,23.176912575018516,2018-10-14-03-00-20
1.0,113.33990712745164,23.176910776192894,2018-10-14-03-00-20
1.0,113.34015665079052,23.17691032857376,2018-10-14-03-00-20
1.0,113.34764288113664,23.176897352804495,2018-10-14-03-00-20
1.0,113.3379109586738,23.177164292392163,2018-10-14-03-00-20
1.0,113.33865950846591,23.177162932519717,2018-10-14-03-00-20
1.0,113.33915854632599,23.177162029851452,2018-10-14-03-00-20
1.0,113.33940806669489,23.177161579727542,2018-10-14-03-00-20
1.0,113.33965758804041,23.177161130426516,2018-10-14-03-00-20
1.0,113.34115473735241,23.17715845257377,2018-10-14-03-00-20
1.0,113.33691288773169,23.177416021812594,2018-10-14-03-00-20
1.0,113.33791094160527,23.177414198200083,2018-10-14-03-00-20
1.0,113.33816045728607,23.177413744142672,2018-10-14-03-00-20
1.0,113.33840997387811,23.177413290847785,2018-10-14-03-00-20
1.0,113.3386594913945,23.177412838327513,2018-10-14-03-00-20
1.0,113.3394080496206,23.17741148553521,2018-10-14-03-00-20
1.0,113.34140424881694,23.177407915176392,2018-10-14-03-00-20
1.0,113.34165377844289,23.17740747289039,2018-10-14-03-00-20
1.0,113.34564640989431,23.177400530936488,2018-10-14-03-00-20
1.0,113.34739328753791,23.177397581078132,2018-10-14-03-00-20
1.0,113.33766140975483,23.177664558855994,2018-10-14-03-00-20
1.0,113.3381604402164,23.177663649990674,2018-10-14-03-00-20
1.0,113.33890899277579,23.177662292441823,2018-10-14-03-00-20
1.0,113.33915851217917,23.177661841506993,2018-10-14-03-00-20
1.0,113.33990707622311,23.177660493615694,2018-10-14-03-00-20
1.0,113.34190329207846,23.177656937382416,2018-10-14-03-00-20
1.0,113.3351662913793,23.177919051423938,2018-10-14-03-00-20
1.0,113.33666334228202,23.177916291237434,2018-10-14-03-00-20
1.0,113.33791090746769,23.177914009936355,2018-10-14-03-00-20
1.0,113.33816042314658,23.177913555878856,2018-10-14-03-00-20
1.0,113.33865945725117,23.17791265006353,2018-10-14-03-00-20
1.0,113.33890897570308,23.17791219832988,2018-10-14-03-00-20
1.0,113.34040610683253,23.17790950512392,2018-10-14-03-00-20
1.0,113.34190327499442,23.17790684326997,2018-10-14-03-00-20
1.0,113.34664458342692,23.177898650067885,2018-10-14-03-00-20
1.0,113.33641381473127,23.17816665554408,2018-10-14-03-00-20
1.0,113.337162348701,23.17816528249141,2018-10-14-03-00-20
1.0,113.33766137561885,23.178164370672764,2018-10-14-03-00-20
1.0,113.33990704206992,23.178160305431707,2018-10-14-03-00-20
1.0,113.34040608975396,23.178159411051958,2018-10-14-03-00-20
1.0,113.3421527897332,23.17815630878485,2018-10-14-03-00-20
1.0,113.34464817163696,23.17815195910291,2018-10-14-03-00-20
1.0,113.33591477914085,23.178417480289472,2018-10-14-03-00-20
1.0,113.33666330815342,23.17841610313506,2018-10-14-03-00-20
1.0,113.3381603890064,23.178413367775978,2018-10-14-03-00-20
1.0,113.33915846095769,23.178411559291792,2018-10-14-03-00-20
1.0,113.3421527726479,23.178406214752876,2018-10-14-03-00-20
1.0,113.34240230558919,23.178405775294376,2018-10-14-03-00-20
1.0,113.34539679284805,23.178400580541787,2018-10-14-03-00-20
1.0,113.33591476207921,23.178667386298898,2018-10-14-03-00-20
1.0,113.33666329108888,23.178666009144358,2018-10-14-03-00-20
1.0,113.33691280240578,23.178665551455996,2018-10-14-03-00-20
1.0,113.33766134148219,23.17866418265068,2018-10-14-03-00-20
1.0,113.34240228850281,23.178655681302704,2018-10-14-03-00-20
1.0,113.3369127853401,23.178915457505646,2018-10-14-03-00-20
1.0,113.33716229750155,23.178915000519105,2018-10-14-03-00-20
1.0,113.33741181052166,23.178914544246577,2018-10-14-03-00-20
1.0,113.33791083919053,23.17891363389213,2018-10-14-03-00-20
1.0,113.33816035486556,23.178913179834467,2018-10-14-03-00-20
1.0,113.3386593889625,23.178912274018803,2018-10-14-03-00-20
1.0,113.33890890741058,23.178911822284984,2018-10-14-03-00-20
1.0,113.3391584268092,23.178911371349944,2018-10-14-03-00-20
1.0,113.33516620608579,23.179168581471945,2018-10-14-03-00-20
1.0,113.33591472795545,23.17916719843898,2018-10-14-03-00-20
1.0,113.33666325695928,23.179165821284187,2018-10-14-03-00-20
1.0,113.33791082212082,23.17916353998206,2018-10-14-03-00-20
1.0,113.3381603377949,23.17916308592435,2018-10-14-03-00-20
1.0,113.33965745143392,23.17916037801405,2018-10-14-03-00-20
1.0,113.33691275120823,23.179415269726345,2018-10-14-03-00-20
1.0,113.33766129027595,23.179413900920654,2018-10-14-03-00-20
1.0,113.33840983730843,23.179412538759518,2018-10-14-03-00-20
1.0,113.33915839266005,23.179411183569883,2018-10-14-03-00-20
1.0,113.33940791302038,23.179410733445597,2018-10-14-03-00-20
1.0,113.3374117593178,23.179664262638177,2018-10-14-03-00-20
1.0,113.33766127320686,23.179663807091682,2018-10-14-03-00-20
1.0,113.3379107879809,23.17966335228348,2018-10-14-03-00-20
1.0,113.33816030365305,23.17966289822569,2018-10-14-03-00-20
1.0,113.33840982023648,23.179662444930422,2018-10-14-03-00-20
1.0,113.33890885618946,23.17966154067583,2018-10-14-03-00-20
1.0,113.33915837558521,23.179661089740662,2018-10-14-03-00-20
1.0,113.3394078959446,23.179660639616333,2018-10-14-03-00-20
1.0,113.3369127170757,23.179915082109265,2018-10-14-03-00-20
1.0,113.3379107709107,23.179913258495073,2018-10-14-03-00-20
1.0,113.33816028658188,23.179912804437244,2018-10-14-03-00-20
1.0,113.33840980316434,23.179912351141933,2018-10-14-03-00-20
1.0,113.33741172518107,23.1801640751022,2018-10-14-03-00-20
1.0,113.3386593035979,23.180161804873375,2018-10-14-03-00-20
1.0,113.33890882204122,23.180161353139347,2018-10-14-03-00-20
1.0,113.34315079162936,23.180153805671715,2018-10-14-03-00-20
1.0,113.33816025243904,23.180412616982395,2018-10-14-03-00-20
1.0,113.33890880496683,23.180411259432155,2018-10-14-03-00-20
1.0,113.34389939071984,23.180402408448796,2018-10-14-03-00-20
1.0,113.33791071969905,23.180662977374052,2018-10-14-03-00-20
1.0,113.33865926945089,23.18066161749984,2018-10-14-03-00-20
1.0,113.3389087878923,23.18066116576573,2018-10-14-03-00-20
1.0,113.3356651004589,23.180917002582312,2018-10-14-03-00-20
1.0,113.33791070262818,23.180912883748622,2018-10-14-03-00-20
1.0,113.33840973487415,23.180911976395144,2018-10-14-03-00-20
1.0,113.34414889765907,23.18090178870861,2018-10-14-03-00-20
1.0,113.34514707450599,23.180900069528985,2018-10-14-03-00-20
1.0,113.34839199536634,23.170648478729042,2018-10-14-03-00-20
1.0,113.34889112696891,23.170647656413138,2018-10-14-03-00-20
1.0,113.34988940778274,23.17064602709062,2018-10-14-03-00-20
1.0,113.35188604257642,23.1706428322031,2018-10-14-03-00-20
1.0,113.3471441741506,23.170900460897602,2018-10-14-03-00-20
1.0,113.34939024730211,23.170896743951765,2018-10-14-03-00-20
1.0,113.35587960917687,23.170886622056422,2018-10-14-03-00-20
1.0,113.34464865021435,23.17115460817006,2018-10-14-03-00-20
1.0,113.34639549115765,23.171151626501977,2018-10-14-03-00-20
1.0,113.34514772411087,23.17140365558809,2018-10-14-03-00-20
1.0,113.34939021308911,23.171396553631194,2018-10-14-03-00-20
1.0,113.35013893039913,23.17139533747595,2018-10-14-03-00-20
1.0,113.3551307444634,23.171387548882034,2018-10-14-03-00-20
1.0,113.3453972544134,23.171653133403478,2018-10-14-03-00-20
1.0,113.34814236331445,23.171648511120786,2018-10-14-03-00-20
1.0,113.35188597411664,23.17164245156031,2018-10-14-03-00-20
1.0,113.35513072733767,23.17163745377895,2018-10-14-03-00-20
1.0,113.34489814380603,23.171903893603318,2018-10-14-03-00-20
1.0,113.34514768992716,23.171903465424304,2018-10-14-03-00-20
1.0,113.34939017887544,23.171896363465937,2018-10-14-03-00-20
1.0,113.35038847163975,23.171894744559523,2018-10-14-03-00-20
1.0,113.34739364667928,23.172149567489388,2018-10-14-03-00-20
1.0,113.34889102433925,23.172147085685186,2018-10-14-03-00-20
1.0,113.34689449780825,23.172650214547296,2018-10-14-03-00-20
1.0,113.34714405445706,23.172649795458796,2018-10-14-03-00-20
1.0,113.34589626759441,23.172901807647627,2018-10-14-03-00-20
1.0,113.34614581887668,23.172901383921047,2018-10-14-03-00-20
1.0,113.34689448070938,23.172900119640627,2018-10-14-03-00-20
1.0,113.34714403735731,23.17289970055208,2018-10-14-03-00-20
1.0,113.35038840319675,23.172894364696013,2018-10-14-03-00-20
1.0,113.35088755871836,23.172893563212497,2018-10-14-03-00-20
1.0,113.34514760446498,23.173152990697208,2018-10-14-03-00-20
1.0,113.34564670052767,23.173152137637487,2018-10-14-03-00-20
1.0,113.3466449083235,23.173150445038512,2018-10-14-03-00-20
1.0,113.34689446361035,23.173150024773104,2018-10-14-03-00-20
1.0,113.34889095591613,23.173146705979015,2018-10-14-03-00-20
1.0,113.34914052389148,23.17314629671731,2018-10-14-03-00-20
1.0,113.34963966426898,23.173145482043893,2018-10-14-03-00-20
1.0,113.35113712169445,23.17314306963413,2018-10-14-03-00-20
1.0,113.34514758737204,23.173402895869202,2018-10-14-03-00-20
1.0,113.34539713476003,23.173402468785625,2018-10-14-03-00-20
1.0,113.34614578468378,23.17340119422548,2018-10-14-03-00-20
1.0,113.34864137229471,23.173397021680344,2018-10-14-03-00-20
1.0,113.34988921958596,23.17339498182593,2018-10-14-03-00-20
1.0,113.34489802416412,23.173653229259774,2018-10-14-03-00-20
1.0,113.34589621630751,23.173651523163272,2018-10-14-03-00-20
1.0,113.34614576758709,23.173651099436565,2018-10-14-03-00-20
1.0,113.34689442941179,23.173649835155757,2018-10-14-03-00-20
1.0,113.347393544075,23.173648998166733,2018-10-14-03-00-20
1.0,113.35063792884868,23.17364367879393,2018-10-14-03-00-20
1.0,113.35213542362338,23.173641298978026,2018-10-14-03-00-20
1.0,113.34464846221746,23.173903563773777,2018-10-14-03-00-20
1.0,113.34539710057184,23.17390227924737,2018-10-14-03-00-20
1.0,113.34589619921154,23.173901428413718,2018-10-14-03-00-20
1.0,113.34639530309154,23.17390058210239,2018-10-14-03-00-20
1.0,113.34714396895664,23.173899321317307,2018-10-14-03-00-20
1.0,113.35063791173617,23.17389358404355,2018-10-14-03-00-20
1.0,113.34489798997922,23.17415303980038,2018-10-14-03-00-20
1.0,113.34539708347751,23.174152184537274,2018-10-14-03-00-20
1.0,113.34639528599362,23.174150487392126,2018-10-14-03-00-20
1.0,113.35138663489232,23.174142293212697,2018-10-14-03-00-20
1.0,113.34464842803403,23.17440337439327,2018-10-14-03-00-20
1.0,113.34489797288651,23.174402945129795,2018-10-14-03-00-20
1.0,113.34564661505229,23.1744016638902,2018-10-14-03-00-20
1.0,113.346145716296,23.174400815305944,2018-10-14-03-00-20
1.0,113.34639526889552,23.17440039272128,2018-10-14-03-00-20
1.0,113.3468943781127,23.174399551024745,2018-10-14-03-00-20
1.0,113.34714393475531,23.174399131935942,2018-10-14-03-00-20
1.0,113.3473934927706,23.174398714035462,2018-10-14-03-00-20
1.0,113.34589614792262,23.1746511444015,2018-10-14-03-00-20
1.0,113.34614569919862,23.17465072067462,2018-10-14-03-00-20
1.0,113.34639525179726,23.174650298089915,2018-10-14-03-00-20
1.0,113.34714391765439,23.174649037304444,2018-10-14-03-00-20
1.0,113.34789259586536,23.174647787213765,2018-10-14-03-00-20
1.0,113.34464839384994,23.174903185170677,2018-10-14-03-00-20
1.0,113.3448979387006,23.174902755907116,2018-10-14-03-00-20
1.0,113.34539703219347,23.174901900643754,2018-10-14-03-00-20
1.0,113.34564658086097,23.174901474667266,2018-10-14-03-00-20
1.0,113.34689434391245,23.17489936180138,2018-10-14-03-00-20
1.0,113.34839170459612,23.174896865322243,2018-10-14-03-00-20
1.0,113.34464837675763,23.175153090618736,2018-10-14-03-00-20
1.0,113.34539701509846,23.175151806091684,2018-10-14-03-00-20
1.0,113.34564656376506,23.175151380115157,2018-10-14-03-00-20
1.0,113.34589611372917,23.175150955257603,2018-10-14-03-00-20
1.0,113.34639521760025,23.17515010894585,2018-10-14-03-00-20
1.0,113.34689432681208,23.17514926724905,2018-10-14-03-00-20
1.0,113.34839168749049,23.175146770769658,2018-10-14-03-00-20
1.0,113.34464835966517,23.175402996106435,2018-10-14-03-00-20
1.0,113.34489790451403,23.17540256684279,2018-10-14-03-00-20
1.0,113.34539699800328,23.175401711579255,2018-10-14-03-00-20
1.0,113.34764298375926,23.175397919045892,2018-10-14-03-00-20
1.0,113.34789254455369,23.175397503556315,2018-10-14-03-00-20
1.0,113.34489788742049,23.175652472370146,2018-10-14-03-00-20
1.0,113.34589607953504,23.17565076627227,2018-10-14-03-00-20
1.0,113.34514741643345,23.17590194975755,2018-10-14-03-00-20
1.0,113.34539696381242,23.17590152267354,2018-10-14-03-00-20
1.0,113.34464829129362,23.176402618454734,2018-10-14-03-00-20
1.0,113.34489783613884,23.17640218919092,2018-10-14-03-00-20
1.0,113.3458960282426,23.17640048309253,2018-10-14-03-00-20
1.0,113.34664468603238,23.176399215349086,2018-10-14-03-00-20
1.0,113.3473933559515,23.176397958093144,2018-10-14-03-00-20
1.0,113.34764291534485,23.176397541392127,2018-10-14-03-00-20
1.0,113.34764288113664,23.176897352804495,2018-10-14-03-00-20
1.0,113.34564640989431,23.177400530936488,2018-10-14-03-00-20
1.0,113.34739328753791,23.177397581078132,2018-10-14-03-00-20
1.0,113.34963937339688,23.177393875331134,2018-10-14-03-00-20
1.0,113.34664458342692,23.177898650067885,2018-10-14-03-00-20
1.0,113.34464817163696,23.17815195910291,2018-10-14-03-00-20
1.0,113.34539679284805,23.178400580541787,2018-10-14-03-00-20
