count,wgs_lng,wgs_lat,time
1.0,113.32543830571424,23.143950560364775,2018-09-25-06-00-23
1.0,113.32693523273586,23.143947703459368,2018-09-25-06-00-23
1.0,113.32743421076417,23.14394675270455,2018-09-25-06-00-23
1.0,113.32818268038238,23.143945328362673,2018-09-25-06-00-23
1.0,113.33142609280364,23.14393918875439,2018-09-25-06-00-23
1.0,113.33192508689157,23.143938250004137,2018-09-25-06-00-23
1.0,113.33367158516458,23.14393497941644,2018-09-25-06-00-23
1.0,113.33417059052954,23.143934049665283,2018-09-25-06-00-23
1.0,113.33666566145891,23.143929436918803,2018-09-25-06-00-23
1.0,113.33067758876898,23.14419050105102,2018-09-25-06-00-23
1.0,113.3354180993825,23.144181636392755,2018-09-25-06-00-23
1.0,113.32468981152583,23.144451792771385,2018-09-25-06-00-23
1.0,113.32918061122021,23.1444432350553,2018-09-25-06-00-23
1.0,113.33566757272877,23.14468097740082,2018-09-25-06-00-23
1.0,113.33591708092811,23.144680517032466,2018-09-25-06-00-23
1.0,113.3366656103339,23.14467913989501,2018-09-25-06-00-23
1.0,113.32593721232192,23.14494921142952,2018-09-25-06-00-23
1.0,113.33491903571822,23.144932263360694,2018-09-25-06-00-23
1.0,113.33092701583216,23.145189634363113,2018-09-25-06-00-23
1.0,113.33192500177559,23.145187755132806,2018-09-25-06-00-23
1.0,113.3344200090896,23.14518309076144,2018-09-25-06-00-23
1.0,113.33516852458216,23.145181702197124,2018-09-25-06-00-23
1.0,113.33591704684976,23.145180319181218,2018-09-25-06-00-23
1.0,113.33042800905467,23.145440477597823,2018-09-25-06-00-23
1.0,113.33267348024812,23.14543625158865,2018-09-25-06-00-23
14.0,113.32468972655386,23.145701298235267,2018-09-25-06-00-23
1.0,113.3254381867334,23.145699867783097,2018-09-25-06-00-23
1.0,113.32593716132305,23.145698914806136,2018-09-25-06-00-23
1.0,113.3281825613238,23.14569463577781,2018-09-25-06-00-23
1.0,113.32943001841426,23.14569226747181,2018-09-25-06-00-23
1.0,113.33092698179256,23.145689436645554,2018-09-25-06-00-23
1.0,113.3259371443231,23.145948815997837,2018-09-25-06-00-23
1.0,113.3261866319981,23.14594833974374,2018-09-25-06-00-23
1.0,113.32668560817741,23.145947387766203,2018-09-25-06-00-23
1.0,113.32893101732134,23.145943115071454,2018-09-25-06-00-23
1.0,113.33042797501874,23.145940279946615,2018-09-25-06-00-23
1.0,113.3309269647725,23.145939337836428,2018-09-25-06-00-23
1.0,113.3344199579884,23.145932794233005,2018-09-25-06-00-23
1.0,113.32793303708057,23.146194912719444,2018-09-25-06-00-23
1.0,113.32693506270006,23.14644671455014,2018-09-25-06-00-23
1.0,113.32868149189507,23.146443391227127,2018-09-25-06-00-23
1.0,113.33417042020452,23.14643306074402,2018-09-25-06-00-23
1.0,113.32568760590887,23.146698996186842,2018-09-25-06-00-23
1.0,113.33167540231462,23.146687631530323,2018-09-25-06-00-23
1.0,113.33217439752703,23.14668669368061,2018-09-25-06-00-23
1.0,113.33242389601638,23.146686225453404,2018-09-25-06-00-23
1.0,113.33292289482803,23.146685290455842,2018-09-25-06-00-23
1.0,113.32593707632162,23.14694842109696,2018-09-25-06-00-23
1.0,113.32918044109051,23.146942246803594,2018-09-25-06-00-23
1.0,113.33217438050134,23.146936595004316,2018-09-25-06-00-23
1.0,113.33367138079615,23.146933793109575,2018-09-25-06-00-23
1.0,113.33516840532313,23.146931010761293,2018-09-25-06-00-23
1.0,113.33541791196839,23.146930549122906,2018-09-25-06-00-23
1.0,113.33566741937969,23.14693008811324,2018-09-25-06-00-23
1.0,113.33591692757027,23.14692962774451,2018-09-25-06-00-23
1.0,113.33616643655334,23.146929168028915,2018-09-25-06-00-23
1.0,113.32693501168607,23.147196418523922,2018-09-25-06-00-23
1.0,113.3311763753246,23.14718837383944,2018-09-25-06-00-23
1.0,113.32493909409605,23.147450130344506,2018-09-25-06-00-23
1.0,113.33242384493583,23.14743592952465,2018-09-25-06-00-23
1.0,113.33267334402875,23.147435461778837,2018-09-25-06-00-23
1.0,113.33466936020618,23.147431738622153,2018-09-25-06-00-23
1.0,113.33167533421879,23.147687237026105,2018-09-25-06-00-23
1.0,113.3319248315311,23.14768676787264,2018-09-25-06-00-23
1.0,113.33317232705738,23.14768442920488,2018-09-25-06-00-23
1.0,113.3296793579757,23.147940906680418,2018-09-25-06-00-23
1.0,113.33117632425795,23.14793807811223,2018-09-25-06-00-23
1.0,113.3349188312829,23.14793107864373,2018-09-25-06-00-23
1.0,113.33616636838607,23.147928773655636,2018-09-25-06-00-23
1.0,113.336415878171,23.147928314605213,2018-09-25-06-00-23
1.0,113.32918035601942,23.14819175392675,2018-09-25-06-00-23
1.0,113.33017832773702,23.148189863800855,2018-09-25-06-00-23
1.0,113.33142580342606,23.14818750957331,2018-09-25-06-00-23
1.0,113.33367129563554,23.148183300228993,2018-09-25-06-00-23
1.0,113.33591684236562,23.148179134862048,2018-09-25-06-00-23
1.0,113.33691488316566,23.148177300039585,2018-09-25-06-00-23
1.0,113.32618646197929,23.148447353494287,2018-09-25-06-00-23
1.0,113.3294298312505,23.1484411824081,2018-09-25-06-00-23
1.0,113.33142578640235,23.148437411098392,2018-09-25-06-00-23
1.0,113.33167528314517,23.148436941500233,2018-09-25-06-00-23
1.0,113.3359168253242,23.14842903638638,2018-09-25-06-00-23
1.0,113.32918032198982,23.1486915570114,2018-09-25-06-00-23
1.0,113.33691484907489,23.148677103121653,2018-09-25-06-00-23
1.0,113.32967928990848,23.148940512849503,2018-09-25-06-00-23
1.0,113.33017827668034,23.148939568477996,2018-09-25-06-00-23
1.0,113.33466925798739,23.148931147668797,2018-09-25-06-00-23
1.0,113.33516826901709,23.148930222554103,2018-09-25-06-00-23
1.0,113.33566728305804,23.148929299905383,2018-09-25-06-00-23
1.0,113.32468948861023,23.149199917961464,2018-09-25-06-00-23
1.0,113.32643589890425,23.149196582192936,2018-09-25-06-00-23
1.0,113.32967927289125,23.149190414476262,2018-09-25-06-00-23
1.0,113.32992876603973,23.14918994211137,2018-09-25-06-00-23
1.0,113.33117623914355,23.149187585906827,2018-09-25-06-00-23
1.0,113.33491874609443,23.149180586435207,2018-09-25-06-00-23
1.0,113.33516825197809,23.14918012417995,2018-09-25-06-00-23
1.0,113.32493895811484,23.14944934268986,2018-09-25-06-00-23
1.0,113.33217421023527,23.149435610087725,2018-09-25-06-00-23
1.0,113.33591675715681,23.14942864282166,2018-09-25-06-00-23
1.0,113.3251884278223,23.14969876756311,2018-09-25-06-00-23
1.0,113.32543791474653,23.149698290864265,2018-09-25-06-00-23
1.0,113.32568740190258,23.149697814301103,2018-09-25-06-00-23
1.0,113.33092670945172,23.14968785971215,2018-09-25-06-00-23
1.0,113.32493892411787,23.14994914611472,2018-09-25-06-00-23
1.0,113.326685336107,23.149945811381638,2018-09-25-06-00-23
1.0,113.32893074510591,23.149941538680928,2018-09-25-06-00-23
1.0,113.33167518099344,23.149936351360974,2018-09-25-06-00-23
1.0,113.33192467829682,23.149935882207135,2018-09-25-06-00-23
1.0,113.32768327508373,23.15019381165582,2018-09-25-06-00-23
1.0,113.33192466126995,23.15018578396949,2018-09-25-06-00-23
1.0,113.33292265641161,23.150183912045982,2018-09-25-06-00-23
1.0,113.33441966838657,23.15018111958979,2018-09-25-06-00-23
1.0,113.3376632862049,23.15017514438979,2018-09-25-06-00-23
1.0,113.32518837682305,23.15044847285359,2018-09-25-06-00-23
1.0,113.33092665838306,23.150437564999773,2018-09-25-06-00-23
1.0,113.33167514694154,23.150436154919905,2018-09-25-06-00-23
1.0,113.33217414212417,23.150435217068946,2018-09-25-06-00-23
1.0,113.33242364059866,23.150434748841114,2018-09-25-06-00-23
1.0,113.33367114233596,23.15043241517071,2018-09-25-06-00-23
1.0,113.33417014764979,23.150431485417386,2018-09-25-06-00-23
1.0,113.33441965134966,23.150431021385863,2018-09-25-06-00-23
1.0,113.3369147297519,23.15042641497641,2018-09-25-06-00-23
1.0,113.32643579687591,23.150695992670762,2018-09-25-06-00-23
1.0,113.33117613700075,23.150686996379935,2018-09-25-06-00-23
1.0,113.3334216236623,23.1506827826984,2018-09-25-06-00-23
1.0,113.3341701306137,23.15068138724769,2018-09-25-06-00-23
1.0,113.3344196343126,23.15068092321613,2018-09-25-06-00-23
1.0,113.33466913872454,23.150680459764338,2018-09-25-06-00-23
1.0,113.33566716376785,23.15067861199975,2018-09-25-06-00-23
1.0,113.33417011357744,23.15093128911224,2018-09-25-06-00-23
1.0,113.33491862682357,23.15092989876899,2018-09-25-06-00-23
1.0,113.33541763933002,23.150928974874386,2018-09-25-06-00-23
1.0,113.33142559913054,23.151186330113475,2018-09-25-06-00-23
1.0,113.33466910464794,23.15118026352757,2018-09-25-06-00-23
1.0,113.33516811566004,23.151179338412124,2018-09-25-06-00-23
1.0,113.3354176222887,23.151178876773027,2018-09-25-06-00-23
1.0,113.33666516718758,23.151176578252485,2018-09-25-06-00-23
1.0,113.32893064301413,23.151440949771175,2018-09-25-06-00-23
1.0,113.33042760057933,23.151438114640868,2018-09-25-06-00-23
1.0,113.33466908760938,23.151430165460695,2018-09-25-06-00-23
1.0,113.33516809861953,23.15142924034517,2018-09-25-06-00-23
1.0,113.33641563955096,23.151426938558767,2018-09-25-06-00-23
1.0,113.33566707855556,23.151928121664824,2018-09-25-06-00-23
1.0,113.33017803839606,23.15243819435758,2018-09-25-06-00-23
1.0,113.32768310497607,23.152692831173024,2018-09-25-06-00-23
1.0,113.33017802137451,23.152688096464086,2018-09-25-06-00-23
1.0,113.33217398886445,23.152684334782233,2018-09-25-06-00-23
1.0,113.33491850754453,23.152679212783546,2018-09-25-06-00-23
1.0,113.33566702742618,23.15267782787773,2018-09-25-06-00-23
1.0,113.33666506490702,23.15267599036656,2018-09-25-06-00-23
1.0,113.32468923363447,23.15294844647573,2018-09-25-06-00-23
1.0,113.3276830879644,23.15294273331464,2018-09-25-06-00-23
1.0,113.33217397183476,23.152934236923098,2018-09-25-06-00-23
1.0,113.32942950792017,23.153189317865547,2018-09-25-06-00-23
1.0,113.33042748142262,23.15318742914442,2018-09-25-06-00-23
1.0,113.32518817281114,23.1534472971077,2018-09-25-06-00-23
1.0,113.329678983573,23.15343874736498,2018-09-25-06-00-23
1.0,113.33042746439956,23.153437331355132,2018-09-25-06-00-23
1.0,113.33067695898997,23.153436860101177,2018-09-25-06-00-23
1.0,113.32668508100231,23.15369434143955,2018-09-25-06-00-23
1.0,113.32992845968323,23.15368817724504,2018-09-25-06-00-23
1.0,113.33167492558788,23.15368488140646,2018-09-25-06-00-23
1.0,113.33192442287634,23.153684412251994,2018-09-25-06-00-23
1.0,113.32818199993777,23.153941392915655,2018-09-25-06-00-23
1.0,113.33666566145891,23.143929436918803,2018-09-25-06-00-23
1.0,113.34165606604188,23.143920430421417,2018-09-25-06-00-23
1.0,113.3354180993825,23.144181636392755,2018-09-25-06-00-23
1.0,113.34190557982471,23.144169890030145,2018-09-25-06-00-23
1.0,113.340408393848,23.1444224528412,2018-09-25-06-00-23
1.0,113.33566757272877,23.14468097740082,2018-09-25-06-00-23
1.0,113.33591708092811,23.144680517032466,2018-09-25-06-00-23
1.0,113.3366656103339,23.14467913989501,2018-09-25-06-00-23
1.0,113.33891124490566,23.144675047037744,2018-09-25-06-00-23
1.0,113.34340275442794,23.144667064155904,2018-09-25-06-00-23
1.0,113.33491903571822,23.144932263360694,2018-09-25-06-00-23
1.0,113.34090741178467,23.14492136403782,2018-09-25-06-00-23
1.0,113.34365227621336,23.144916530709665,2018-09-25-06-00-23
1.0,113.34539908237934,23.144913518558223,2018-09-25-06-00-23
1.0,113.3344200090896,23.14518309076144,2018-09-25-06-00-23
1.0,113.33516852458216,23.145181702197124,2018-09-25-06-00-23
1.0,113.33591704684976,23.145180319181218,2018-09-25-06-00-23
1.0,113.34015880114883,23.145422503890668,2018-09-25-06-00-23
1.0,113.34065785112432,23.14542161125187,2018-09-25-06-00-23
1.0,113.34514950074045,23.14541374784849,2018-09-25-06-00-23
1.0,113.34115688820593,23.145670623300735,2018-09-25-06-00-23
1.0,113.3344199579884,23.145932794233005,2018-09-25-06-00-23
1.0,113.34115687114611,23.145920524489892,2018-09-25-06-00-23
1.0,113.33516840532313,23.146931010761293,2018-09-25-06-00-23
1.0,113.33541791196839,23.146930549122906,2018-09-25-06-00-23
1.0,113.33566741937969,23.14693008811324,2018-09-25-06-00-23
1.0,113.33591692757027,23.14692962774451,2018-09-25-06-00-23
1.0,113.33616643655334,23.146929168028915,2018-09-25-06-00-23
1.0,113.3391605939113,23.14717360817154,2018-09-25-06-00-23
1.0,113.33990915830269,23.14717226029568,2018-09-25-06-00-23
1.0,113.33466936020618,23.147431738622153,2018-09-25-06-00-23
1.0,113.33866153877096,23.147424412219173,2018-09-25-06-00-23
1.0,113.33941009734012,23.147423059442037,2018-09-25-06-00-23
1.0,113.3436521055201,23.147415543097132,2018-09-25-06-00-23
1.0,113.34165581011659,23.14766894826538,2018-09-25-06-00-23
1.0,113.3349188312829,23.14793107864373,2018-09-25-06-00-23
1.0,113.33616636838607,23.147928773655636,2018-09-25-06-00-23
1.0,113.336415878171,23.147928314605213,2018-09-25-06-00-23
1.0,113.33591684236562,23.148179134862048,2018-09-25-06-00-23
1.0,113.33691488316566,23.148177300039585,2018-09-25-06-00-23
1.0,113.3389110061814,23.148173664860273,2018-09-25-06-00-23
1.0,113.3359168253242,23.14842903638638,2018-09-25-06-00-23
1.0,113.33691484907489,23.148677103121653,2018-09-25-06-00-23
1.0,113.33466925798739,23.148931147668797,2018-09-25-06-00-23
1.0,113.33516826901709,23.148930222554103,2018-09-25-06-00-23
1.0,113.33566728305804,23.148929299905383,2018-09-25-06-00-23
1.0,113.33491874609443,23.149180586435207,2018-09-25-06-00-23
1.0,113.33516825197809,23.14918012417995,2018-09-25-06-00-23
1.0,113.33591675715681,23.14942864282166,2018-09-25-06-00-23
1.0,113.33916044042587,23.149422721887298,2018-09-25-06-00-23
1.0,113.34290335598075,23.149416061957375,2018-09-25-06-00-23
1.0,113.3409070876469,23.149669490446716,2018-09-25-06-00-23
50.0,113.34589785674096,23.149660794127225,2018-09-25-06-00-23
1.0,113.34340239597553,23.14991499333971,2018-09-25-06-00-23
1.0,113.34390147484056,23.149914125357654,2018-09-25-06-00-23
1.0,113.33441966838657,23.15018111958979,2018-09-25-06-00-23
1.0,113.3376632862049,23.15017514438979,2018-09-25-06-00-23
1.0,113.34290330477376,23.150165767136723,2018-09-25-06-00-23
1.0,113.34440054146542,23.150163163284486,2018-09-25-06-00-23
1.0,113.33441965134966,23.150431021385863,2018-09-25-06-00-23
1.0,113.3369147297519,23.15042641497641,2018-09-25-06-00-23
1.0,113.34240421820562,23.15041654492804,2018-09-25-06-00-23
1.0,113.3344196343126,23.15068092321613,2018-09-25-06-00-23
1.0,113.33466913872454,23.150680459764338,2018-09-25-06-00-23
1.0,113.33566716376785,23.15067861199975,2018-09-25-06-00-23
1.0,113.34165560534929,23.150667767969768,2018-09-25-06-00-23
1.0,113.33491862682357,23.15092989876899,2018-09-25-06-00-23
1.0,113.33541763933002,23.150928974874386,2018-09-25-06-00-23
1.0,113.34689598476807,23.150908615106296,2018-09-25-06-00-23
1.0,113.33466910464794,23.15118026352757,2018-09-25-06-00-23
1.0,113.33516811566004,23.151179338412124,2018-09-25-06-00-23
1.0,113.3354176222887,23.151178876773027,2018-09-25-06-00-23
1.0,113.33666516718758,23.151176578252485,2018-09-25-06-00-23
1.0,113.3461473056191,23.151159781272174,2018-09-25-06-00-23
1.0,113.33466908760938,23.151430165460695,2018-09-25-06-00-23
1.0,113.33516809861953,23.15142924034517,2018-09-25-06-00-23
1.0,113.33641563955096,23.151426938558767,2018-09-25-06-00-23
1.0,113.34739506541963,23.1514075819527,2018-09-25-06-00-23
1.0,113.33566707855556,23.151928121664824,2018-09-25-06-00-23
1.0,113.34340222525799,23.152414012486663,2018-09-25-06-00-23
1.0,113.33491850754453,23.152679212783546,2018-09-25-06-00-23
1.0,113.33566702742618,23.15267782787773,2018-09-25-06-00-23
1.0,113.33666506490702,23.15267599036656,2018-09-25-06-00-23
1.0,113.33940967093034,23.15367060521413,2018-09-25-06-00-23
1.0,113.35413422796589,23.143649845243587,2018-09-25-06-00-23
1.0,113.35488303766687,23.14364870965074,2018-09-25-06-00-23
1.0,113.35313582182704,23.14390128125049,2018-09-25-06-00-23
1.0,113.35687992408045,23.1438956505554,2018-09-25-06-00-23
1.0,113.35138868752007,23.144153924288275,2018-09-25-06-00-23
1.0,113.35338539945892,23.144150796222835,2018-09-25-06-00-23
1.0,113.35663028771715,23.14414591596247,2018-09-25-06-00-23
1.0,113.35088950848527,23.144404621318746,2018-09-25-06-00-23
1.0,113.35588140665665,23.144646820927253,2018-09-25-06-00-23
1.0,113.34539908237934,23.144913518558223,2018-09-25-06-00-23
1.0,113.34814419232323,23.14490889632627,2018-09-25-06-00-23
1.0,113.35588138954652,23.14489672198171,2018-09-25-06-00-23
1.0,113.35638061895813,23.144895985085352,2018-09-25-06-00-23
1.0,113.35488293502647,23.145148115683142,2018-09-25-06-00-23
1.0,113.34514950074045,23.14541374784849,2018-09-25-06-00-23
1.0,113.35388450844405,23.14539953394457,2018-09-25-06-00-23
1.0,113.3566302021549,23.145395421234362,2018-09-25-06-00-23
1.0,113.35363487614518,23.145899719322415,2018-09-25-06-00-23
1.0,113.35588125265946,23.146895931608277,2018-09-25-06-00-23
1.0,113.35388438871047,23.147148842718845,2018-09-25-06-00-23
1.0,113.35663004813229,23.147644532811434,2018-09-25-06-00-23
1.0,113.35513231931284,23.14839645736563,2018-09-25-06-00-23
1.0,113.35563153798577,23.148395711046817,2018-09-25-06-00-23
1.0,113.34989086134657,23.14940425637559,2018-09-25-06-00-23
50.0,113.34589785674096,23.149660794127225,2018-09-25-06-00-23
1.0,113.34989082715897,23.149904059792025,2018-09-25-06-00-23
1.0,113.34440054146542,23.150163163284486,2018-09-25-06-00-23
1.0,113.34689598476807,23.150908615106296,2018-09-25-06-00-23
1.0,113.3461473056191,23.151159781272174,2018-09-25-06-00-23
1.0,113.35538173953373,23.15114500239898,2018-09-25-06-00-23
1.0,113.34739506541963,23.1514075819527,2018-09-25-06-00-23
1.0,113.34864287692253,23.151405510696232,2018-09-25-06-00-23
1.0,113.35263610718563,23.15164900272833,2018-09-25-06-00-23
1.0,113.34764459072615,23.15190696922114,2018-09-25-06-00-23
1.0,113.3526360900812,23.15189890472726,2018-09-25-06-00-23
1.0,113.3486428085585,23.15240511876392,2018-09-25-06-00-23
1.0,113.34939151271162,23.152403891000954,2018-09-25-06-00-23
1.0,113.34989063911524,23.152652981030933,2018-09-25-06-00-23
1.0,113.3276830879644,23.15294273331464,2018-09-25-06-00-23
1.0,113.33217397183476,23.152934236923098,2018-09-25-06-00-23
1.0,113.32942950792017,23.153189317865547,2018-09-25-06-00-23
1.0,113.33042748142262,23.15318742914442,2018-09-25-06-00-23
1.0,113.32518817281114,23.1534472971077,2018-09-25-06-00-23
1.0,113.329678983573,23.15343874736498,2018-09-25-06-00-23
1.0,113.33042746439956,23.153437331355132,2018-09-25-06-00-23
1.0,113.33067695898997,23.153436860101177,2018-09-25-06-00-23
1.0,113.32668508100231,23.15369434143955,2018-09-25-06-00-23
1.0,113.32992845968323,23.15368817724504,2018-09-25-06-00-23
1.0,113.33167492558788,23.15368488140646,2018-09-25-06-00-23
1.0,113.33192442287634,23.153684412251994,2018-09-25-06-00-23
1.0,113.32818199993777,23.153941392915655,2018-09-25-06-00-23
1.0,113.32917994762025,23.154189399963514,2018-09-25-06-00-23
1.0,113.32967893251184,23.15418845420688,2018-09-25-06-00-23
1.0,113.3334213851809,23.154181411945697,2018-09-25-06-00-23
1.0,113.337413499405,23.154174032794593,2018-09-25-06-00-23
1.0,113.33192437178775,23.154434119197695,2018-09-25-06-00-23
1.0,113.33691445698292,23.15442484839477,2018-09-25-06-00-23
1.0,113.3361659081872,23.15467612588919,2018-09-25-06-00-23
1.0,113.33267283311108,23.15493251933007,2018-09-25-06-00-23
1.0,113.33516786003491,23.154927871046684,2018-09-25-06-00-23
1.0,113.33566687402904,23.154926948395957,2018-09-25-06-00-23
1.0,113.33167482341516,23.155184295613875,2018-09-25-06-00-23
1.0,113.3341698239356,23.155179626103447,2018-09-25-06-00-23
1.0,113.32942935474271,23.155438439023158,2018-09-25-06-00-23
1.0,113.33491832008951,23.155428138248485,2018-09-25-06-00-23
1.0,113.336914388784,23.155424458143816,2018-09-25-06-00-23
1.0,113.33017780007913,23.155936827026125,2018-09-25-06-00-23
1.0,113.32693439940145,23.156192890130765,2018-09-25-06-00-23
1.0,113.32718388820336,23.156192414640216,2018-09-25-06-00-23
1.0,113.32518796877528,23.156446126381848,2018-09-25-06-00-23
1.0,113.32543745567217,23.15644564968189,2018-09-25-06-00-23
1.0,113.33466874680335,23.156428211424537,2018-09-25-06-00-23
1.0,113.33516775777436,23.156427286307338,2018-09-25-06-00-23
1.0,113.32518795177121,23.156696029050988,2018-09-25-06-00-23
1.0,113.3256869257948,23.156695075786665,2018-09-25-06-00-23
1.0,113.33541723029238,23.156926630037816,2018-09-25-06-00-23
1.0,113.32868076024832,23.157189177541966,2018-09-25-06-00-23
1.0,113.32718380314172,23.157441928162456,2018-09-25-06-00-23
1.0,113.32793227153954,23.157440503073005,2018-09-25-06-00-23
1.0,113.32793225452369,23.157690405884363,2018-09-25-06-00-23
1.0,113.32818174470238,23.15768993135666,2018-09-25-06-00-23
1.0,113.3311756602551,23.15768426175067,2018-09-25-06-00-23
1.0,113.33691423532666,23.157673582150128,2018-09-25-06-00-23
1.0,113.32843121824222,23.157939359947736,2018-09-25-06-00-23
1.0,113.32518784974329,23.158195445815064,2018-09-25-06-00-23
1.0,113.3254373366331,23.158194969114817,2018-09-25-06-00-23
1.0,113.32593631112155,23.158194016133724,2018-09-25-06-00-23
1.0,113.32843120122402,23.15818926283069,2018-09-25-06-00-23
1.0,113.33117562619682,23.1581840674798,2018-09-25-06-00-23
1.0,113.3316746190517,23.158183127847998,2018-09-25-06-00-23
1.0,113.32568680674747,23.158444395469573,2018-09-25-06-00-23
1.0,113.33466861046224,23.158427433764547,2018-09-25-06-00-23
1.0,113.32868065813359,23.158688594732276,2018-09-25-06-00-23
1.0,113.32493831205873,23.158945631504974,2018-09-25-06-00-23
1.0,113.33242306151296,23.15893143062795,2018-09-25-06-00-23
1.0,113.3339200653625,23.15892863179476,2018-09-25-06-00-23
1.0,113.33416956832923,23.158928167194304,2018-09-25-06-00-23
1.0,113.335666584242,23.159175294963852,2018-09-25-06-00-23
1.0,113.32843108209197,23.15993858402021,2018-09-25-06-00-23
1.0,113.32967854099316,23.15993621724627,2018-09-25-06-00-23
1.0,113.33267249241594,23.159930575202324,2018-09-25-06-00-23
1.0,113.3339199971984,23.15992824411603,2018-09-25-06-00-23
1.0,113.33541702573751,23.159925465270042,2018-09-25-06-00-23
1.0,113.32543720057846,23.160194193480173,2018-09-25-06-00-23
1.0,113.33466849115503,23.160176755199796,2018-09-25-06-00-23
1.0,113.32818155750594,23.160438864656772,2018-09-25-06-00-23
1.0,113.32868053899217,23.160437916427885,2018-09-25-06-00-23
1.0,113.32868052197131,23.160687819672486,2018-09-25-06-00-23
1.0,113.33441895269303,23.160677025104047,2018-09-25-06-00-23
1.0,113.32967847289395,23.160935830151296,2018-09-25-06-00-23
1.0,113.32693405915012,23.161190949611278,2018-09-25-06-00-23
1.0,113.3261855776133,23.161442280649695,2018-09-25-06-00-23
1.0,113.32917943698637,23.161686485972545,2018-09-25-06-00-23
1.0,113.32942892917899,23.16168601292624,2018-09-25-06-00-23
1.0,113.32493810799112,23.16194447023302,2018-09-25-06-00-23
1.0,113.32618554359024,23.16194208746888,2018-09-25-06-00-23
1.0,113.33541688935425,23.161924691656903,2018-09-25-06-00-23
1.0,113.32643501445973,23.162191514849546,2018-09-25-06-00-23
1.0,113.32493807397752,23.162444277199615,2018-09-25-06-00-23
1.0,113.32843089486798,23.162687520919803,2018-09-25-06-00-23
1.0,113.32618547554212,23.162941701548686,2018-09-25-06-00-23
1.0,113.33940967093034,23.15367060521413,2018-09-25-06-00-23
1.0,113.337413499405,23.154174032794593,2018-09-25-06-00-23
1.0,113.33691445698292,23.15442484839477,2018-09-25-06-00-23
1.0,113.3361659081872,23.15467612588919,2018-09-25-06-00-23
1.0,113.34714528519858,23.15465672810433,2018-09-25-06-00-23
1.0,113.33516786003491,23.154927871046684,2018-09-25-06-00-23
1.0,113.33566687402904,23.154926948395957,2018-09-25-06-00-23
1.0,113.34015813584531,23.1551686740386,2018-09-25-06-00-23
1.0,113.34689569431235,23.1551569520608,2018-09-25-06-00-23
1.0,113.33491832008951,23.155428138248485,2018-09-25-06-00-23
1.0,113.336914388784,23.155424458143816,2018-09-25-06-00-23
1.0,113.34440018285903,23.155411108220882,2018-09-25-06-00-23
1.0,113.34639656787313,23.15540769623917,2018-09-25-06-00-23
1.0,113.34714523393502,23.155406435463657,2018-09-25-06-00-23
1.0,113.3461469981212,23.155658021344387,2018-09-25-06-00-23
1.0,113.33791240888877,23.155922439631897,2018-09-25-06-00-23
1.0,113.34514878347336,23.15590962553527,2018-09-25-06-00-23
1.0,113.3463965337019,23.155907501322098,2018-09-25-06-00-23
1.0,113.347394757839,23.155905822649043,2018-09-25-06-00-23
1.0,113.33965902176247,23.156169180287012,2018-09-25-06-00-23
1.0,113.34015806759469,23.15616828420882,2018-09-25-06-00-23
1.0,113.33466874680335,23.156428211424537,2018-09-25-06-00-23
1.0,113.33516775777436,23.156427286307338,2018-09-25-06-00-23
1.0,113.33791237477993,23.15642224485939,2018-09-25-06-00-23
1.0,113.34689559178702,23.15665636752185,2018-09-25-06-00-23
1.0,113.33541723029238,23.156926630037816,2018-09-25-06-00-23
1.0,113.34464962405559,23.156910093564377,2018-09-25-06-00-23
1.0,113.34190467532883,23.157414689130206,2018-09-25-06-00-23
1.0,113.33691423532666,23.157673582150128,2018-09-25-06-00-23
1.0,113.33466861046224,23.158427433764547,2018-09-25-06-00-23
1.0,113.34015789695641,23.158667312125434,2018-09-25-06-00-23
1.0,113.335666584242,23.159175294963852,2018-09-25-06-00-23
1.0,113.3381616858628,23.15942062517012,2018-09-25-06-00-23
1.0,113.34315220954332,23.159411720222607,2018-09-25-06-00-23
1.0,113.33541702573751,23.159925465270042,2018-09-25-06-00-23
1.0,113.33466849115503,23.160176755199796,2018-09-25-06-00-23
1.0,113.34439979001499,23.16115887532125,2018-09-25-06-00-23
1.0,113.34340159345761,23.161660413884483,2018-09-25-06-00-23
1.0,113.33541688935425,23.161924691656903,2018-09-25-06-00-23
1.0,113.34065672495277,23.161915161167524,2018-09-25-06-00-23
1.0,113.34240341584534,23.162161968812693,2018-09-25-06-00-23
1.0,113.3426529499789,23.162161530323274,2018-09-25-06-00-23
1.0,113.3451483563885,23.16215720117506,2018-09-25-06-00-23
1.0,113.3399081175739,23.1624163083901,2018-09-25-06-00-23
1.0,113.34415016218746,23.162408823840327,2018-09-25-06-00-23
1.0,113.34365106392899,23.16265959329951,2018-09-25-06-00-23
1.0,113.34989063911524,23.152652981030933,2018-09-25-06-00-23
1.0,113.35088885880505,23.15390088377123,2018-09-25-06-00-23
1.0,113.35613038724634,23.153892813081736,2018-09-25-06-00-23
1.0,113.3476444369317,23.15415608877976,2018-09-25-06-00-23
1.0,113.34989053653739,23.154152394380414,2018-09-25-06-00-23
1.0,113.35038968605662,23.154151587560175,2018-09-25-06-00-23
1.0,113.3513880035791,23.154149990038857,2018-09-25-06-00-23
1.0,113.3476444198426,23.154405991127344,2018-09-25-06-00-23
1.0,113.34889223840341,23.154403926038807,2018-09-25-06-00-23
1.0,113.34714528519858,23.15465672810433,2018-09-25-06-00-23
1.0,113.34839308959626,23.154654650731604,2018-09-25-06-00-23
1.0,113.34939135885948,23.154653011183846,2018-09-25-06-00-23
1.0,113.34814350880612,23.15490496617847,2018-09-25-06-00-23
1.0,113.3483930725042,23.154904553149283,2018-09-25-06-00-23
1.0,113.34689569431235,23.1551569520608,2018-09-25-06-00-23
1.0,113.34440018285903,23.155411108220882,2018-09-25-06-00-23
1.0,113.34639656787313,23.15540769623917,2018-09-25-06-00-23
1.0,113.34714523393502,23.155406435463657,2018-09-25-06-00-23
1.0,113.35088875620184,23.155400298169702,2018-09-25-06-00-23
1.0,113.3461469981212,23.155658021344387,2018-09-25-06-00-23
1.0,113.35113831924849,23.155649801985618,2018-09-25-06-00-23
1.0,113.34514878347336,23.15590962553527,2018-09-25-06-00-23
1.0,113.3463965337019,23.155907501322098,2018-09-25-06-00-23
1.0,113.347394757839,23.155905822649043,2018-09-25-06-00-23
1.0,113.35088872199943,23.155900103251067,2018-09-25-06-00-23
1.0,113.35038954926317,23.156150807322504,2018-09-25-06-00-23
1.0,113.34689559178702,23.15665636752185,2018-09-25-06-00-23
1.0,113.34464962405559,23.156910093564377,2018-09-25-06-00-23
1.0,113.35063905790422,23.157150016640788,2018-09-25-06-00-23
1.0,113.34939111950696,23.158151648252073,2018-09-25-06-00-23
1.0,113.34914149871697,23.158901765085684,2018-09-25-06-00-23
1.0,113.34439979001499,23.16115887532125,2018-09-25-06-00-23
1.0,113.3451483563885,23.16215720117506,2018-09-25-06-00-23
1.0,113.3481429959924,23.16240205532653,2018-09-25-06-00-23
1.0,113.34814297889602,23.16265195886118,2018-09-25-06-00-23
1.0,113.32493810799112,23.16194447023302,2018-09-25-06-00-23
1.0,113.32618554359024,23.16194208746888,2018-09-25-06-00-23
1.0,113.33541688935425,23.161924691656903,2018-09-25-06-00-23
1.0,113.32643501445973,23.162191514849546,2018-09-25-06-00-23
1.0,113.32493807397752,23.162444277199615,2018-09-25-06-00-23
1.0,113.32843089486798,23.162687520919803,2018-09-25-06-00-23
1.0,113.32618547554212,23.162941701548686,2018-09-25-06-00-23
1.0,113.32543699647653,23.163193034400624,2018-09-25-06-00-23
1.0,113.32593595391289,23.16344198506718,2018-09-25-06-00-23
1.0,113.32618544151707,23.16344150881019,2018-09-25-06-00-23
1.0,113.32643492939327,23.163441032725963,2018-09-25-06-00-23
1.0,113.3269339060153,23.16344008112526,2018-09-25-06-00-23
1.0,113.32793186311315,23.163438180541082,2018-09-25-06-00-23
1.0,113.3251874755897,23.16369331843764,2018-09-25-06-00-23
1.0,113.32768235630462,23.163688559015156,2018-09-25-06-00-23
1.0,113.32493797193273,23.16394369898581,2018-09-25-06-00-23
1.0,113.32718336075412,23.16393941304301,2018-09-25-06-00-23
1.0,113.32743284985037,23.163938937773406,2018-09-25-06-00-23
1.0,113.32793182907328,23.16393798795033,2018-09-25-06-00-23
1.0,113.33741283428277,23.16392025092461,2018-09-25-06-00-23
1.0,113.32518744157174,23.16419312592212,2018-09-25-06-00-23
1.0,113.33691379192948,23.164171067937527,2018-09-25-06-00-23
1.0,113.32718332671965,23.164439220601267,2018-09-25-06-00-23
1.0,113.33591573432561,23.16442280656701,2018-09-25-06-00-23
1.0,113.32793177801224,23.164687699343272,2018-09-25-06-00-23
1.0,113.32593585183979,23.164941407743637,2018-09-25-06-00-23
1.0,113.32518735652394,23.16544264528609,2018-09-25-06-00-23
1.0,113.33516714408482,23.165423805151825,2018-09-25-06-00-23
1.0,113.32593578378773,23.16594102360875,2018-09-25-06-00-23
1.0,113.32718322461221,23.16593864417301,2018-09-25-06-00-23
1.0,113.33117509820852,23.16593107492787,2018-09-25-06-00-23
1.0,113.33716318474575,23.16591993831131,2018-09-25-06-00-23
1.0,113.32493780184477,23.166442738277233,2018-09-25-06-00-23
1.0,113.32593574976069,23.16644083176686,2018-09-25-06-00-23
1.0,113.32693370181457,23.166438927822952,2018-09-25-06-00-23
1.0,113.33766217763782,23.16641883465098,2018-09-25-06-00-23
1.0,113.32768213504454,23.166937310333758,2018-09-25-06-00-23
1.0,113.33441852654522,23.1669246181926,2018-09-25-06-00-23
1.0,113.3274326115809,23.167437593829238,2018-09-25-06-00-23
1.0,113.33441849244889,23.167424426650243,2018-09-25-06-00-23
1.0,113.32543669027872,23.167691305807775,2018-09-25-06-00-23
1.0,113.32818106389146,23.167686073762464,2018-09-25-06-00-23
1.0,113.33466797974572,23.167673867481348,2018-09-25-06-00-23
1.0,113.32568614333452,23.1681906379301,2018-09-25-06-00-23
1.0,113.33591547852392,23.16817136801825,2018-09-25-06-00-23
1.0,113.33042644271133,23.168431529794983,2018-09-25-06-00-23
1.0,113.32568610930652,23.16869044677105,2018-09-25-06-00-23
1.0,113.32643453803396,23.16918882700346,2018-09-25-06-00-23
1.0,113.33242234590564,23.1694273894841,2018-09-25-06-00-23
1.0,113.32593552856876,23.169689588493732,2018-09-25-06-00-23
1.0,113.33242232886379,23.169677294075797,2018-09-25-06-00-23
1.0,113.33491733135645,23.169922544906708,2018-09-25-06-00-23
1.0,113.33317079366115,23.170175701619545,2018-09-25-06-00-23
1.0,113.33292125931627,23.17067597782207,2018-09-25-06-00-23
1.0,113.3269333954685,23.170937208088546,2018-09-25-06-00-23
1.0,113.33117475748585,23.17092916333716,2018-09-25-06-00-23
1.0,113.33192324745903,23.17092775454379,2018-09-25-06-00-23
1.0,113.32718286718901,23.171186637419638,2018-09-25-06-00-23
1.0,113.32818082554468,23.171184737793425,2018-09-25-06-00-23
1.0,113.33791135120406,23.171416469760988,2018-09-25-06-00-23
1.0,113.32718283314487,23.171686447184175,2018-09-25-06-00-23
1.0,113.32942824806042,23.171682179230093,2018-09-25-06-00-23
1.0,113.33541688935425,23.161924691656903,2018-09-25-06-00-23
1.0,113.34065672495277,23.161915161167524,2018-09-25-06-00-23
1.0,113.34240341584534,23.162161968812693,2018-09-25-06-00-23
1.0,113.3426529499789,23.162161530323274,2018-09-25-06-00-23
1.0,113.3451483563885,23.16215720117506,2018-09-25-06-00-23
1.0,113.3399081175739,23.1624163083901,2018-09-25-06-00-23
1.0,113.34415016218746,23.162408823840327,2018-09-25-06-00-23
1.0,113.34365106392899,23.16265959329951,2018-09-25-06-00-23
1.0,113.33965856105188,23.162916563962842,2018-09-25-06-00-23
1.0,113.34115571068642,23.162913886124556,2018-09-25-06-00-23
1.0,113.34140523928615,23.162913442922264,2018-09-25-06-00-23
1.0,113.34215383161947,23.16291211887553,2018-09-25-06-00-23
1.0,113.3401575897654,23.163165571492275,2018-09-25-06-00-23
1.0,113.34065663960706,23.163164678847473,2018-09-25-06-00-23
1.0,113.34065662253742,23.163414582494315,2018-09-25-06-00-23
1.0,113.34240333046611,23.163411486675734,2018-09-25-06-00-23
1.0,113.34439963626932,23.16340800680883,2018-09-25-06-00-23
1.0,113.33741283428277,23.16392025092461,2018-09-25-06-00-23
1.0,113.3439005185043,23.16390867805075,2018-09-25-06-00-23
1.0,113.33691379192948,23.164171067937527,2018-09-25-06-00-23
1.0,113.33591573432561,23.16442280656701,2018-09-25-06-00-23
1.0,113.33816132761741,23.164668597907873,2018-09-25-06-00-23
1.0,113.33940890312957,23.16491624318151,2018-09-25-06-00-23
1.0,113.33516714408482,23.165423805151825,2018-09-25-06-00-23
1.0,113.34015741908031,23.1656646096368,2018-09-25-06-00-23
1.0,113.34115552289235,23.165662827877128,2018-09-25-06-00-23
1.0,113.33716318474575,23.16591993831131,2018-09-25-06-00-23
1.0,113.33766217763782,23.16641883465098,2018-09-25-06-00-23
1.0,113.33816120818591,23.16641792578944,2018-09-25-06-00-23
1.0,113.33915922912185,23.167165829827066,2018-09-25-06-00-23
1.0,113.34015731666125,23.167164034323598,2018-09-25-06-00-23
1.0,113.3416544616227,23.167411271322184,2018-09-25-06-00-23
1.0,113.34190399237941,23.167410829968542,2018-09-25-06-00-23
1.0,113.34040678983804,23.167913300419283,2018-09-25-06-00-23
1.0,113.33591547852392,23.16817136801825,2018-09-25-06-00-23
1.0,113.3421534217713,23.168909815835317,2018-09-25-06-00-23
1.0,113.34015716302135,23.16941317391596,2018-09-25-06-00-23
1.0,113.34514786083896,23.169404417792084,2018-09-25-06-00-23
1.0,113.33491733135645,23.169922544906708,2018-09-25-06-00-23
1.0,113.34040665325834,23.1699125363762,2018-09-25-06-00-23
1.0,113.34065617866806,23.169912090488122,2018-09-25-06-00-23
1.0,113.34639557663556,23.169902102784427,2018-09-25-06-00-23
1.0,113.3476433599906,23.169900007401818,2018-09-25-06-00-23
1.0,113.34564690565148,23.170153278617438,2018-09-25-06-00-23
1.0,113.33841045178775,23.170415943199217,2018-09-25-06-00-23
1.0,113.34764332579111,23.170399816772516,2018-09-25-06-00-23
1.0,113.34564687146585,23.170653088065997,2018-09-25-06-00-23
1.0,113.34489821216914,23.17090427408604,2018-09-25-06-00-23
1.0,113.34514775829389,23.170903845907194,2018-09-25-06-00-23
1.0,113.3453973056909,23.170903418824047,2018-09-25-06-00-23
1.0,113.34664506220076,23.170901300250822,2018-09-25-06-00-23
1.0,113.3471441741506,23.170900460897602,2018-09-25-06-00-23
1.0,113.33841040058941,23.17116565754972,2018-09-25-06-00-23
1.0,113.34664504510395,23.171151205071624,2018-09-25-06-00-23
1.0,113.33791135120406,23.171416469760988,2018-09-25-06-00-23
1.0,113.34464863312456,23.17140451302998,2018-09-25-06-00-23
4.0,113.34514772411087,23.17140365558809,2018-09-25-06-00-23
1.0,113.3434009101725,23.171656580094403,2018-09-25-06-00-23
1.0,113.34714412285437,23.171650175476127,2018-09-25-06-00-23
1.0,113.33965794658153,23.171913117640198,2018-09-25-06-00-23
1.0,113.34539723732055,23.171903038340982,2018-09-25-06-00-23
1.0,113.34564678599885,23.171902612365013,2018-09-25-06-00-23
1.0,113.3451483563885,23.16215720117506,2018-09-25-06-00-23
1.0,113.3481429959924,23.16240205532653,2018-09-25-06-00-23
1.0,113.34814297889602,23.16265195886118,2018-09-25-06-00-23
1.0,113.35113782321866,23.16289699076017,2018-09-25-06-00-23
1.0,113.35313440188486,23.164643177349735,2018-09-25-06-00-23
1.0,113.35563030550259,23.166388712700343,2018-09-25-06-00-23
1.0,113.35388305398007,23.166641255795618,2018-09-25-06-00-23
1.0,113.35238547380688,23.166893480177805,2018-09-25-06-00-23
1.0,113.35388295126621,23.16814068137653,2018-09-25-06-00-23
1.0,113.35363331901024,23.168640873248997,2018-09-25-06-00-23
1.0,113.34839209797956,23.16914905084848,2018-09-25-06-00-23
1.0,113.34514786083896,23.169404417792084,2018-09-25-06-00-23
1.0,113.34988949332002,23.169396503761952,2018-09-25-06-00-23
1.0,113.34639557663556,23.169902102784427,2018-09-25-06-00-23
1.0,113.3476433599906,23.169900007401818,2018-09-25-06-00-23
1.0,113.34939031572608,23.169897125057137,2018-09-25-06-00-23
1.0,113.34564690565148,23.170153278617438,2018-09-25-06-00-23
1.0,113.34764332579111,23.170399816772516,2018-09-25-06-00-23
1.0,113.34814244882489,23.170398987017805,2018-09-25-06-00-23
1.0,113.35188605969095,23.1703929274606,2018-09-25-06-00-23
1.0,113.35213564613612,23.170392534294553,2018-09-25-06-00-23
1.0,113.34564687146585,23.170653088065997,2018-09-25-06-00-23
1.0,113.35438198119353,23.17063896546461,2018-09-25-06-00-23
1.0,113.34489821216914,23.17090427408604,2018-09-25-06-00-23
1.0,113.34514775829389,23.170903845907194,2018-09-25-06-00-23
1.0,113.3453973056909,23.170903418824047,2018-09-25-06-00-23
1.0,113.34664506220076,23.170901300250822,2018-09-25-06-00-23
1.0,113.3471441741506,23.170900460897602,2018-09-25-06-00-23
1.0,113.34889110986438,23.170897561194824,2018-09-25-06-00-23
1.0,113.3491406778475,23.170897151933513,2018-09-25-06-00-23
1.0,113.3523851999654,23.17089195206552,2018-09-25-06-00-23
1.0,113.35313397396496,23.17089078539868,2018-09-25-06-00-23
1.0,113.35438196407068,23.170888870245335,2018-09-25-06-00-23
1.0,113.34664504510395,23.171151205071624,2018-09-25-06-00-23
1.0,113.34789283529993,23.17114911562945,2018-09-25-06-00-23
1.0,113.34864152623669,23.171147876544833,2018-09-25-06-00-23
1.0,113.34464863312456,23.17140451302998,2018-09-25-06-00-23
4.0,113.34514772411087,23.17140365558809,2018-09-25-06-00-23
1.0,113.3513868231504,23.171393337191727,2018-09-25-06-00-23
1.0,113.35238516573219,23.171391761743898,2018-09-25-06-00-23
1.0,113.3556299629917,23.171386802555013,2018-09-25-06-00-23
1.0,113.34714412285437,23.171650175476127,2018-09-25-06-00-23
1.0,113.347892801097,23.171648925387,2018-09-25-06-00-23
1.0,113.35163638928037,23.171642846129078,2018-09-25-06-00-23
1.0,113.35188597411664,23.17164245156031,2018-09-25-06-00-23
1.0,113.32718286718901,23.171186637419638,2018-09-25-06-00-23
1.0,113.32818082554468,23.171184737793425,2018-09-25-06-00-23
1.0,113.33791135120406,23.171416469760988,2018-09-25-06-00-23
1.0,113.32718283314487,23.171686447184175,2018-09-25-06-00-23
1.0,113.32942824806042,23.171682179230093,2018-09-25-06-00-23
1.0,113.33242215843606,23.172176342116448,2018-09-25-06-00-23
1.0,113.33766178520658,23.172166639384322,2018-09-25-06-00-23
1.0,113.3259353413844,23.172438541563864,2018-09-25-06-00-23
1.0,113.32618482895214,23.172438065305382,2018-09-25-06-00-23
1.0,113.32643431679192,23.17243758921967,2018-09-25-06-00-23
1.0,113.32668380491711,23.17243711331908,2018-09-25-06-00-23
1.0,113.32743227113934,23.17243568685174,2018-09-25-06-00-23
1.0,113.32768176054029,23.17243521181532,2018-09-25-06-00-23
1.0,113.32867972180253,23.172433314262847,2018-09-25-06-00-23
1.0,113.32892921309971,23.172432840584854,2018-09-25-06-00-23
1.0,113.33242214139237,23.172426247134077,2018-09-25-06-00-23
1.0,113.33267164038621,23.172425779384103,2018-09-25-06-00-23
1.0,113.33292114000005,23.172425312127945,2018-09-25-06-00-23
1.0,113.33366964269479,23.17242391344535,2018-09-25-06-00-23
1.0,113.33691322899354,23.172417913203237,2018-09-25-06-00-23
1.0,113.33791128294428,23.172416089594087,2018-09-25-06-00-23
1.0,113.32618481193336,23.172687970363096,2018-09-25-06-00-23
1.0,113.32668378789631,23.172687018376713,2018-09-25-06-00-23
1.0,113.32693327631935,23.172686542673578,2018-09-25-06-00-23
1.0,113.32892919606984,23.172682745642113,2018-09-25-06-00-23
1.0,113.33042615312391,23.172679910490665,2018-09-25-06-00-23
1.0,113.33117463821716,23.17267849791726,2018-09-25-06-00-23
1.0,113.3344181343971,23.17267242470584,2018-09-25-06-00-23
1.0,113.33466763872272,23.172671961250376,2018-09-25-06-00-23
1.0,113.33541615611114,23.17267057448506,2018-09-25-06-00-23
1.0,113.33566566342198,23.172670113471085,2018-09-25-06-00-23
1.0,113.33666370059188,23.17266827594652,2018-09-25-06-00-23
1.0,113.33691321193203,23.172667818259164,2018-09-25-06-00-23
1.0,113.33092512562595,23.17292887346763,2018-09-25-06-00-23
1.0,113.33591515445447,23.17291955819324,2018-09-25-06-00-23
1.0,113.32743222006737,23.173185402141613,2018-09-25-06-00-23
1.0,113.32793119921564,23.17318445231548,2018-09-25-06-00-23
1.0,113.32818068933186,23.17318397778521,2018-09-25-06-00-23
1.0,113.32942814586964,23.17318160945643,2018-09-25-06-00-23
1.0,113.33017662503993,23.173180192362167,2018-09-25-06-00-23
1.0,113.33391909377194,23.173173163574035,2018-09-25-06-00-23
4.0,113.33416859668259,23.173172698971204,2018-09-25-06-00-23
1.0,113.33716268999221,23.17316717150279,2018-09-25-06-00-23
1.0,113.32718271398515,23.173435782587763,2018-09-25-06-00-23
1.0,113.32867965368607,23.17343293472687,2018-09-25-06-00-23
1.0,113.32892914497921,23.17343246104871,2018-09-25-06-00-23
1.0,113.32992711448023,23.1734305695474,2018-09-25-06-00-23
2.0,113.33391907672166,23.173423068747926,2018-09-25-06-00-23
14.0,113.33416857963132,23.173422604145053,2018-09-25-06-00-23
1.0,113.33541610494312,23.173420289888412,2018-09-25-06-00-23
1.0,113.33042608497868,23.173679531110253,2018-09-25-06-00-23
1.0,113.3346675705101,23.173671581867136,2018-09-25-06-00-23
1.0,113.33491707555822,23.173671119003526,2018-09-25-06-00-23
1.0,113.326184726837,23.173937496239255,2018-09-25-06-00-23
1.0,113.32892911091797,23.173932271515998,2018-09-25-06-00-23
1.0,113.32643419764992,23.174186925446385,2018-09-25-06-00-23
1.0,113.32718266291421,23.1741854983486,2018-09-25-06-00-23
1.0,113.32768164136293,23.17418454804059,2018-09-25-06-00-23
1.0,113.32867960259698,23.17418265048696,2018-09-25-06-00-23
1.0,113.33766164868803,23.174165880614684,2018-09-25-06-00-23
1.0,113.32768162433693,23.174434453372896,2018-09-25-06-00-23
1.0,113.32793111408225,23.174433978583103,2018-09-25-06-00-23
1.0,113.32867958556695,23.174432555819102,2018-09-25-06-00-23
1.0,113.32618467577718,23.174687212236982,2018-09-25-06-00-23
1.0,113.32668365172395,23.174686260249935,2018-09-25-06-00-23
1.0,113.32718262886607,23.17468530905286,2018-09-25-06-00-23
1.0,113.32867956853674,23.174682461190724,2018-09-25-06-00-23
1.0,113.32967753625951,23.174680568379344,2018-09-25-06-00-23
1.0,113.33491700733902,23.174670740249198,2018-09-25-06-00-23
1.0,113.32793108002772,23.17493378936613,2018-09-25-06-00-23
1.0,113.32917853450004,23.174931419553843,2018-09-25-06-00-23
1.0,113.32693310609211,23.17518559540895,2018-09-25-06-00-23
1.0,113.32743208386808,23.175184644643796,2018-09-25-06-00-23
1.0,113.32843004359577,23.175182746027488,2018-09-25-06-00-23
1.0,113.33217245552449,23.175175673148956,2018-09-25-06-00-23
1.0,113.32768155623125,23.17543407509747,2018-09-25-06-00-23
1.0,113.32892900873024,23.175431703864522,2018-09-25-06-00-23
1.0,113.33217243847979,23.175425578638762,2018-09-25-06-00-23
1.0,113.33317043567426,23.175423708649106,2018-09-25-06-00-23
1.0,113.33341993655623,23.17542324241698,2018-09-25-06-00-23
1.0,113.33441794681679,23.175421382918195,2018-09-25-06-00-23
1.0,113.32892899169838,23.175681609394566,2018-09-25-06-00-23
1.0,113.33267141879017,23.175674548185718,2018-09-25-06-00-23
1.0,113.33292091839114,23.17567408092902,2018-09-25-06-00-23
1.0,113.33317041862543,23.175673614178443,2018-09-25-06-00-23
1.0,113.33292090134313,23.175923986498148,2018-09-25-06-00-23
1.0,113.33317040157644,23.175923519747528,2018-09-25-06-00-23
1.0,113.33341990245641,23.17592305351532,2018-09-25-06-00-23
1.0,113.33516642784024,23.175919805436482,2018-09-25-06-00-23
1.0,113.33791104401399,23.175914763952584,2018-09-25-06-00-23
1.0,113.32593508610051,23.1761871215604,2018-09-25-06-00-23
1.0,113.33142389573436,23.17617670280886,2018-09-25-06-00-23
1.0,113.332421885717,23.176174827114455,2018-09-25-06-00-23
1.0,113.33267138469596,23.176174359363856,2018-09-25-06-00-23
1.0,113.33441789565501,23.176171099624877,2018-09-25-06-00-23
1.0,113.33766151215879,23.17616512436829,2018-09-25-06-00-23
1.0,113.32593506908026,23.176437027210348,2018-09-25-06-00-23
1.0,113.32942792443569,23.17643037980477,2018-09-25-06-00-23
1.0,113.3316733582798,23.176676044543992,2018-09-25-06-00-23
1.0,113.33641391710822,23.176667220574245,2018-09-25-06-00-23
1.0,113.33117434853062,23.17692688991089,2018-09-25-06-00-23
1.0,113.33142384460672,23.17692641987576,2018-09-25-06-00-23
1.0,113.3316733412361,23.176925950272864,2018-09-25-06-00-23
1.0,113.3324218345774,23.176924544180853,2018-09-25-06-00-23
1.0,113.3374119470579,23.17691529697809,2018-09-25-06-00-23
1.0,113.33167332419221,23.177175856041753,2018-09-25-06-00-23
1.0,113.3341683238422,23.177171186494697,2018-09-25-06-00-23
1.0,113.33641388298324,23.17716703207042,2018-09-25-06-00-23
1.0,113.3379109586738,23.177164292392163,2018-09-25-06-00-23
1.0,113.33142381052077,23.177426231453698,2018-09-25-06-00-23
1.0,113.33366930168702,23.17742202206557,2018-09-25-06-00-23
1.0,113.33391880389433,23.177421556906783,2018-09-25-06-00-23
1.0,113.33691288773169,23.177416021812594,2018-09-25-06-00-23
1.0,113.33791094160527,23.177414198200083,2018-09-25-06-00-23
1.0,113.32768140298374,23.17768322630521,2018-09-25-06-00-23
1.0,113.33117429740446,23.177676607338086,2018-09-25-06-00-23
1.0,113.32643392529474,23.178185415534415,2018-09-25-06-00-23
1.0,113.33267124831248,23.178173605675017,2018-09-25-06-00-23
1.0,113.33616430506383,23.17816711459957,2018-09-25-06-00-23
1.0,113.33641381473127,23.17816665554408,2018-09-25-06-00-23
1.0,113.32668339637203,23.178434845603494,2018-09-25-06-00-23
1.0,113.32693288477182,23.178434369899406,2018-09-25-06-00-23
1.0,113.32718237348384,23.178433894405178,2018-09-25-06-00-23
1.0,113.32693286774601,23.178684275910328,2018-09-25-06-00-23
1.0,113.32743184549368,23.17868332514401,2018-09-25-06-00-23
1.0,113.33666329108888,23.178666009144358,2018-09-25-06-00-23
1.0,113.3371623145682,23.178665094469494,2018-09-25-06-00-23
1.0,113.33142370825897,23.178925667152253,2018-09-25-06-00-23
1.0,113.33641376354053,23.17891637357215,2018-09-25-06-00-23
1.0,113.32743181143753,23.17918313728692,2018-09-25-06-00-23
1.0,113.33167318783516,23.17917510364,2018-09-25-06-00-23
1.0,113.33541571260504,23.17916811982817,2018-09-25-06-00-23
1.0,113.33591472795545,23.17916719843898,2018-09-25-06-00-23
1.0,113.32743179440921,23.179433043419102,2018-09-25-06-00-23
1.0,113.33117417810425,23.179425949410337,2018-09-25-06-00-23
1.0,113.33691275120823,23.179415269726345,2018-09-25-06-00-23
1.0,113.33766129027595,23.179413900920654,2018-09-25-06-00-23
1.0,113.33167315374425,23.179674915943508,2018-09-25-06-00-23
1.0,113.3379107879809,23.17966335228348,2018-09-25-06-00-23
1.0,113.32718227132044,23.179933331077436,2018-09-25-06-00-23
1.0,113.33167313669853,23.17992482215615,2018-09-25-06-00-23
1.0,113.3329206285523,23.179922481054017,2018-09-25-06-00-23
1.0,113.33317012876978,23.17992201430273,2018-09-25-06-00-23
1.0,113.3336691311581,23.179921082367674,2018-09-25-06-00-23
1.0,113.33741174224953,23.179914168849855,2018-09-25-06-00-23
1.0,113.3379107709107,23.179913258495073,2018-09-25-06-00-23
1.0,113.33741172518107,23.1801640751022,2018-09-25-06-00-23
1.0,113.33791075384032,23.180163164747334,2018-09-25-06-00-23
1.0,113.32768121566289,23.18043219331617,2018-09-25-06-00-23
1.0,113.3271822202365,23.180683049961782,2018-09-25-06-00-23
1.0,113.33366907999617,23.180670801248784,2018-09-25-06-00-23
1.0,113.33766120492888,23.180663432182424,2018-09-25-06-00-23
1.0,113.33366906294187,23.180920707624065,2018-09-25-06-00-23
1.0,113.34489821216914,23.17090427408604,2018-09-25-06-00-23
1.0,113.34514775829389,23.170903845907194,2018-09-25-06-00-23
1.0,113.3453973056909,23.170903418824047,2018-09-25-06-00-23
1.0,113.34664506220076,23.170901300250822,2018-09-25-06-00-23
1.0,113.3471441741506,23.170900460897602,2018-09-25-06-00-23
1.0,113.33841040058941,23.17116565754972,2018-09-25-06-00-23
1.0,113.34664504510395,23.171151205071624,2018-09-25-06-00-23
1.0,113.34789283529993,23.17114911562945,2018-09-25-06-00-23
1.0,113.33791135120406,23.171416469760988,2018-09-25-06-00-23
1.0,113.34464863312456,23.17140451302998,2018-09-25-06-00-23
4.0,113.34514772411087,23.17140365558809,2018-09-25-06-00-23
1.0,113.3434009101725,23.171656580094403,2018-09-25-06-00-23
1.0,113.34714412285437,23.171650175476127,2018-09-25-06-00-23
1.0,113.347892801097,23.171648925387,2018-09-25-06-00-23
1.0,113.33965794658153,23.171913117640198,2018-09-25-06-00-23
1.0,113.34539723732055,23.171903038340982,2018-09-25-06-00-23
1.0,113.34564678599885,23.171902612365013,2018-09-25-06-00-23
1.0,113.33766178520658,23.172166639384322,2018-09-25-06-00-23
1.0,113.33691322899354,23.172417913203237,2018-09-25-06-00-23
1.0,113.33791128294428,23.172416089594087,2018-09-25-06-00-23
1.0,113.33541615611114,23.17267057448506,2018-09-25-06-00-23
1.0,113.33566566342198,23.172670113471085,2018-09-25-06-00-23
1.0,113.33666370059188,23.17266827594652,2018-09-25-06-00-23
1.0,113.33691321193203,23.172667818259164,2018-09-25-06-00-23
1.0,113.33591515445447,23.17291955819324,2018-09-25-06-00-23
1.0,113.33816076451147,23.172915445688048,2018-09-25-06-00-23
1.0,113.33716268999221,23.17316717150279,2018-09-25-06-00-23
1.0,113.33940833986055,23.173163092218132,2018-09-25-06-00-23
1.0,113.34489805834836,23.17315341887644,2018-09-25-06-00-23
1.0,113.3478926984842,23.173148355594613,2018-09-25-06-00-23
1.0,113.33541610494312,23.173420289888412,2018-09-25-06-00-23
1.0,113.33940832278896,23.173412997391104,2018-09-25-06-00-23
1.0,113.34040641421812,23.17341120524709,2018-09-25-06-00-23
1.0,113.34240264728177,23.173407663527968,2018-09-25-06-00-23
1.0,113.34265218137368,23.173407225036634,2018-09-25-06-00-23
1.0,113.34539713476003,23.173402468785625,2018-09-25-06-00-23
1.0,113.34564668343293,23.173402042809396,2018-09-25-06-00-23
1.0,113.34739356117613,23.17339909295586,2018-09-25-06-00-23
1.0,113.33491707555822,23.173671119003526,2018-09-25-06-00-23
1.0,113.33841022991743,23.173664707913385,2018-09-25-06-00-23
1.0,113.33865974744816,23.173664255393746,2018-09-25-06-00-23
1.0,113.33915878533496,23.173663352726656,2018-09-25-06-00-23
1.0,113.33965782707601,23.173662453302903,2018-09-25-06-00-23
1.0,113.34290169952558,23.173656692735108,2018-09-25-06-00-23
1.0,113.34365031223082,23.173655386182723,2018-09-25-06-00-23
1.0,113.34439893570071,23.173654088858804,2018-09-25-06-00-23
1.0,113.34489802416412,23.173653229259774,2018-09-25-06-00-23
1.0,113.34664487412671,23.173650255421247,2018-09-25-06-00-23
1.0,113.34240261311552,23.173907473990734,2018-09-25-06-00-23
1.0,113.34539710057184,23.17390227924737,2018-09-25-06-00-23
1.0,113.34589619921154,23.173901428413718,2018-09-25-06-00-23
1.0,113.33766164868803,23.174165880614684,2018-09-25-06-00-23
1.0,113.34315120174708,23.1741560667531,2018-09-25-06-00-23
1.0,113.34464844512584,23.17415346906381,2018-09-25-06-00-23
1.0,113.34539708347751,23.174152184537274,2018-09-25-06-00-23
1.0,113.34689439521256,23.17414964569567,2018-09-25-06-00-23
1.0,113.34365026096687,23.174405102053385,2018-09-25-06-00-23
1.0,113.34389980090766,23.174404668570876,2018-09-25-06-00-23
1.0,113.34439888442854,23.17440380472908,2018-09-25-06-00-23
1.0,113.34514751899862,23.17440251695035,2018-09-25-06-00-23
1.0,113.3468943781127,23.174399551024745,2018-09-25-06-00-23
1.0,113.33491700733902,23.174670740249198,2018-09-25-06-00-23
1.0,113.33940823742844,23.17466252384599,2018-09-25-06-00-23
1.0,113.34439886733749,23.17465371009806,2018-09-25-06-00-23
1.0,113.34564659795672,23.174651569258966,2018-09-25-06-00-23
1.0,113.34589614792262,23.1746511444015,2018-09-25-06-00-23
1.0,113.33965774170991,23.174911979954707,2018-09-25-06-00-23
1.0,113.34040631176228,23.174910637110326,2018-09-25-06-00-23
1.0,113.34365022679006,23.174904912831135,2018-09-25-06-00-23
1.0,113.34389976672904,23.17490447934854,2018-09-25-06-00-23
1.0,113.34539703219347,23.174901900643754,2018-09-25-06-00-23
1.0,113.34564658086097,23.174901474667266,2018-09-25-06-00-23
2.0,113.34589613082598,23.17490104980976,2018-09-25-06-00-23
1.0,113.34464837675763,23.175153090618736,2018-09-25-06-00-23
1.0,113.34539701509846,23.175151806091684,2018-09-25-06-00-23
1.0,113.34564656376506,23.175151380115157,2018-09-25-06-00-23
1.0,113.34614566500338,23.175150531530637,2018-09-25-06-00-23
1.0,113.33865962796114,23.17541359298419,2018-09-25-06-00-23
1.0,113.33990722990417,23.17541134242635,2018-09-25-06-00-23
1.0,113.34265204469726,23.175406467834023,2018-09-25-06-00-23
1.0,113.3443988160633,23.17540342644242,2018-09-25-06-00-23
1.0,113.3451474506225,23.175402138663173,2018-09-25-06-00-23
1.0,113.34664475443266,23.175399593002158,2018-09-25-06-00-23
1.0,113.34689430971154,23.175399172736363,2018-09-25-06-00-23
1.0,113.3389091293514,23.175663046779334,2018-09-25-06-00-23
1.0,113.3414043683862,23.175658575364736,2018-09-25-06-00-23
1.0,113.34489788742049,23.175652472370146,2018-09-25-06-00-23
1.0,113.34739340725991,23.17564824127366,2018-09-25-06-00-23
1.0,113.33516642784024,23.175919805436482,2018-09-25-06-00-23
1.0,113.33791104401399,23.175914763952584,2018-09-25-06-00-23
1.0,113.34015671909667,23.175910705903544,2018-09-25-06-00-23
1.0,113.34539696381242,23.17590152267354,2018-09-25-06-00-23
1.0,113.33766151215879,23.17616512436829,2018-09-25-06-00-23
1.0,113.3381605426319,23.176164215503473,2018-09-25-06-00-23
1.0,113.33965765633964,23.176161507596206,2018-09-25-06-00-23
1.0,113.3409052781918,23.17615927385583,2018-09-25-06-00-23
1.0,113.34464830838675,23.176152712807927,2018-09-25-06-00-23
1.0,113.3461455966109,23.176150153718797,2018-09-25-06-00-23
1.0,113.34639514920418,23.176149731133837,2018-09-25-06-00-23
1.0,113.33816052556307,23.176414121151385,2018-09-25-06-00-23
1.0,113.33915859754495,23.176412312668546,2018-09-25-06-00-23
1.0,113.34090526111252,23.176409179503278,2018-09-25-06-00-23
1.0,113.3443987476954,23.17640304879089,2018-09-25-06-00-23
1.0,113.34639513210475,23.176399636780346,2018-09-25-06-00-23
1.0,113.34664468603238,23.176399215349086,2018-09-25-06-00-23
1.0,113.33641391710822,23.176667220574245,2018-09-25-06-00-23
3.0,113.33890906106494,23.17666266929086,2018-09-25-06-00-23
1.0,113.33940810084293,23.176661768232375,2018-09-25-06-00-23
1.0,113.33965762219036,23.176661318931433,2018-09-25-06-00-23
1.0,113.33990714452747,23.176660870465405,2018-09-25-06-00-23
1.0,113.3374119470579,23.17691529697809,2018-09-25-06-00-23
1.0,113.33865952553715,23.176913026751997,2018-09-25-06-00-23
1.0,113.33940808376899,23.176911673959946,2018-09-25-06-00-23
1.0,113.33965760511548,23.176911224658962,2018-09-25-06-00-23
1.0,113.33641388298324,23.17716703207042,2018-09-25-06-00-23
1.0,113.3379109586738,23.177164292392163,2018-09-25-06-00-23
1.0,113.33816047435558,23.177163838334796,2018-09-25-06-00-23
1.0,113.33840999094858,23.177163385039947,2018-09-25-06-00-23
1.0,113.33890902692069,23.177162480786198,2018-09-25-06-00-23
1.0,113.33915854632599,23.177162029851452,2018-09-25-06-00-23
1.0,113.34040615806722,23.177159787580994,2018-09-25-06-00-23
1.0,113.34639508080545,23.177149353959546,2018-09-25-06-00-23
1.0,113.33691288773169,23.177416021812594,2018-09-25-06-00-23
1.0,113.33791094160527,23.177414198200083,2018-09-25-06-00-23
1.0,113.33816045728607,23.177413744142672,2018-09-25-06-00-23
1.0,113.33915852925266,23.17741193565916,2018-09-25-06-00-23
1.0,113.34614551111652,23.177399682351197,2018-09-25-06-00-23
1.0,113.3381604402164,23.177663649990674,2018-09-25-06-00-23
1.0,113.3384099568075,23.177663196695743,2018-09-25-06-00-23
1.0,113.33915851217917,23.177661841506993,2018-09-25-06-00-23
1.0,113.33816042314658,23.177913555878856,2018-09-25-06-00-23
1.0,113.33865945725117,23.17791265006353,2018-09-25-06-00-23
1.0,113.34589592565321,23.177899917812102,2018-09-25-06-00-23
1.0,113.33616430506383,23.17816711459957,2018-09-25-06-00-23
1.0,113.33641381473127,23.17816665554408,2018-09-25-06-00-23
1.0,113.33816040607657,23.178163461807276,2018-09-25-06-00-23
1.0,113.33965751973851,23.178160753897988,2018-09-25-06-00-23
1.0,113.34040608975396,23.178159411051958,2018-09-25-06-00-23
1.0,113.34240232267541,23.178155869326392,2018-09-25-06-00-23
1.0,113.34614545981788,23.178149400011723,2018-09-25-06-00-23
1.0,113.3381603890064,23.178413367775978,2018-09-25-06-00-23
1.0,113.33666329108888,23.178666009144358,2018-09-25-06-00-23
1.0,113.3371623145682,23.178665094469494,2018-09-25-06-00-23
1.0,113.33915844388353,23.17866146530067,2018-09-25-06-00-23
1.0,113.33965748558654,23.17866056587523,2018-09-25-06-00-23
1.0,113.33641376354053,23.17891637357215,2018-09-25-06-00-23
1.0,113.33541571260504,23.17916811982817,2018-09-25-06-00-23
1.0,113.33591472795545,23.17916719843898,2018-09-25-06-00-23
1.0,113.3386593718899,23.179162180108605,2018-09-25-06-00-23
1.0,113.33890889033705,23.179161728374744,2018-09-25-06-00-23
1.0,113.33915840973471,23.17916127743966,2018-09-25-06-00-23
1.0,113.34040602143803,23.17915903516752,2018-09-25-06-00-23
1.0,113.34240225432953,23.179155493440597,2018-09-25-06-00-23
1.0,113.33691275120823,23.179415269726345,2018-09-25-06-00-23
1.0,113.33766129027595,23.179413900920654,2018-09-25-06-00-23
1.0,113.33890887326334,23.17941163450501,2018-09-25-06-00-23
1.0,113.33965743435736,23.17941028414419,2018-09-25-06-00-23
1.0,113.3379107879809,23.17966335228348,2018-09-25-06-00-23
1.0,113.33840982023648,23.179662444930422,2018-09-25-06-00-23
1.0,113.33890885618946,23.17966154067583,2018-09-25-06-00-23
1.0,113.33965741728062,23.179660190314884,2018-09-25-06-00-23
1.0,113.33741174224953,23.179914168849855,2018-09-25-06-00-23
1.0,113.3379107709107,23.179913258495073,2018-09-25-06-00-23
1.0,113.33816028658188,23.179912804437244,2018-09-25-06-00-23
1.0,113.33741172518107,23.1801640751022,2018-09-25-06-00-23
1.0,113.33791075384032,23.180163164747334,2018-09-25-06-00-23
1.0,113.33840978609204,23.18016225739411,2018-09-25-06-00-23
1.0,113.33915834143507,23.180160902204097,2018-09-25-06-00-23
1.0,113.33816025243904,23.180412616982395,2018-09-25-06-00-23
1.0,113.33965736604942,23.180409909070832,2018-09-25-06-00-23
1.0,113.33766120492888,23.180663432182424,2018-09-25-06-00-23
1.0,113.33816023536737,23.180662523316094,2018-09-25-06-00-23
1.0,113.33865926945089,23.18066161749984,2018-09-25-06-00-23
1.0,113.34564687146585,23.170653088065997,2018-09-25-06-00-23
1.0,113.35438198119353,23.17063896546461,2018-09-25-06-00-23
1.0,113.34489821216914,23.17090427408604,2018-09-25-06-00-23
1.0,113.34514775829389,23.170903845907194,2018-09-25-06-00-23
1.0,113.3453973056909,23.170903418824047,2018-09-25-06-00-23
1.0,113.34664506220076,23.170901300250822,2018-09-25-06-00-23
1.0,113.3471441741506,23.170900460897602,2018-09-25-06-00-23
1.0,113.34889110986438,23.170897561194824,2018-09-25-06-00-23
1.0,113.3491406778475,23.170897151933513,2018-09-25-06-00-23
1.0,113.3523851999654,23.17089195206552,2018-09-25-06-00-23
1.0,113.35313397396496,23.17089078539868,2018-09-25-06-00-23
1.0,113.35438196407068,23.170888870245335,2018-09-25-06-00-23
1.0,113.35762694351486,23.17088407101031,2018-09-25-06-00-23
1.0,113.34664504510395,23.171151205071624,2018-09-25-06-00-23
1.0,113.34789283529993,23.17114911562945,2018-09-25-06-00-23
1.0,113.34864152623669,23.171147876544833,2018-09-25-06-00-23
1.0,113.34464863312456,23.17140451302998,2018-09-25-06-00-23
4.0,113.34514772411087,23.17140365558809,2018-09-25-06-00-23
1.0,113.3513868231504,23.171393337191727,2018-09-25-06-00-23
1.0,113.35238516573219,23.171391761743898,2018-09-25-06-00-23
1.0,113.3556299629917,23.171386802555013,2018-09-25-06-00-23
1.0,113.34714412285437,23.171650175476127,2018-09-25-06-00-23
1.0,113.347892801097,23.171648925387,2018-09-25-06-00-23
1.0,113.35163638928037,23.171642846129078,2018-09-25-06-00-23
1.0,113.35188597411664,23.17164245156031,2018-09-25-06-00-23
1.0,113.34539723732055,23.171903038340982,2018-09-25-06-00-23
1.0,113.34564678599885,23.171902612365013,2018-09-25-06-00-23
1.0,113.34988932224127,23.17189555138596,2018-09-25-06-00-23
1.0,113.35188595700127,23.171892356496688,2018-09-25-06-00-23
1.0,113.34914057521166,23.172396581438445,2018-09-25-06-00-23
1.0,113.34963971559432,23.172395766765288,2018-09-25-06-00-23
1.0,113.34889099012803,23.172646895753896,2018-09-25-06-00-23
1.0,113.34489805834836,23.17315341887644,2018-09-25-06-00-23
1.0,113.3478926984842,23.173148355594613,2018-09-25-06-00-23
1.0,113.34864138940004,23.173147116508954,2018-09-25-06-00-23
1.0,113.34889095591613,23.173146705979015,2018-09-25-06-00-23
1.0,113.35138670335215,23.17314267229326,2018-09-25-06-00-23
1.0,113.34539713476003,23.173402468785625,2018-09-25-06-00-23
1.0,113.34564668343293,23.173402042809396,2018-09-25-06-00-23
1.0,113.34739356117613,23.17339909295586,2018-09-25-06-00-23
1.0,113.34489802416412,23.173653229259774,2018-09-25-06-00-23
1.0,113.34664487412671,23.173650255421247,2018-09-25-06-00-23
1.0,113.35038835186273,23.17364408020932,2018-09-25-06-00-23
1.0,113.34539710057184,23.17390227924737,2018-09-25-06-00-23
1.0,113.34589619921154,23.173901428413718,2018-09-25-06-00-23
1.0,113.35138665200753,23.173892387923832,2018-09-25-06-00-23
1.0,113.34464844512584,23.17415346906381,2018-09-25-06-00-23
1.0,113.34539708347751,23.174152184537274,2018-09-25-06-00-23
1.0,113.34689439521256,23.17414964569567,2018-09-25-06-00-23
1.0,113.3486413209777,23.17414673743031,2018-09-25-06-00-23
1.0,113.35113705323796,23.174142690553744,2018-09-25-06-00-23
1.0,113.34514751899862,23.17440251695035,2018-09-25-06-00-23
1.0,113.3468943781127,23.174399551024745,2018-09-25-06-00-23
1.0,113.3486413038717,23.174396642759078,2018-09-25-06-00-23
1.0,113.34564659795672,23.174651569258966,2018-09-25-06-00-23
1.0,113.34589614792262,23.1746511444015,2018-09-25-06-00-23
1.0,113.34539703219347,23.174901900643754,2018-09-25-06-00-23
1.0,113.34564658086097,23.174901474667266,2018-09-25-06-00-23
2.0,113.34589613082598,23.17490104980976,2018-09-25-06-00-23
1.0,113.34464837675763,23.175153090618736,2018-09-25-06-00-23
1.0,113.34539701509846,23.175151806091684,2018-09-25-06-00-23
1.0,113.34564656376506,23.175151380115157,2018-09-25-06-00-23
1.0,113.34614566500338,23.175150531530637,2018-09-25-06-00-23
1.0,113.3451474506225,23.175402138663173,2018-09-25-06-00-23
1.0,113.34664475443266,23.175399593002158,2018-09-25-06-00-23
1.0,113.34689430971154,23.175399172736363,2018-09-25-06-00-23
1.0,113.34489788742049,23.175652472370146,2018-09-25-06-00-23
1.0,113.34739340725991,23.17564824127366,2018-09-25-06-00-23
1.0,113.34539696381242,23.17590152267354,2018-09-25-06-00-23
1.0,113.34464830838675,23.176152712807927,2018-09-25-06-00-23
1.0,113.3461455966109,23.176150153718797,2018-09-25-06-00-23
1.0,113.34639514920418,23.176149731133837,2018-09-25-06-00-23
1.0,113.34839161906626,23.176146392956262,2018-09-25-06-00-23
1.0,113.34938988803218,23.176144753393565,2018-09-25-06-00-23
1.0,113.34639513210475,23.176399636780346,2018-09-25-06-00-23
1.0,113.34664468603238,23.176399215349086,2018-09-25-06-00-23
1.0,113.35113689920107,23.17639183993454,2018-09-25-06-00-23
1.0,113.34639508080545,23.177149353959546,2018-09-25-06-00-23
1.0,113.34839155063933,23.17714601578059,2018-09-25-06-00-23
1.0,113.34614551111652,23.177399682351197,2018-09-25-06-00-23
1.0,113.34589592565321,23.177899917812102,2018-09-25-06-00-23
1.0,113.34614545981788,23.178149400011723,2018-09-25-06-00-23
