count,wgs_lng,wgs_lat,time
1.0,113.32518881876672,23.143951037062667,2018-09-30-06-00-18
1.0,113.32618676800116,23.143949131134626,2018-09-30-06-00-18
1.0,113.32743421076417,23.14394675270455,2018-09-30-06-00-18
1.0,113.33342208349843,23.143935445112618,2018-09-30-06-00-18
1.0,113.33367158516458,23.14393497941644,2018-09-30-06-00-18
1.0,113.33442009425494,23.143933585634848,2018-09-30-06-00-18
1.0,113.33466959869334,23.143933122184183,2018-09-30-06-00-18
1.0,113.33616664103911,23.143930354340792,2018-09-30-06-00-18
1.0,113.33666566145891,23.143929436918803,2018-09-30-06-00-18
1.0,113.33716468520706,23.1439285222556,2018-09-30-06-00-18
1.0,113.32643623895542,23.144198556014594,2018-09-30-06-00-18
1.0,113.32668572719483,23.14419808011868,2018-09-30-06-00-18
1.0,113.32693521573303,23.144197604420256,2018-09-30-06-00-18
1.0,113.3276836832742,23.14419617863361,2018-09-30-06-00-18
1.0,113.3281826633745,23.144195229323355,2018-09-30-06-00-18
1.0,113.33367156813479,23.14418488037621,2018-09-30-06-00-18
1.0,113.33392107047307,23.144184415222963,2018-09-30-06-00-18
1.0,113.3344200772222,23.144183486594493,2018-09-30-06-00-18
1.0,113.33491908682329,23.144182560285103,2018-09-30-06-00-18
1.0,113.32818264636647,23.14444513031682,2018-09-30-06-00-18
1.0,113.33466956462574,23.144432924136172,2018-09-30-06-00-18
1.0,113.33566758976671,23.144431076375767,2018-09-30-06-00-18
1.0,113.33641611675833,23.14442969724244,2018-09-30-06-00-18
1.0,113.3309270498711,23.14468983221269,2018-09-30-06-00-18
1.0,113.33317253140815,23.144685614317456,2018-09-30-06-00-18
1.0,113.33442004315623,23.144683288612182,2018-09-30-06-00-18
1.0,113.3354180653087,23.14468143841011,2018-09-30-06-00-18
1.0,113.33566757272877,23.14468097740082,2018-09-30-06-00-18
1.0,113.33716463407626,23.14467822523155,2018-09-30-06-00-18
1.0,113.33766366125242,23.144677313424157,2018-09-30-06-00-18
1.0,113.32618670000096,23.14494873517559,2018-09-30-06-00-18
1.0,113.33067753771431,23.144940204128734,2018-09-30-06-00-18
1.0,113.3309270328517,23.144939733271425,2018-09-30-06-00-18
1.0,113.33641608267644,23.144929499325183,2018-09-30-06-00-18
1.0,113.32618668300049,23.145198636268063,2018-09-30-06-00-18
1.0,113.33392100234832,23.145184019390243,2018-09-30-06-00-18
1.0,113.33541803123424,23.145181240559033,2018-09-30-06-00-18
1.0,113.33566753865236,23.14518077954966,2018-09-30-06-00-18
1.0,113.33616655583963,23.14517985946592,2018-09-30-06-00-18
1.0,113.33167548743064,23.145438125410426,2018-09-30-06-00-18
1.0,113.33317248032272,23.145435317591446,2018-09-30-06-00-18
1.0,113.3254381867334,23.145699867783097,2018-09-30-06-00-18
1.0,113.32618664899906,23.145698438552078,2018-09-30-06-00-18
1.0,113.33342196429334,23.145684752521653,2018-09-30-06-00-18
1.0,113.3261866319981,23.14594833974374,2018-09-30-06-00-18
1.0,113.32643611994507,23.145947863662407,2018-09-30-06-00-18
1.0,113.33017848089803,23.14594075158222,2018-09-30-06-00-18
1.0,113.33042797501874,23.145940279946615,2018-09-30-06-00-18
1.0,113.33067746963908,23.145939808693903,2018-09-30-06-00-18
1.0,113.33367144892162,23.145934188015598,2018-09-30-06-00-18
1.0,113.3344199579884,23.145932794233005,2018-09-30-06-00-18
1.0,113.32643610294294,23.1461977648872,2018-09-30-06-00-18
1.0,113.33192493367979,23.146187359829508,2018-09-30-06-00-18
1.0,113.33192491665542,23.146437261086618,2018-09-30-06-00-18
1.0,113.32493914508628,23.14670042626953,2018-09-30-06-00-18
1.0,113.32967944305598,23.146691399725245,2018-09-30-06-00-18
1.0,113.33092691371134,23.146689041608322,2018-09-30-06-00-18
1.0,113.33367139782776,23.146683891786118,2018-09-30-06-00-18
1.0,113.3359169446107,23.14667972642143,2018-09-30-06-00-18
1.0,113.33267337808459,23.146935659031335,2018-09-30-06-00-18
1.0,113.33342187914182,23.146934258806255,2018-09-30-06-00-18
1.0,113.33691496838969,23.146927792922884,2018-09-30-06-00-18
1.0,113.32918042407663,23.147192148161192,2018-09-30-06-00-18
1.0,113.3311763753246,23.14718837383944,2018-09-30-06-00-18
1.0,113.33192486558133,23.147186965057912,2018-09-30-06-00-18
1.0,113.32693499468108,23.147446319915357,2018-09-30-06-00-18
1.0,113.32518856381294,23.14769955494795,2018-09-30-06-00-18
1.0,113.33167533421879,23.147687237026105,2018-09-30-06-00-18
1.0,113.33217432942327,23.147686299176062,2018-09-30-06-00-18
1.0,113.32743393866662,23.147945172042682,2018-09-30-06-00-18
1.0,113.32593699131603,23.148197928222803,2018-09-30-06-00-18
1.0,113.3306773164601,23.14818892091179,2018-09-30-06-00-18
1.0,113.33142580342606,23.14818750957331,2018-09-30-06-00-18
1.0,113.33142578640235,23.148437411098392,2018-09-30-06-00-18
1.0,113.33641584408443,23.14842811762003,2018-09-30-06-00-18
1.0,113.32593695731262,23.14869773130853,2018-09-30-06-00-18
1.0,113.33292275859408,23.14868450198287,2018-09-30-06-00-18
1.0,113.3359168082826,23.14867893794445,2018-09-30-06-00-18
1.0,113.32818234019337,23.148943353868894,2018-09-30-06-00-18
1.0,113.33042777078906,23.148939096841893,2018-09-30-06-00-18
1.0,113.33267324185721,23.148934870827482,2018-09-30-06-00-18
1.0,113.33516826901709,23.148930222554103,2018-09-30-06-00-18
1.0,113.3251884448217,23.14944886586773,2018-09-30-06-00-18
1.0,113.3271843474643,23.149445056768634,2018-09-30-06-00-18
1.0,113.32992874902135,23.149439843771994,2018-09-30-06-00-18
1.0,113.32468945461564,23.14969972131842,2018-09-30-06-00-18
1.0,113.32493894111644,23.14969924438528,2018-09-30-06-00-18
1.0,113.32543791474653,23.149698290864265,2018-09-30-06-00-18
1.0,113.33167519801916,23.149686449632654,2018-09-30-06-00-18
1.0,113.32518841082272,23.14994866929251,2018-09-30-06-00-18
1.0,113.32593685529842,23.150197141378605,2018-09-30-06-00-18
1.0,113.33441966838657,23.15018111958979,2018-09-30-06-00-18
1.0,113.32693479060816,23.150445139242766,2018-09-30-06-00-18
1.0,113.33117615402497,23.15043709454913,2018-09-30-06-00-18
1.0,113.33192464424292,23.15043568576598,2018-09-30-06-00-18
1.0,113.3369147297519,23.15042641497641,2018-09-30-06-00-18
1.0,113.32643579687591,23.150695992670762,2018-09-30-06-00-18
1.0,113.32668528508907,23.150695516773773,2018-09-30-06-00-18
1.0,113.33092664135985,23.15068746683062,2018-09-30-06-00-18
1.0,113.3334216236623,23.1506827826984,2018-09-30-06-00-18
1.0,113.33466913872454,23.150680459764338,2018-09-30-06-00-18
1.0,113.33042761760105,23.151188212707034,2018-09-30-06-00-18
1.0,113.33342158959553,23.151182586462053,2018-09-30-06-00-18
1.0,113.32843166065692,23.151441897416618,2018-09-30-06-00-18
1.0,113.32918010078117,23.151940280376813,2018-09-30-06-00-18
1.0,113.32967906867161,23.152189236658298,2018-09-30-06-00-18
1.0,113.3246892676334,23.152448642226204,2018-09-30-06-00-18
1.0,113.32493875412307,23.152448165292608,2018-09-30-06-00-18
1.0,113.33242350436053,23.152433964447898,2018-09-30-06-00-18
1.0,113.33566704446947,23.15242792577214,2018-09-30-06-00-18
1.0,113.32818208500791,23.152691881859955,2018-09-30-06-00-18
1.0,113.33042751546823,23.152687624827358,2018-09-30-06-00-18
1.0,113.33167499369969,23.15268527263394,2018-09-30-06-00-18
1.0,113.33192449099214,23.15268480347964,2018-09-30-06-00-18
1.0,113.33217398886445,23.152684334782233,2018-09-30-06-00-18
1.0,113.33641555432159,23.15267644874026,2018-09-30-06-00-18
1.0,113.334918490504,23.152929114923957,2018-09-30-06-00-18
1.0,113.32893052389949,23.15319026427647,2018-09-30-06-00-18
1.0,113.32942950792017,23.153189317865547,2018-09-30-06-00-18
1.0,113.32518817281114,23.1534472971077,2018-09-30-06-00-18
1.0,113.32868101550889,23.153440640162277,2018-09-30-06-00-18
1.0,113.3311759497234,23.153435918791313,2018-09-30-06-00-18
1.0,113.33267293530662,23.153433105333992,2018-09-30-06-00-18
1.0,113.32868099849269,23.153690542408143,2018-09-30-06-00-18
1.0,113.33017795328662,23.1536877052376,2018-09-30-06-00-18
1.0,113.33192442287634,23.153684412251994,2018-09-30-06-00-18
1.0,113.33267291827444,23.153683007579193,2018-09-30-06-00-18
1.0,113.33017793626423,23.15393760751813,2018-09-30-06-00-18
1.0,113.33042743035296,23.153937135881197,2018-09-30-06-00-18
1.0,113.33442009425494,23.143933585634848,2018-09-30-06-00-18
1.0,113.33466959869334,23.143933122184183,2018-09-30-06-00-18
1.0,113.33616664103911,23.143930354340792,2018-09-30-06-00-18
1.0,113.33666566145891,23.143929436918803,2018-09-30-06-00-18
1.0,113.33716468520706,23.1439285222556,2018-09-30-06-00-18
1.0,113.34065795346746,23.14392220500747,2018-09-30-06-00-18
1.0,113.34140653629079,23.143920872701738,2018-09-30-06-00-18
1.0,113.34165606604188,23.143920430421417,2018-09-30-06-00-18
1.0,113.34190559688615,23.143919989071765,2018-09-30-06-00-18
1.0,113.34714601981068,23.143910956636265,2018-09-30-06-00-18
1.0,113.34739557793347,23.143910538741054,2018-09-30-06-00-18
1.0,113.3344200772222,23.144183486594493,2018-09-30-06-00-18
1.0,113.33491908682329,23.144182560285103,2018-09-30-06-00-18
1.0,113.33866176042567,23.144175696749528,2018-09-30-06-00-18
1.0,113.33891127900645,23.144175245021565,2018-09-30-06-00-18
1.0,113.34190557982471,23.144169890030145,2018-09-30-06-00-18
1.0,113.34340278856241,23.14416726214125,2018-09-30-06-00-18
1.0,113.34739556085209,23.144160439698496,2018-09-30-06-00-18
1.0,113.33466956462574,23.144432924136172,2018-09-30-06-00-18
1.0,113.33566758976671,23.144431076375767,2018-09-30-06-00-18
1.0,113.33641611675833,23.14442969724244,2018-09-30-06-00-18
1.0,113.34015886937073,23.144422899595902,2018-09-30-06-00-18
1.0,113.340408393848,23.1444224528412,2018-09-30-06-00-18
1.0,113.33442004315623,23.144683288612182,2018-09-30-06-00-18
1.0,113.3354180653087,23.14468143841011,2018-09-30-06-00-18
1.0,113.33566757272877,23.14468097740082,2018-09-30-06-00-18
1.0,113.33716463407626,23.14467822523155,2018-09-30-06-00-18
1.0,113.33766366125242,23.144677313424157,2018-09-30-06-00-18
11.0,113.34090742884288,23.14467146298076,2018-09-30-06-00-18
1.0,113.33641608267644,23.144929499325183,2018-09-30-06-00-18
2.0,113.34090741178467,23.14492136403782,2018-09-30-06-00-18
1.0,113.33541803123424,23.145181240559033,2018-09-30-06-00-18
1.0,113.33566753865236,23.14518077954966,2018-09-30-06-00-18
1.0,113.33616655583963,23.14517985946592,2018-09-30-06-00-18
1.0,113.34015878409295,23.14567240504687,2018-09-30-06-00-18
1.0,113.3404083085655,23.14567195829196,2018-09-30-06-00-18
1.0,113.34165594661475,23.145669737820747,2018-09-30-06-00-18
1.0,113.3344199579884,23.145932794233005,2018-09-30-06-00-18
1.0,113.33941019966292,23.145923651606676,2018-09-30-06-00-18
1.0,113.3406578170086,23.145921413597225,2018-09-30-06-00-18
1.0,113.34015874998066,23.146172207458694,2018-09-30-06-00-18
1.0,113.33816257262961,23.146425712666517,2018-09-30-06-00-18
1.0,113.34589807876438,23.146412074765696,2018-09-30-06-00-18
1.0,113.3359169446107,23.14667972642143,2018-09-30-06-00-18
1.0,113.33891110849581,23.146674256422678,2018-09-30-06-00-18
1.0,113.34440078049536,23.146664541721485,2018-09-30-06-00-18
1.0,113.33691496838969,23.146927792922884,2018-09-30-06-00-18
1.0,113.33866155582233,23.147174510829696,2018-09-30-06-00-18
1.0,113.33841202113983,23.147424864734393,2018-09-30-06-00-18
1.0,113.33941009734012,23.147423059442037,2018-09-30-06-00-18
1.0,113.33841200408925,23.147674766157426,2018-09-30-06-00-18
1.0,113.34065768053905,23.147920624310196,2018-09-30-06-00-18
1.0,113.34390159434571,23.1481648139863,2018-09-30-06-00-18
1.0,113.33641584408443,23.14842811762003,2018-09-30-06-00-18
1.0,113.34639704620001,23.148410439704275,2018-09-30-06-00-18
1.0,113.3359168082826,23.14867893794445,2018-09-30-06-00-18
1.0,113.33516826901709,23.148930222554103,2018-09-30-06-00-18
1.0,113.33916044042587,23.149422721887298,2018-09-30-06-00-18
1.0,113.34365193481011,23.14991455883598,2018-09-30-06-00-18
1.0,113.34639694371243,23.149909849550077,2018-09-30-06-00-18
1.0,113.33441966838657,23.15018111958979,2018-09-30-06-00-18
1.0,113.34165563947884,23.15016796434587,2018-09-30-06-00-18
1.0,113.34664648065154,23.150159329883248,2018-09-30-06-00-18
1.0,113.3369147297519,23.15042641497641,2018-09-30-06-00-18
1.0,113.33466913872454,23.150680459764338,2018-09-30-06-00-18
1.0,113.34165560534929,23.150667767969768,2018-09-30-06-00-18
1.0,113.34040795033341,23.150919890308714,2018-09-30-06-00-18
1.0,113.34365186652144,23.150914166082526,2018-09-30-06-00-18
1.0,113.34140604149505,23.151168014012196,2018-09-30-06-00-18
1.0,113.34639685830153,23.151159358691515,2018-09-30-06-00-18
1.0,113.34190508497005,23.15141703231167,2018-09-30-06-00-18
1.0,113.34290316821445,23.152164982454302,2018-09-30-06-00-18
1.0,113.33566704446947,23.15242792577214,2018-09-30-06-00-18
1.0,113.33641555432159,23.15267644874026,2018-09-30-06-00-18
1.0,113.334918490504,23.152929114923957,2018-09-30-06-00-18
1.0,113.34614781799507,23.143662739060304,2018-09-30-06-00-18
1.0,113.35363503007206,23.143650609827006,2018-09-30-06-00-18
1.0,113.35388462816942,23.143650226790335,2018-09-30-06-00-18
1.0,113.34714601981068,23.143910956636265,2018-09-30-06-00-18
1.0,113.34739557793347,23.143910538741054,2018-09-30-06-00-18
1.0,113.35288622875733,23.143901668691882,2018-09-30-06-00-18
1.0,113.35363501296975,23.143900510750633,2018-09-30-06-00-18
1.0,113.35463341559745,23.143898987586486,2018-09-30-06-00-18
1.0,113.35563184597062,23.143897488777558,2018-09-30-06-00-18
1.0,113.35588145798603,23.143897117961014,2018-09-30-06-00-18
1.0,113.34739556085209,23.144160439698496,2018-09-30-06-00-18
1.0,113.34839380731171,23.144158780230107,2018-09-30-06-00-18
1.0,113.35238703046365,23.144152348859606,2018-09-30-06-00-18
1.0,113.3558814408764,23.14414701891696,2018-09-30-06-00-18
1.0,113.34864335539564,23.144408269438312,2018-09-30-06-00-18
1.0,113.35238701336507,23.14440224984896,2018-09-30-06-00-18
1.0,113.3558814237666,23.144396919905688,2018-09-30-06-00-18
1.0,113.35663027060504,23.14439581695106,2018-09-30-06-00-18
1.0,113.35588140665665,23.144646820927253,2018-09-30-06-00-18
1.0,113.35163821956658,23.144903231399883,2018-09-30-06-00-18
1.0,113.35238697916742,23.14490205192622,2018-09-30-06-00-18
1.0,113.35488295213362,23.144898214595557,2018-09-30-06-00-18
1.0,113.35538216730234,23.14489746518007,2018-09-30-06-00-18
1.0,113.35163818537322,23.14540303360921,2018-09-30-06-00-18
1.0,113.3493919741866,23.145656547122563,2018-09-30-06-00-18
1.0,113.34589807876438,23.146412074765696,2018-09-30-06-00-18
1.0,113.35538206464743,23.14639687220125,2018-09-30-06-00-18
1.0,113.34440078049536,23.146664541721485,2018-09-30-06-00-18
1.0,113.35413398849569,23.147148461171476,2018-09-30-06-00-18
1.0,113.34864313326374,23.14765698531703,2018-09-30-06-00-18
1.0,113.3568796502569,23.147894069812903,2018-09-30-06-00-18
1.0,113.35538194487575,23.148146181908103,2018-09-30-06-00-18
1.0,113.34639704620001,23.148410439704275,2018-09-30-06-00-18
1.0,113.35163794600098,23.14890165280274,2018-09-30-06-00-18
1.0,113.34989086134657,23.14940425637559,2018-09-30-06-00-18
1.0,113.35588106442222,23.14964484834111,2018-09-30-06-00-18
1.0,113.34639694371243,23.149909849550077,2018-09-30-06-00-18
1.0,113.34664648065154,23.150159329883248,2018-09-30-06-00-18
1.0,113.35463298790489,23.150146521454563,2018-09-30-06-00-18
1.0,113.34639685830153,23.151159358691515,2018-09-30-06-00-18
1.0,113.35113862705816,23.15115156192903,2018-09-30-06-00-18
1.0,113.35687942774364,23.151142791787578,2018-09-30-06-00-18
1.0,113.3478941857794,23.151406749770583,2018-09-30-06-00-18
1.0,113.35113860995905,23.151401463859344,2018-09-30-06-00-18
1.0,113.34989070749712,23.151653372825898,2018-09-30-06-00-18
1.0,113.35538168819446,23.151894708290957,2018-09-30-06-00-18
1.0,113.34989060492329,23.153152785341387,2018-09-30-06-00-18
1.0,113.334918490504,23.152929114923957,2018-09-30-06-00-18
1.0,113.32893052389949,23.15319026427647,2018-09-30-06-00-18
1.0,113.32942950792017,23.153189317865547,2018-09-30-06-00-18
1.0,113.32518817281114,23.1534472971077,2018-09-30-06-00-18
1.0,113.32868101550889,23.153440640162277,2018-09-30-06-00-18
1.0,113.3311759497234,23.153435918791313,2018-09-30-06-00-18
1.0,113.33267293530662,23.153433105333992,2018-09-30-06-00-18
1.0,113.32868099849269,23.153690542408143,2018-09-30-06-00-18
1.0,113.33017795328662,23.1536877052376,2018-09-30-06-00-18
1.0,113.33192442287634,23.153684412251994,2018-09-30-06-00-18
1.0,113.33267291827444,23.153683007579193,2018-09-30-06-00-18
1.0,113.33017793626423,23.15393760751813,2018-09-30-06-00-18
1.0,113.33042743035296,23.153937135881197,2018-09-30-06-00-18
1.0,113.333171884215,23.15418187817428,2018-09-30-06-00-18
1.0,113.33716398628937,23.154174489062967,2018-09-30-06-00-18
1.0,113.337413499405,23.154174032794593,2018-09-30-06-00-18
1.0,113.3289304388126,23.15443977568045,2018-09-30-06-00-18
1.0,113.33192437178775,23.154434119197695,2018-09-30-06-00-18
1.0,113.33217386965312,23.154433650499996,2018-09-30-06-00-18
1.0,113.33292236686204,23.15443224727136,2018-09-30-06-00-18
1.0,113.33541740073642,23.15442760460233,2018-09-30-06-00-18
1.0,113.33641541794591,23.154675666837633,2018-09-30-06-00-18
1.0,113.3291798965636,23.154939107120924,2018-09-30-06-00-18
1.0,113.32942938878331,23.15493863407574,2018-09-30-06-00-18
1.0,113.33267283311108,23.15493251933007,2018-09-30-06-00-18
1.0,113.33566687402904,23.154926948395957,2018-09-30-06-00-18
1.0,113.32593651520784,23.155195183888168,2018-09-30-06-00-18
1.0,113.33192432069765,23.15518382645916,2018-09-30-06-00-18
1.0,113.33716391808726,23.155174098671175,2018-09-30-06-00-18
1.0,113.32917984550546,23.15568881459511,2018-09-30-06-00-18
1.0,113.33142529264225,23.15568457023047,2018-09-30-06-00-18
1.0,113.33691435468354,23.155924263229966,2018-09-30-06-00-18
1.0,113.32618593481527,23.156194317812098,2018-09-30-06-00-18
1.0,113.3264354227208,23.15619384172907,2018-09-30-06-00-18
1.0,113.32768286679739,23.15619146433816,2018-09-30-06-00-18
1.0,113.3279323566163,23.156190989551387,2018-09-30-06-00-18
1.0,113.32768284978339,23.156441366971354,2018-09-30-06-00-18
1.0,113.32618590079919,23.156694123114512,2018-09-30-06-00-18
1.0,113.32718385417921,23.156692219942297,2018-09-30-06-00-18
1.0,113.3366647921295,23.15667442880965,2018-09-30-06-00-18
1.0,113.32917974338469,23.157188230499806,2018-09-30-06-00-18
1.0,113.33491820078946,23.157177456673175,2018-09-30-06-00-18
1.0,113.32693431434485,23.15744240365321,2018-09-30-06-00-18
1.0,113.32618583276505,23.157693734146815,2018-09-30-06-00-18
1.0,113.32693429733304,23.157692306464735,2018-09-30-06-00-18
1.0,113.32793225452369,23.157690405884363,2018-09-30-06-00-18
1.0,113.3286807091917,23.15793888597573,2018-09-30-06-00-18
1.0,113.33317162867775,23.15793041713413,2018-09-30-06-00-18
1.0,113.32518784974329,23.158195445815064,2018-09-30-06-00-18
1.0,113.3286806921725,23.15818878885864,2018-09-30-06-00-18
1.0,113.3321735971394,23.15843209291271,2018-09-30-06-00-18
1.0,113.33416960241225,23.15842836125049,2018-09-30-06-00-18
1.0,113.33217358010587,23.158681995866935,2018-09-30-06-00-18
1.0,113.33317157756579,23.15868012588843,2018-09-30-06-00-18
1.0,113.33591612648193,23.158675028577726,2018-09-30-06-00-18
1.0,113.32543728561386,23.1589446779809,2018-09-30-06-00-18
1.0,113.33167456795708,23.158932836710978,2018-09-30-06-00-18
1.0,113.33267252648845,23.15943076896888,2018-09-30-06-00-18
1.0,113.33167451686097,23.159682545898736,2018-09-30-06-00-18
1.0,113.33466852524363,23.159676948894454,2018-09-30-06-00-18
1.0,113.33491803034661,23.15967648603318,2018-09-30-06-00-18
1.0,113.33566655014624,23.159675101123852,2018-09-30-06-00-18
1.0,113.33342099331905,23.15992917497075,2018-09-30-06-00-18
1.0,113.33466850819941,23.159926852028967,2018-09-30-06-00-18
1.0,113.3349180133014,23.159926389167655,2018-09-30-06-00-18
1.0,113.33267245834276,23.16043038158101,2018-09-30-06-00-18
1.0,113.32693409317825,23.160691143012013,2018-09-30-06-00-18
1.0,113.3341694490334,23.16067748913728,2018-09-30-06-00-18
1.0,113.33441895269303,23.160677025104047,2018-09-30-06-00-18
1.0,113.32668458769373,23.160941521994573,2018-09-30-06-00-18
1.0,113.32693407616428,23.16094104629338,2018-09-30-06-00-18
1.0,113.32818152346806,23.16093867118262,2018-09-30-06-00-18
1.0,113.3266845706806,23.161191425312513,2018-09-30-06-00-18
1.0,113.33591593893993,23.16142396345754,2018-09-30-06-00-18
1.0,113.32568658563794,23.16169313671475,2018-09-30-06-00-18
1.0,113.32693402512133,23.16169075635688,2018-09-30-06-00-18
1.0,113.32793198224742,23.16168885577386,2018-09-30-06-00-18
1.0,113.32892994522656,23.16168695933998,2018-09-30-06-00-18
1.0,113.33042690254528,23.161684124199475,2018-09-30-06-00-18
1.0,113.32493810799112,23.16194447023302,2018-09-30-06-00-18
1.0,113.32618554359024,23.16194208746888,2018-09-30-06-00-18
1.0,113.3249380909844,23.162194373697915,2018-09-30-06-00-18
1.0,113.32543706451317,23.16219342017277,2018-09-30-06-00-18
1.0,113.33466835479389,23.16217598188011,2018-09-30-06-00-18
1.0,113.33516734867203,23.16242496026099,2018-09-30-06-00-18
1.0,113.32568651759858,23.16269275064755,2018-09-30-06-00-18
1.0,113.32668445158397,23.162940749565525,2018-09-30-06-00-18
1.0,113.334918490504,23.152929114923957,2018-09-30-06-00-18
1.0,113.33716398628937,23.154174489062967,2018-09-30-06-00-18
1.0,113.337413499405,23.154174032794593,2018-09-30-06-00-18
1.0,113.34589754927723,23.154159030453307,2018-09-30-06-00-18
1.0,113.34639665329827,23.15415818414878,2018-09-30-06-00-18
1.0,113.33541740073642,23.15442760460233,2018-09-30-06-00-18
1.0,113.33791251121129,23.154423024797705,2018-09-30-06-00-18
1.0,113.34689574557277,23.154407244806933,2018-09-30-06-00-18
1.0,113.3473948603719,23.154406407824556,2018-09-30-06-00-18
1.0,113.33641541794591,23.154675666837633,2018-09-30-06-00-18
1.0,113.3473948432835,23.154656310207262,2018-09-30-06-00-18
1.0,113.33566687402904,23.154926948395957,2018-09-30-06-00-18
1.0,113.33716391808726,23.155174098671175,2018-09-30-06-00-18
1.0,113.34689569431235,23.1551569520608,2018-09-30-06-00-18
1.0,113.34664612187542,23.15540727481153,2018-09-30-06-00-18
1.0,113.33691435468354,23.155924263229966,2018-09-30-06-00-18
1.0,113.33791240888877,23.155922439631897,2018-09-30-06-00-18
1.0,113.3391599969475,23.155920177109067,2018-09-30-06-00-18
1.0,113.347394757839,23.155905822649043,2018-09-30-06-00-18
1.0,113.34390104796957,23.156161679734957,2018-09-30-06-00-18
1.0,113.34340195207513,23.1564124503497,2018-09-30-06-00-18
1.0,113.3444001145447,23.156410718529784,2018-09-30-06-00-18
1.0,113.34489920313328,23.156409858936662,2018-09-30-06-00-18
1.0,113.3366647921295,23.15667442880965,2018-09-30-06-00-18
1.0,113.33491820078946,23.157177456673175,2018-09-30-06-00-18
1.0,113.3439009796605,23.157161290470235,2018-09-30-06-00-18
1.0,113.33965890233068,23.157918499453434,2018-09-30-06-00-18
1.0,113.3401579310854,23.15816750625564,2018-09-30-06-00-18
1.0,113.34439997790797,23.158409940856625,2018-09-30-06-00-18
1.0,113.3446495215716,23.15840951052355,2018-09-30-06-00-18
1.0,113.33591612648193,23.158675028577726,2018-09-30-06-00-18
1.0,113.34040742137992,23.15866686536833,2018-09-30-06-00-18
1.0,113.3431522266196,23.159161817161973,2018-09-30-06-00-18
1.0,113.34639631157259,23.1591562378344,2018-09-30-06-00-18
1.0,113.33466852524363,23.159676948894454,2018-09-30-06-00-18
1.0,113.33491803034661,23.15967648603318,2018-09-30-06-00-18
1.0,113.33566655014624,23.159675101123852,2018-09-30-06-00-18
1.0,113.33466850819941,23.159926852028967,2018-09-30-06-00-18
1.0,113.3349180133014,23.159926389167655,2018-09-30-06-00-18
1.0,113.33940922735339,23.16016807597903,2018-09-30-06-00-18
1.0,113.33591593893993,23.16142396345754,2018-09-30-06-00-18
1.0,113.34390068931712,23.161409642510144,2018-09-30-06-00-18
1.0,113.33990816877183,23.161666598002853,2018-09-30-06-00-18
1.0,113.33965862931299,23.16191694989204,2018-09-30-06-00-18
1.0,113.34639612359491,23.161905173495228,2018-09-30-06-00-18
1.0,113.33466835479389,23.16217598188011,2018-09-30-06-00-18
1.0,113.33516734867203,23.16242496026099,2018-09-30-06-00-18
1.0,113.34215386576913,23.162412311767252,2018-09-30-06-00-18
1.0,113.34340152514116,23.16266002780541,2018-09-30-06-00-18
1.0,113.34689518162538,23.16265404229707,2018-09-30-06-00-18
1.0,113.34989060492329,23.153152785341387,2018-09-30-06-00-18
1.0,113.35238636349507,23.15389851229143,2018-09-30-06-00-18
1.0,113.34589754927723,23.154159030453307,2018-09-30-06-00-18
1.0,113.34639665329827,23.15415818414878,2018-09-30-06-00-18
1.0,113.34839312377989,23.154154846001617,2018-09-30-06-00-18
1.0,113.34939139305001,23.154153206454207,2018-09-30-06-00-18
1.0,113.3513880035791,23.154149990038857,2018-09-30-06-00-18
1.0,113.34689574557277,23.154407244806933,2018-09-30-06-00-18
1.0,113.3473948603719,23.154406407824556,2018-09-30-06-00-18
1.0,113.34789398071061,23.154405575641402,2018-09-30-06-00-18
1.0,113.3473948432835,23.154656310207262,2018-09-30-06-00-18
1.0,113.34989048524619,23.154902101527295,2018-09-30-06-00-18
1.0,113.35014005924319,23.154901697454736,2018-09-30-06-00-18
1.0,113.35038963476033,23.154901294706796,2018-09-30-06-00-18
1.0,113.35088879040357,23.154900493229576,2018-09-30-06-00-18
1.0,113.34689569431235,23.1551569520608,2018-09-30-06-00-18
1.0,113.34664612187542,23.15540727481153,2018-09-30-06-00-18
1.0,113.35687913672196,23.15539112930387,2018-09-30-06-00-18
1.0,113.347394757839,23.155905822649043,2018-09-30-06-00-18
1.0,113.3444001145447,23.156410718529784,2018-09-30-06-00-18
1.0,113.34489920313328,23.156409858936662,2018-09-30-06-00-18
1.0,113.35113826794161,23.15639950976689,2018-09-30-06-00-18
1.0,113.35712868928978,23.156390376768094,2018-09-30-06-00-18
1.0,113.34439997790797,23.158409940856625,2018-09-30-06-00-18
1.0,113.3446495215716,23.15840951052355,2018-09-30-06-00-18
1.0,113.34639631157259,23.1591562378344,2018-09-30-06-00-18
1.0,113.35188679545698,23.15964705933693,2018-09-30-06-00-18
1.0,113.35188677834967,23.159896962468498,2018-09-30-06-00-18
1.0,113.35188672702671,23.160646672081278,2018-09-30-06-00-18
1.0,113.35238586737874,23.16114569375677,2018-09-30-06-00-18
1.0,113.35238585026877,23.161395597106925,2018-09-30-06-00-18
1.0,113.34639612359491,23.161905173495228,2018-09-30-06-00-18
1.0,113.34789346793315,23.161902662632283,2018-09-30-06-00-18
1.0,113.34939086302138,23.161900195784554,2018-09-30-06-00-18
1.0,113.35013958042884,23.16189897963428,2018-09-30-06-00-18
1.0,113.35038915592222,23.161898576885118,2018-09-30-06-00-18
1.0,113.34939082882046,23.162400002742896,2018-09-30-06-00-18
1.0,113.35213619373896,23.162395602625622,2018-09-30-06-00-18
1.0,113.34689518162538,23.16265404229707,2018-09-30-06-00-18
1.0,113.3501395291195,23.162648690126662,2018-09-30-06-00-18
1.0,113.32493810799112,23.16194447023302,2018-09-30-06-00-18
1.0,113.32618554359024,23.16194208746888,2018-09-30-06-00-18
1.0,113.3249380909844,23.162194373697915,2018-09-30-06-00-18
1.0,113.32543706451317,23.16219342017277,2018-09-30-06-00-18
1.0,113.33466835479389,23.16217598188011,2018-09-30-06-00-18
1.0,113.33516734867203,23.16242496026099,2018-09-30-06-00-18
1.0,113.32568651759858,23.16269275064755,2018-09-30-06-00-18
1.0,113.32668445158397,23.162940749565525,2018-09-30-06-00-18
1.0,113.32593597092449,23.163192081417876,2018-09-30-06-00-18
1.0,113.3271834118046,23.163189701984415,2018-09-30-06-00-18
1.0,113.32743290090386,23.163189226714934,2018-09-30-06-00-18
1.0,113.32618544151707,23.16344150881019,2018-09-30-06-00-18
1.0,113.32718339478794,23.16343960563351,2018-09-30-06-00-18
1.0,113.32768237332346,23.163438655329056,2018-09-30-06-00-18
1.0,113.32793186311315,23.163438180541082,2018-09-30-06-00-18
1.0,113.32618542450429,23.163691412496537,2018-09-30-06-00-18
1.0,113.32693388899949,23.16368998481148,2018-09-30-06-00-18
1.0,113.32768235630462,23.163688559015156,2018-09-30-06-00-18
1.0,113.32568643254564,23.16394226889457,2018-09-30-06-00-18
1.0,113.32618540749134,23.16394131622002,2018-09-30-06-00-18
1.0,113.32643489536552,23.16394084013571,2018-09-30-06-00-18
1.0,113.32518744157174,23.16419312592212,2018-09-30-06-00-18
1.0,113.32618539047823,23.16419121998069,2018-09-30-06-00-18
1.0,113.32693383795106,23.16443969609318,2018-09-30-06-00-18
3.0,113.32743281581386,23.16443874533158,2018-09-30-06-00-18
1.0,113.32818128518424,23.164437320979523,2018-09-30-06-00-18
1.0,113.33591573432561,23.16442280656701,2018-09-30-06-00-18
1.0,113.33666426350139,23.164421429419633,2018-09-30-06-00-18
1.0,113.32718330970216,23.164689124436322,2018-09-30-06-00-18
1.0,113.32793177801224,23.164687699343272,2018-09-30-06-00-18
1.0,113.33416917632654,23.164675946034286,2018-09-30-06-00-18
1.0,113.3354167018098,23.16467363178495,2018-09-30-06-00-18
1.0,113.32518739054356,23.164942837428327,2018-09-30-06-00-18
1.0,113.32643482730802,23.164940455401922,2018-09-30-06-00-18
1.0,113.33367015408125,23.164926779663688,2018-09-30-06-00-18
1.0,113.33491767236231,23.164924459555266,2018-09-30-06-00-18
1.0,113.33541668475931,23.164923535655983,2018-09-30-06-00-18
1.0,113.32593583482702,23.16519131165366,2018-09-30-06-00-18
1.0,113.33342063545508,23.16517714927215,2018-09-30-06-00-18
1.0,113.33466815023218,23.16517482632599,2018-09-30-06-00-18
1.0,113.32618530541016,23.165440739343833,2018-09-30-06-00-18
1.0,113.32843070762382,23.165436462286127,2018-09-30-06-00-18
1.0,113.32743273071972,23.165688264880735,2018-09-30-06-00-18
1.0,113.335666140945,23.16567278648097,2018-09-30-06-00-18
1.0,113.32668424739936,23.165939595367192,2018-09-30-06-00-18
1.0,113.3259357667743,23.166190927668964,2018-09-30-06-00-18
1.0,113.33441857768847,23.166174905789862,2018-09-30-06-00-18
1.0,113.3346680820396,23.166174442335482,2018-09-30-06-00-18
1.0,113.33566608978808,23.166422498656814,2018-09-30-06-00-18
1.0,113.33741266369769,23.16641929019525,2018-09-30-06-00-18
1.0,113.3359155808491,23.166671942418798,2018-09-30-06-00-18
1.0,113.32493776782518,23.166942546586636,2018-09-30-06-00-18
1.0,113.33416902291016,23.166925082226875,2018-09-30-06-00-18
1.0,113.32543672430336,23.167191497271283,2018-09-30-06-00-18
1.0,113.32668414529806,23.167439020294097,2018-09-30-06-00-18
1.0,113.3274326115809,23.167437593829238,2018-09-30-06-00-18
1.0,113.32868001126776,23.16818493421864,2018-09-30-06-00-18
1.0,113.32518715239225,23.16844149559969,2018-09-30-06-00-18
1.0,113.32593561364591,23.168440065913266,2018-09-30-06-00-18
1.0,113.33541644603484,23.168422193803526,2018-09-30-06-00-18
1.0,113.33466791154646,23.16867348500478,2018-09-30-06-00-18
1.0,113.3254366052142,23.168940827815188,2018-09-30-06-00-18
1.0,113.33067588613864,23.16918077196949,2018-09-30-06-00-18
1.0,113.33142437285336,23.16917936062055,2018-09-30-06-00-18
1.0,113.32593552856876,23.169689588493732,2018-09-30-06-00-18
1.0,113.32618501614765,23.16968911223571,2018-09-30-06-00-18
1.0,113.33142433877778,23.169679169765878,2018-09-30-06-00-18
1.0,113.33217283046568,23.16967776230683,2018-09-30-06-00-18
1.0,113.33242232886379,23.169677294075797,2018-09-30-06-00-18
1.0,113.32593551155284,23.169939493124957,2018-09-30-06-00-18
1.0,113.33192331562084,23.169928135637296,2018-09-30-06-00-18
1.0,113.33791145358872,23.169917041175147,2018-09-30-06-00-18
1.0,113.33167378431841,23.170428414170566,2018-09-30-06-00-18
1.0,113.3324222606947,23.17067691282762,2018-09-30-06-00-18
1.0,113.32818082554468,23.171184737793425,2018-09-30-06-00-18
1.0,113.3336697279363,23.17117438874763,2018-09-30-06-00-18
1.0,113.33416871603683,23.17142336384908,2018-09-30-06-00-18
1.0,113.32618488000745,23.17168835036631,2018-09-30-06-00-18
1.0,113.32892926418832,23.17168312564715,2018-09-30-06-00-18
1.0,113.33366969384019,23.17167419851001,2018-09-30-06-00-18
1.0,113.33416869898672,23.1716732687496,2018-09-30-06-00-18
1.0,113.32618486298918,23.171938255307047,2018-09-30-06-00-18
1.0,113.32818077446612,23.171934452498036,2018-09-30-06-00-18
1.0,113.33292117409124,23.171925502131845,2018-09-30-06-00-18
1.0,113.33965862931299,23.16191694989204,2018-09-30-06-00-18
1.0,113.34639612359491,23.161905173495228,2018-09-30-06-00-18
1.0,113.33516734867203,23.16242496026099,2018-09-30-06-00-18
1.0,113.34215386576913,23.162412311767252,2018-09-30-06-00-18
1.0,113.34340152514116,23.16266002780541,2018-09-30-06-00-18
1.0,113.34689518162538,23.16265404229707,2018-09-30-06-00-18
1.0,113.34140523928615,23.162913442922264,2018-09-30-06-00-18
1.0,113.34365104684854,23.16290949687185,2018-09-30-06-00-18
1.0,113.34689516453322,23.162903945868855,2018-09-30-06-00-18
1.0,113.33841092956634,23.16341862582169,2018-09-30-06-00-18
1.0,113.3429023998688,23.163410610674635,2018-09-30-06-00-18
1.0,113.33866043007407,23.163668076988042,2018-09-30-06-00-18
1.0,113.34240331338977,23.163661390359366,2018-09-30-06-00-18
1.0,113.33990801517355,23.1639157301613,2018-09-30-06-00-18
1.0,113.34140517099598,23.16391305758341,2018-09-30-06-00-18
1.0,113.34215376331814,23.163911733536168,2018-09-30-06-00-18
1.0,113.34639598687116,23.163904402219163,2018-09-30-06-00-18
1.0,113.33591573432561,23.16442280656701,2018-09-30-06-00-18
1.0,113.33666426350139,23.164421429419633,2018-09-30-06-00-18
1.0,113.3354167018098,23.16467363178495,2018-09-30-06-00-18
1.0,113.33491767236231,23.164924459555266,2018-09-30-06-00-18
1.0,113.33541668475931,23.164923535655983,2018-09-30-06-00-18
1.0,113.34115555703823,23.165163019949716,2018-09-30-06-00-18
1.0,113.335666140945,23.16567278648097,2018-09-30-06-00-18
1.0,113.34090599537045,23.165663271986705,2018-09-30-06-00-18
1.0,113.33566608978808,23.166422498656814,2018-09-30-06-00-18
1.0,113.33741266369769,23.16641929019525,2018-09-30-06-00-18
1.0,113.3359155808491,23.166671942418798,2018-09-30-06-00-18
1.0,113.34040684105265,23.167163587565053,2018-09-30-06-00-18
1.0,113.34215349008602,23.167910198164332,2018-09-30-06-00-18
1.0,113.34040677276616,23.16816320478009,2018-09-30-06-00-18
1.0,113.3416544103935,23.168160984289816,2018-09-30-06-00-18
1.0,113.33541644603484,23.168422193803526,2018-09-30-06-00-18
1.0,113.34065628110949,23.168412663291193,2018-09-30-06-00-18
1.0,113.34065624696301,23.168912472203544,2018-09-30-06-00-18
1.0,113.34240295474785,23.168909376378434,2018-09-30-06-00-18
1.0,113.34265248885643,23.168908937887867,2018-09-30-06-00-18
1.0,113.34065622988952,23.169162376717125,2018-09-30-06-00-18
2.0,113.34589652400633,23.169153235326068,2018-09-30-06-00-18
2.0,113.34614607530202,23.16915281160013,2018-09-30-06-00-18
1.0,113.34539740824138,23.169403990709196,2018-09-30-06-00-18
5.0,113.34614605820816,23.16940271615111,2018-09-30-06-00-18
1.0,113.34639559373063,23.169652198156644,2018-09-30-06-00-18
1.0,113.34739381767301,23.1696505194741,2018-09-30-06-00-18
1.0,113.33791145358872,23.169917041175147,2018-09-30-06-00-18
1.0,113.33890950487918,23.170165134241618,2018-09-30-06-00-18
1.0,113.3409056880443,23.170161550150176,2018-09-30-06-00-18
1.0,113.33816093516886,23.17041639649293,2018-09-30-06-00-18
1.0,113.34439912368576,23.170905133684126,2018-09-30-06-00-18
1.0,113.3453973056909,23.170903418824047,2018-09-30-06-00-18
1.0,113.34365048309976,23.171156335827956,2018-09-30-06-00-18
1.0,113.34439910659705,23.171155038505315,2018-09-30-06-00-18
1.0,113.34489819507861,23.17115417890714,2018-09-30-06-00-18
1.0,113.34639549115765,23.171151626501977,2018-09-30-06-00-18
1.0,113.34489817798793,23.171404083767023,2018-09-30-06-00-18
1.0,113.34639612359491,23.161905173495228,2018-09-30-06-00-18
1.0,113.34789346793315,23.161902662632283,2018-09-30-06-00-18
1.0,113.34939086302138,23.161900195784554,2018-09-30-06-00-18
1.0,113.35013958042884,23.16189897963428,2018-09-30-06-00-18
1.0,113.35038915592222,23.161898576885118,2018-09-30-06-00-18
1.0,113.34939082882046,23.162400002742896,2018-09-30-06-00-18
1.0,113.35213619373896,23.162395602625622,2018-09-30-06-00-18
1.0,113.34689518162538,23.16265404229707,2018-09-30-06-00-18
1.0,113.3501395291195,23.162648690126662,2018-09-30-06-00-18
1.0,113.34689516453322,23.162903945868855,2018-09-30-06-00-18
1.0,113.34639598687116,23.163904402219163,2018-09-30-06-00-18
1.0,113.34814287631417,23.164151380846235,2018-09-30-06-00-18
1.0,113.35163685130942,23.16489542736561,2018-09-30-06-00-18
1.0,113.3526351833067,23.165143761459866,2018-09-30-06-00-18
1.0,113.35288477465478,23.165143372568284,2018-09-30-06-00-18
1.0,113.35413275641524,23.165141450024727,2018-09-30-06-00-18
1.0,113.35288475754048,23.165393276511203,2018-09-30-06-00-18
1.0,113.352884740426,23.165643180491635,2018-09-30-06-00-18
1.0,113.35313431630927,23.16589269706437,2018-09-30-06-00-18
1.0,113.35013922123183,23.16714696010994,2018-09-30-06-00-18
1.0,113.34839220058674,23.16764962434816,2018-09-30-06-00-18
1.0,113.35038872827712,23.16814617456803,2018-09-30-06-00-18
2.0,113.35612939417621,23.16838720673991,2018-09-30-06-00-18
40.0,113.35637900971088,23.168386839080558,2018-09-30-06-00-18
1.0,113.35637899258326,23.16863674351488,2018-09-30-06-00-18
1.0,113.35662860993219,23.168636377452085,2018-09-30-06-00-18
1.0,113.35687822910755,23.168636012996387,2018-09-30-06-00-18
1.0,113.34839211508117,23.168899146336226,2018-09-30-06-00-18
1.0,113.35063825395471,23.168895486459682,2018-09-30-06-00-18
2.0,113.34589652400633,23.169153235326068,2018-09-30-06-00-18
2.0,113.34614607530202,23.16915281160013,2018-09-30-06-00-18
1.0,113.34839209797956,23.16914905084848,2018-09-30-06-00-18
1.0,113.35363328477189,23.169140682233376,2018-09-30-06-00-18
1.0,113.34539740824138,23.169403990709196,2018-09-30-06-00-18
5.0,113.34614605820816,23.16940271615111,2018-09-30-06-00-18
1.0,113.34639559373063,23.169652198156644,2018-09-30-06-00-18
1.0,113.34739381767301,23.1696505194741,2018-09-30-06-00-18
1.0,113.35138692582808,23.169893908619766,2018-09-30-06-00-18
1.0,113.35238526842979,23.169892333172996,2018-09-30-06-00-18
1.0,113.34939029862035,23.1701470297229,2018-09-30-06-00-18
1.0,113.3511373270478,23.170144210625526,2018-09-30-06-00-18
1.0,113.35612927428471,23.17013653858526,2018-09-30-06-00-18
1.0,113.35138689160286,23.170393717989157,2018-09-30-06-00-18
1.0,113.35363319917307,23.17039020536623,2018-09-30-06-00-18
1.0,113.35687810919869,23.170385345109565,2018-09-30-06-00-18
1.0,113.35712773020646,23.170384982271127,2018-09-30-06-00-18
1.0,113.34939026440836,23.170646839170164,2018-09-30-06-00-18
1.0,113.34963983534757,23.170646432479323,2018-09-30-06-00-18
1.0,113.35063813418586,23.170644818849755,2018-09-30-06-00-18
1.0,113.35238521708175,23.170642047284446,2018-09-30-06-00-18
1.0,113.35612924002848,23.170636348030143,2018-09-30-06-00-18
1.0,113.3453973056909,23.170903418824047,2018-09-30-06-00-18
1.0,113.35113727571172,23.170893924853473,2018-09-30-06-00-18
1.0,113.35513077871437,23.17088773920463,2018-09-30-06-00-18
1.0,113.34489819507861,23.17115417890714,2018-09-30-06-00-18
1.0,113.34639549115765,23.171151626501977,2018-09-30-06-00-18
1.0,113.3558795920491,23.1711365268756,2018-09-30-06-00-18
1.0,113.35712767881213,23.171134696611883,2018-09-30-06-00-18
1.0,113.34489817798793,23.171404083767023,2018-09-30-06-00-18
1.0,113.35538035284293,23.17138717494138,2018-09-30-06-00-18
1.0,113.35213556055766,23.171642058394042,2018-09-30-06-00-18
1.0,113.32818082554468,23.171184737793425,2018-09-30-06-00-18
1.0,113.3336697279363,23.17117438874763,2018-09-30-06-00-18
1.0,113.33416871603683,23.17142336384908,2018-09-30-06-00-18
1.0,113.32618488000745,23.17168835036631,2018-09-30-06-00-18
1.0,113.32892926418832,23.17168312564715,2018-09-30-06-00-18
1.0,113.33366969384019,23.17167419851001,2018-09-30-06-00-18
1.0,113.33416869898672,23.1716732687496,2018-09-30-06-00-18
1.0,113.32618486298918,23.171938255307047,2018-09-30-06-00-18
1.0,113.32818077446612,23.171934452498036,2018-09-30-06-00-18
1.0,113.33292117409124,23.171925502131845,2018-09-30-06-00-18
1.0,113.32718279910007,23.172186257104254,2018-09-30-06-00-18
1.0,113.32768177756496,23.172185306796905,2018-09-30-06-00-18
1.0,113.32793126731936,23.17218483200748,2018-09-30-06-00-18
1.0,113.32818075743961,23.172184357477377,2018-09-30-06-00-18
1.0,113.33366965974342,23.17217400842793,2018-09-30-06-00-18
1.0,113.32668380491711,23.17243711331908,2018-09-30-06-00-18
1.0,113.32693329334116,23.172436637615988,2018-09-30-06-00-18
1.0,113.33217264300517,23.172426715365564,2018-09-30-06-00-18
1.0,113.33292114000005,23.172425312127945,2018-09-30-06-00-18
1.0,113.33342014114103,23.172424379146282,2018-09-30-06-00-18
1.0,113.33716274118012,23.172417456217783,2018-09-30-06-00-18
1.0,113.32618481193336,23.172687970363096,2018-09-30-06-00-18
1.0,113.32768174351546,23.172685116872785,2018-09-30-06-00-18
1.0,113.32793123326783,23.17268464208328,2018-09-30-06-00-18
1.0,113.32818072338607,23.172684167553093,2018-09-30-06-00-18
1.0,113.33317062320039,23.17267475043446,2018-09-30-06-00-18
1.0,113.33466763872272,23.172671961250376,2018-09-30-06-00-18
1.0,113.32593530734871,23.17293835171847,2018-09-30-06-00-18
1.0,113.3291786707544,23.172932177369173,2018-09-30-06-00-18
1.0,113.32992714854883,23.172930759237495,2018-09-30-06-00-18
1.0,113.33092512562595,23.17292887346763,2018-09-30-06-00-18
1.0,113.33267160629634,23.172925589536472,2018-09-30-06-00-18
1.0,113.33716270705501,23.172917266368653,2018-09-30-06-00-18
1.0,113.33741222009829,23.17291681009713,2018-09-30-06-00-18
1.0,113.32668375385423,23.173186828609328,2018-09-30-06-00-18
1.0,113.32793119921564,23.17318445231548,2018-09-30-06-00-18
1.0,113.32843017982732,23.173183503526634,2018-09-30-06-00-18
1.0,113.32967763846231,23.173181136741714,2018-09-30-06-00-18
1.0,113.33441810029309,23.173172234935883,2018-09-30-06-00-18
1.0,113.33691317780853,23.17316762848837,2018-09-30-06-00-18
1.0,113.33716268999221,23.17316717150279,2018-09-30-06-00-18
1.0,113.33741220303452,23.17316671523123,2018-09-30-06-00-18
1.0,113.32843016279895,23.173433408701438,2018-09-30-06-00-18
1.0,113.32867965368607,23.17343293472687,2018-09-30-06-00-18
1.0,113.32942812883726,23.173431514631073,2018-09-30-06-00-18
1.0,113.32693320823046,23.173686163295482,2018-09-30-06-00-18
1.0,113.32892912794868,23.173682366262696,2018-09-30-06-00-18
1.0,113.32917861966027,23.17368189289327,2018-09-30-06-00-18
1.0,113.32942811180472,23.17368141984498,2018-09-30-06-00-18
1.0,113.3346675705101,23.173671581867136,2018-09-30-06-00-18
1.0,113.3359151032801,23.17366927371397,2018-09-30-06-00-18
1.0,113.32668370278984,23.17393654425246,2018-09-30-06-00-18
1.0,113.32743216899388,23.173935117784374,2018-09-30-06-00-18
1.0,113.33391904262058,23.173922879213556,2018-09-30-06-00-18
1.0,113.32743215196905,23.1741850230773,2018-09-30-06-00-18
1.0,113.32867960259698,23.17418265048696,2018-09-30-06-00-18
1.0,113.32768162433693,23.174434453372896,2018-09-30-06-00-18
1.0,113.33741211771316,23.174416241490942,2018-09-30-06-00-18
1.0,113.32917855153242,23.17468151414277,2018-09-30-06-00-18
1.0,113.33566552696279,23.174669355332348,2018-09-30-06-00-18
1.0,113.32793108002772,23.17493378936613,2018-09-30-06-00-18
1.0,113.32743208386808,23.175184644643796,2018-09-30-06-00-18
1.0,113.32768157325792,23.17518416960692,2018-09-30-06-00-18
1.0,113.33516647901034,23.175170088849423,2018-09-30-06-00-18
1.0,113.32668360065657,23.175435976603215,2018-09-30-06-00-18
1.0,113.32743206684242,23.175434550134387,2018-09-30-06-00-18
1.0,113.32768155623125,23.17543407509747,2018-09-30-06-00-18
1.0,113.32818053607969,23.17543312577687,2018-09-30-06-00-18
1.0,113.3359149838674,23.17541861130764,2018-09-30-06-00-18
1.0,113.32793102894469,23.175683505837714,2018-09-30-06-00-18
1.0,113.3334199195064,23.175673147946274,2018-09-30-06-00-18
2.0,113.32568561582568,23.17593769236977,2018-09-30-06-00-18
1.0,113.33267140174314,23.175924453754888,2018-09-30-06-00-18
1.0,113.33691299011726,23.175916587564085,2018-09-30-06-00-18
1.0,113.332421885717,23.176174827114455,2018-09-30-06-00-18
1.0,113.33267138469596,23.176174359363856,2018-09-30-06-00-18
1.0,113.33741199825623,23.176165579914198,2018-09-30-06-00-18
1.0,113.33766151215879,23.17616512436829,2018-09-30-06-00-18
1.0,113.33516639372601,23.176419616693448,2018-09-30-06-00-18
1.0,113.3369129559894,23.176416398820464,2018-09-30-06-00-18
1.0,113.33741198119029,23.176415485562234,2018-09-30-06-00-18
1.0,113.33641391710822,23.176667220574245,2018-09-30-06-00-18
1.0,113.33791099281038,23.17666448089649,2018-09-30-06-00-18
1.0,113.3266834985173,23.176935410383017,2018-09-30-06-00-18
1.0,113.33591488150712,23.17691804507822,2018-09-30-06-00-18
1.0,113.33641390004581,23.17691712630232,2018-09-30-06-00-18
1.0,113.3379109586738,23.177164292392163,2018-09-30-06-00-18
1.0,113.33691288773169,23.177416021812594,2018-09-30-06-00-18
1.0,113.33791094160527,23.177414198200083,2018-09-30-06-00-18
1.0,113.32593498397647,23.17768655605983,2018-09-30-06-00-18
1.0,113.33791092453656,23.177664104048127,2018-09-30-06-00-18
1.0,113.32643394231818,23.17793550960404,2018-09-30-06-00-18
1.0,113.33042579533173,23.17792792580346,2018-09-30-06-00-18
1.0,113.33067528982421,23.177927454545436,2018-09-30-06-00-18
1.0,113.33441777627169,23.17792044000466,2018-09-30-06-00-18
1.0,113.33791090746769,23.177914009936355,2018-09-30-06-00-18
1.0,113.33591479620232,23.178167574320394,2018-09-30-06-00-18
1.0,113.33616430506383,23.17816711459957,2018-09-30-06-00-18
1.0,113.33591477914085,23.178417480289472,2018-09-30-06-00-18
1.0,113.33441772510491,23.17867015791271,2018-09-30-06-00-18
1.0,113.33766134148219,23.17866418265068,2018-09-30-06-00-18
1.0,113.32568541158575,23.17893656233377,2018-09-30-06-00-18
1.0,113.32693285072004,23.17893418196164,2018-09-30-06-00-18
1.0,113.33217219983646,23.178924259688593,2018-09-30-06-00-18
1.0,113.3369127853401,23.178915457505646,2018-09-30-06-00-18
1.0,113.33716229750155,23.178915000519105,2018-09-30-06-00-18
1.0,113.33741181052166,23.178914544246577,2018-09-30-06-00-18
1.0,113.32743181143753,23.17918313728692,2018-09-30-06-00-18
1.0,113.32942773704649,23.17917934459379,2018-09-30-06-00-18
1.0,113.33616423681308,23.17916673871799,2018-09-30-06-00-18
1.0,113.33716228043474,23.17916490660916,2018-09-30-06-00-18
1.0,113.33741179345388,23.17916445033659,2018-09-30-06-00-18
1.0,113.32718230537557,23.179433518691273,2018-09-30-06-00-18
1.0,113.32768128378189,23.17943256838152,2018-09-30-06-00-18
1.0,113.33092468257803,23.1794264198658,2018-09-30-06-00-18
1.0,113.33142367417037,23.179425479374785,2018-09-30-06-00-18
1.0,113.33791080505094,23.17941344611249,2018-09-30-06-00-18
1.0,113.33167315374425,23.179674915943508,2018-09-30-06-00-18
1.0,113.33691273414205,23.1796651758975,2018-09-30-06-00-18
1.0,113.3371622463006,23.179664718910832,2018-09-30-06-00-18
1.0,113.3374117593178,23.179664262638177,2018-09-30-06-00-18
1.0,113.33766127320686,23.179663807091682,2018-09-30-06-00-18
1.0,113.3379107879809,23.17966335228348,2018-09-30-06-00-18
1.0,113.32543585646698,23.17993666351303,2018-09-30-06-00-18
1.0,113.32718227132044,23.179933331077436,2018-09-30-06-00-18
1.0,113.3329206285523,23.179922481054017,2018-09-30-06-00-18
1.0,113.33317012876978,23.17992201430273,2018-09-30-06-00-18
1.0,113.33391863335557,23.17992061720847,2018-09-30-06-00-18
1.0,113.33466714412076,23.179919225111394,2018-09-30-06-00-18
1.0,113.33716222923329,23.179914625122553,2018-09-30-06-00-18
1.0,113.33741174224953,23.179914168849855,2018-09-30-06-00-18
1.0,113.33766125613762,23.17991371330332,2018-09-30-06-00-18
1.0,113.3326711119183,23.180172854564557,2018-09-30-06-00-18
1.0,113.3336691141043,23.180170988620645,2018-09-30-06-00-18
1.0,113.3371622121658,23.18016453137494,2018-09-30-06-00-18
1.0,113.33741172518107,23.1801640751022,2018-09-30-06-00-18
1.0,113.33341959552814,23.180421360616595,2018-09-30-06-00-18
1.0,113.33716219509814,23.18041443766804,2018-09-30-06-00-18
1.0,113.34439912368576,23.170905133684126,2018-09-30-06-00-18
1.0,113.3453973056909,23.170903418824047,2018-09-30-06-00-18
1.0,113.34365048309976,23.171156335827956,2018-09-30-06-00-18
1.0,113.34439910659705,23.171155038505315,2018-09-30-06-00-18
1.0,113.34489819507861,23.17115417890714,2018-09-30-06-00-18
1.0,113.34639549115765,23.171151626501977,2018-09-30-06-00-18
1.0,113.34489817798793,23.171404083767023,2018-09-30-06-00-18
1.0,113.33716274118012,23.172417456217783,2018-09-30-06-00-18
1.0,113.34539720313438,23.172402848332865,2018-09-30-06-00-18
1.0,113.33716270705501,23.172917266368653,2018-09-30-06-00-18
1.0,113.33741222009829,23.17291681009713,2018-09-30-06-00-18
1.0,113.33865979865439,23.1729145398744,2018-09-30-06-00-18
1.0,113.34040644836874,23.172911394940698,2018-09-30-06-00-18
1.0,113.34614581887668,23.172901383921047,2018-09-30-06-00-18
1.0,113.34689448070938,23.172900119640627,2018-09-30-06-00-18
1.0,113.34714403735731,23.17289970055208,2018-09-30-06-00-18
1.0,113.33691317780853,23.17316762848837,2018-09-30-06-00-18
1.0,113.33716268999221,23.17316717150279,2018-09-30-06-00-18
1.0,113.33741220303452,23.17316671523123,2018-09-30-06-00-18
1.0,113.34040643129352,23.173161300074288,2018-09-30-06-00-18
1.0,113.34190359956229,23.173158638225164,2018-09-30-06-00-18
1.0,113.34389988635132,23.173155142316663,2018-09-30-06-00-18
1.0,113.3473935782771,23.173149187784254,2018-09-30-06-00-18
1.0,113.34090546605283,23.17341031435266,2018-09-30-06-00-18
1.0,113.34215311432192,23.173408102985615,2018-09-30-06-00-18
1.0,113.34489804125633,23.173403324048476,2018-09-30-06-00-18
1.0,113.34589623340331,23.173401617952145,2018-09-30-06-00-18
1.0,113.3359151032801,23.17366927371397,2018-09-30-06-00-18
1.0,113.33841022991743,23.173664707913385,2018-09-30-06-00-18
1.0,113.33890926591633,23.173663803660812,2018-09-30-06-00-18
1.0,113.33965782707601,23.173662453302903,2018-09-30-06-00-18
1.0,113.34514757027894,23.173652801080458,2018-09-30-06-00-18
1.0,113.34664487412671,23.173650255421247,2018-09-30-06-00-18
1.0,113.33841021284931,23.173914613165103,2018-09-30-06-00-18
1.0,113.33865973037909,23.173914160645424,2018-09-30-06-00-18
1.0,113.33965781000313,23.17391235855441,2018-09-30-06-00-18
1.0,113.34215308015753,23.17390791344847,2018-09-30-06-00-18
1.0,113.34240261311552,23.173907473990734,2018-09-30-06-00-18
1.0,113.34389983508564,23.17390485795113,2018-09-30-06-00-18
1.0,113.34514755318567,23.17390270633103,2018-09-30-06-00-18
1.0,113.34539710057184,23.17390227924737,2018-09-30-06-00-18
1.0,113.34564664924295,23.173901853271055,2018-09-30-06-00-18
1.0,113.34589619921154,23.173901428413718,2018-09-30-06-00-18
1.0,113.34614575049022,23.173901004686968,2018-09-30-06-00-18
1.0,113.34689441231225,23.173899740406025,2018-09-30-06-00-18
1.0,113.34714396895664,23.173899321317307,2018-09-30-06-00-18
1.0,113.33990731527668,23.174161815379687,2018-09-30-06-00-18
1.0,113.34240259603216,23.17415737928115,2018-09-30-06-00-18
1.0,113.34365027805502,23.174155196723756,2018-09-30-06-00-18
1.0,113.3441493591473,23.174154330795982,2018-09-30-06-00-18
1.0,113.34714395185607,23.17414922660691,2018-09-30-06-00-18
1.0,113.33741211771316,23.174416241490942,2018-09-30-06-00-18
1.0,113.34165398342495,23.17440860583591,2018-09-30-06-00-18
1.0,113.34365026096687,23.174405102053385,2018-09-30-06-00-18
1.0,113.34564661505229,23.1744016638902,2018-09-30-06-00-18
1.0,113.346145716296,23.174400815305944,2018-09-30-06-00-18
1.0,113.33566552696279,23.174669355332348,2018-09-30-06-00-18
1.0,113.33965775878347,23.174662074545385,2018-09-30-06-00-18
1.0,113.34315116757429,23.174655877452004,2018-09-30-06-00-18
1.0,113.34340070513474,23.17465544193044,2018-09-30-06-00-18
1.0,113.34539704928832,23.174651995235408,2018-09-30-06-00-18
1.0,113.34564659795672,23.174651569258966,2018-09-30-06-00-18
1.0,113.34614569919862,23.17465072067462,2018-09-30-06-00-18
1.0,113.34639525179726,23.174650298089915,2018-09-30-06-00-18
1.0,113.33940822035584,23.174912429255354,2018-09-30-06-00-18
1.0,113.34015678740013,23.17491108387018,2018-09-30-06-00-18
1.0,113.34265207886737,23.17490665689758,2018-09-30-06-00-18
1.0,113.34464839384994,23.174903185170677,2018-09-30-06-00-18
1.0,113.3448979387006,23.174902755907116,2018-09-30-06-00-18
1.0,113.3451474848109,23.174902327727587,2018-09-30-06-00-18
1.0,113.34539703219347,23.174901900643754,2018-09-30-06-00-18
1.0,113.34564658086097,23.174901474667266,2018-09-30-06-00-18
1.0,113.33516647901034,23.175170088849423,2018-09-30-06-00-18
1.0,113.33890916349364,23.175163235762287,2018-09-30-06-00-18
1.0,113.3426520617824,23.175156562345983,2018-09-30-06-00-18
20.0,113.34365020970141,23.175154818279367,2018-09-30-06-00-18
1.0,113.34389974963946,23.175154384796727,2018-09-30-06-00-18
1.0,113.34464837675763,23.175153090618736,2018-09-30-06-00-18
1.0,113.3448979216074,23.175152661355135,2018-09-30-06-00-18
1.0,113.34539701509846,23.175151806091684,2018-09-30-06-00-18
1.0,113.34589611372917,23.175150955257603,2018-09-30-06-00-18
1.0,113.34614566500338,23.175150531530637,2018-09-30-06-00-18
1.0,113.34689432681208,23.17514926724905,2018-09-30-06-00-18
1.0,113.34764300086245,23.175148013558708,2018-09-30-06-00-18
1.0,113.3359149838674,23.17541861130764,2018-09-30-06-00-18
1.0,113.33940818621014,23.175412240192895,2018-09-30-06-00-18
1.0,113.33965770756231,23.175411790892163,2018-09-30-06-00-18
1.0,113.33990722990417,23.17541134242635,2018-09-30-06-00-18
1.0,113.34290157992668,23.175406030320513,2018-09-30-06-00-18
1.0,113.34489790451403,23.17540256684279,2018-09-30-06-00-18
1.0,113.34539699800328,23.175401711579255,2018-09-30-06-00-18
1.0,113.33965769048825,23.175661696420413,2018-09-30-06-00-18
1.0,113.33990721282916,23.175661247954555,2018-09-30-06-00-18
1.0,113.3421529605769,23.175657251311506,2018-09-30-06-00-18
1.0,113.34489788742049,23.175652472370146,2018-09-30-06-00-18
1.0,113.34539698090794,23.175651617106524,2018-09-30-06-00-18
1.0,113.34589607953504,23.17565076627227,2018-09-30-06-00-18
1.0,113.33691299011726,23.175916587564085,2018-09-30-06-00-18
1.0,113.33890911228004,23.175912952347456,2018-09-30-06-00-18
1.0,113.34015671909667,23.175910705903544,2018-09-30-06-00-18
1.0,113.34664472023285,23.175899404096015,2018-09-30-06-00-18
1.0,113.33741199825623,23.176165579914198,2018-09-30-06-00-18
1.0,113.33766151215879,23.17616512436829,2018-09-30-06-00-18
1.0,113.3381605426319,23.176164215503473,2018-09-30-06-00-18
1.0,113.3461455966109,23.176150153718797,2018-09-30-06-00-18
1.0,113.33516639372601,23.176419616693448,2018-09-30-06-00-18
1.0,113.3369129559894,23.176416398820464,2018-09-30-06-00-18
1.0,113.33741198119029,23.176415485562234,2018-09-30-06-00-18
1.0,113.33816052556307,23.176414121151385,2018-09-30-06-00-18
1.0,113.33915859754495,23.176412312668546,2018-09-30-06-00-18
1.0,113.3394081179167,23.17641186254476,2018-09-30-06-00-18
1.0,113.3443987476954,23.17640304879089,2018-09-30-06-00-18
1.0,113.34664468603238,23.176399215349086,2018-09-30-06-00-18
1.0,113.34689424130771,23.176398795083117,2018-09-30-06-00-18
1.0,113.34714379794325,23.17639837599397,2018-09-30-06-00-18
1.0,113.34789247613577,23.17639712590238,2018-09-30-06-00-18
1.0,113.33641391710822,23.176667220574245,2018-09-30-06-00-18
1.0,113.33791099281038,23.17666448089649,2018-09-30-06-00-18
1.0,113.33841002508899,23.17666357354444,2018-09-30-06-00-18
1.0,113.34090524403308,23.176659085190636,2018-09-30-06-00-18
1.0,113.34115477151369,23.176658641079197,2018-09-30-06-00-18
1.0,113.34439873060299,23.176652954477653,2018-09-30-06-00-18
1.0,113.33591488150712,23.17691804507822,2018-09-30-06-00-18
1.0,113.33641390004581,23.17691712630232,2018-09-30-06-00-18
1.0,113.3389090439929,23.176912575018516,2018-09-30-06-00-18
1.0,113.33940808376899,23.176911673959946,2018-09-30-06-00-18
1.0,113.34015665079052,23.17691032857376,2018-09-30-06-00-18
1.0,113.34090522695347,23.176908990917955,2018-09-30-06-00-18
1.0,113.34115475443313,23.176908546806473,2018-09-30-06-00-18
1.0,113.34639509790539,23.176899448193144,2018-09-30-06-00-18
1.0,113.34739332174503,23.176897769505597,2018-09-30-06-00-18
1.0,113.3379109586738,23.177164292392163,2018-09-30-06-00-18
1.0,113.33890902692069,23.177162480786198,2018-09-30-06-00-18
1.0,113.33691288773169,23.177416021812594,2018-09-30-06-00-18
1.0,113.33791094160527,23.177414198200083,2018-09-30-06-00-18
1.0,113.33840997387811,23.177413290847785,2018-09-30-06-00-18
1.0,113.33890900984832,23.177412386593947,2018-09-30-06-00-18
1.0,113.33990709329946,23.177410587767987,2018-09-30-06-00-18
1.0,113.34090519279373,23.17740880249271,2018-09-30-06-00-18
1.0,113.34564640989431,23.177400530936488,2018-09-30-06-00-18
1.0,113.33791092453656,23.177664104048127,2018-09-30-06-00-18
1.0,113.33915851217917,23.177661841506993,2018-09-30-06-00-18
1.0,113.33940803254616,23.177661391382998,2018-09-30-06-00-18
1.0,113.33990707622311,23.177660493615694,2018-09-30-06-00-18
1.0,113.34040612391092,23.177659599236115,2018-09-30-06-00-18
1.0,113.33791090746769,23.177914009936355,2018-09-30-06-00-18
1.0,113.33890897570308,23.17791219832988,2018-09-30-06-00-18
1.0,113.34040610683253,23.17790950512392,2018-09-30-06-00-18
1.0,113.34215280681832,23.177906402857108,2018-09-30-06-00-18
1.0,113.34739325333011,23.17789739281117,2018-09-30-06-00-18
1.0,113.33591479620232,23.178167574320394,2018-09-30-06-00-18
1.0,113.33616430506383,23.17816711459957,2018-09-30-06-00-18
1.0,113.33591477914085,23.178417480289472,2018-09-30-06-00-18
1.0,113.33865942310716,23.178412461960484,2018-09-30-06-00-18
1.0,113.33915846095769,23.178411559291792,2018-09-30-06-00-18
1.0,113.33940798132183,23.178411109167673,2018-09-30-06-00-18
1.0,113.34539679284805,23.178400580541787,2018-09-30-06-00-18
1.0,113.34664454922377,23.17839846196211,2018-09-30-06-00-18
1.0,113.33766134148219,23.17866418265068,2018-09-30-06-00-18
1.0,113.34240228850281,23.178655681302704,2018-09-30-06-00-18
1.0,113.34739320201717,23.178647110712607,2018-09-30-06-00-18
1.0,113.3369127853401,23.178915457505646,2018-09-30-06-00-18
1.0,113.33716229750155,23.178915000519105,2018-09-30-06-00-18
1.0,113.33741181052166,23.178914544246577,2018-09-30-06-00-18
1.0,113.33616423681308,23.17916673871799,2018-09-30-06-00-18
1.0,113.33716228043474,23.17916490660916,2018-09-30-06-00-18
1.0,113.33741179345388,23.17916445033659,2018-09-30-06-00-18
1.0,113.33915840973471,23.17916127743966,2018-09-30-06-00-18
1.0,113.33791080505094,23.17941344611249,2018-09-30-06-00-18
1.0,113.33816032072406,23.179412992054743,2018-09-30-06-00-18
1.0,113.33691273414205,23.1796651758975,2018-09-30-06-00-18
1.0,113.3371622463006,23.179664718910832,2018-09-30-06-00-18
1.0,113.3374117593178,23.179664262638177,2018-09-30-06-00-18
1.0,113.33766127320686,23.179663807091682,2018-09-30-06-00-18
1.0,113.3379107879809,23.17966335228348,2018-09-30-06-00-18
1.0,113.33840982023648,23.179662444930422,2018-09-30-06-00-18
1.0,113.33865933774423,23.179661992409773,2018-09-30-06-00-18
1.0,113.33890885618946,23.17966154067583,2018-09-30-06-00-18
1.0,113.33965741728062,23.179660190314884,2018-09-30-06-00-18
1.0,113.33716222923329,23.179914625122553,2018-09-30-06-00-18
1.0,113.33741174224953,23.179914168849855,2018-09-30-06-00-18
1.0,113.33766125613762,23.17991371330332,2018-09-30-06-00-18
1.0,113.33840980316434,23.179912351141933,2018-09-30-06-00-18
1.0,113.33915835851022,23.179910995952046,2018-09-30-06-00-18
1.0,113.33990692252851,23.17990964805961,2018-09-30-06-00-18
1.0,113.3371622121658,23.18016453137494,2018-09-30-06-00-18
1.0,113.33741172518107,23.1801640751022,2018-09-30-06-00-18
1.0,113.33816026951055,23.180162710689462,2018-09-30-06-00-18
1.0,113.3386593035979,23.180161804873375,2018-09-30-06-00-18
1.0,113.33890882204122,23.180161353139347,2018-09-30-06-00-18
1.0,113.33915834143507,23.180160902204097,2018-09-30-06-00-18
1.0,113.3399069054505,23.180159554311533,2018-09-30-06-00-18
1.0,113.33716219509814,23.18041443766804,2018-09-30-06-00-18
1.0,113.33816025243904,23.180412616982395,2018-09-30-06-00-18
1.0,113.3429012381703,23.18040414848816,2018-09-30-06-00-18
1.0,113.33816023536737,23.180662523316094,2018-09-30-06-00-18
1.0,113.33865926945089,23.18066161749984,2018-09-30-06-00-18
1.0,113.3389087878923,23.18066116576573,2018-09-30-06-00-18
1.0,113.3438993736266,23.18065231478152,2018-09-30-06-00-18
1.0,113.33865925237713,23.180911523874283,2018-09-30-06-00-18
1.0,113.33890877081758,23.18091107214013,2018-09-30-06-00-18
1.0,113.34939026440836,23.170646839170164,2018-09-30-06-00-18
1.0,113.34963983534757,23.170646432479323,2018-09-30-06-00-18
1.0,113.35063813418586,23.170644818849755,2018-09-30-06-00-18
1.0,113.35238521708175,23.170642047284446,2018-09-30-06-00-18
1.0,113.35612924002848,23.170636348030143,2018-09-30-06-00-18
1.0,113.3453973056909,23.170903418824047,2018-09-30-06-00-18
1.0,113.35113727571172,23.170893924853473,2018-09-30-06-00-18
1.0,113.35513077871437,23.17088773920463,2018-09-30-06-00-18
1.0,113.34489819507861,23.17115417890714,2018-09-30-06-00-18
1.0,113.34639549115765,23.171151626501977,2018-09-30-06-00-18
1.0,113.3558795920491,23.1711365268756,2018-09-30-06-00-18
1.0,113.35712767881213,23.171134696611883,2018-09-30-06-00-18
1.0,113.34489817798793,23.171404083767023,2018-09-30-06-00-18
1.0,113.35538035284293,23.17138717494138,2018-09-30-06-00-18
1.0,113.35213556055766,23.171642058394042,2018-09-30-06-00-18
1.0,113.34839190985072,23.17189800302568,2018-09-30-06-00-18
1.0,113.35013889618033,23.171895147310433,2018-09-30-06-00-18
1.0,113.34539720313438,23.172402848332865,2018-09-30-06-00-18
1.0,113.3493901446611,23.172396173456434,2018-09-30-06-00-18
1.0,113.34963971559432,23.172395766765288,2018-09-30-06-00-18
1.0,113.35013886196086,23.172394957300668,2018-09-30-06-00-18
1.0,113.35088759294358,23.17239375306633,2018-09-30-06-00-18
1.0,113.35138675469527,23.17239295701557,2018-09-30-06-00-18
1.0,113.34614581887668,23.172901383921047,2018-09-30-06-00-18
1.0,113.34689448070938,23.172900119640627,2018-09-30-06-00-18
1.0,113.34714403735731,23.17289970055208,2018-09-30-06-00-18
1.0,113.3473935782771,23.173149187784254,2018-09-30-06-00-18
1.0,113.34489804125633,23.173403324048476,2018-09-30-06-00-18
1.0,113.34589623340331,23.173401617952145,2018-09-30-06-00-18
1.0,113.34988921958596,23.17339498182593,2018-09-30-06-00-18
1.0,113.35163626947511,23.173392181503637,2018-09-30-06-00-18
1.0,113.34514757027894,23.173652801080458,2018-09-30-06-00-18
1.0,113.34664487412671,23.173650255421247,2018-09-30-06-00-18
1.0,113.34864135518922,23.173646926891,2018-09-30-06-00-18
1.0,113.34514755318567,23.17390270633103,2018-09-30-06-00-18
1.0,113.34539710057184,23.17390227924737,2018-09-30-06-00-18
1.0,113.34564664924295,23.173901853271055,2018-09-30-06-00-18
1.0,113.34589619921154,23.173901428413718,2018-09-30-06-00-18
1.0,113.34614575049022,23.173901004686968,2018-09-30-06-00-18
1.0,113.34689441231225,23.173899740406025,2018-09-30-06-00-18
1.0,113.34714396895664,23.173899321317307,2018-09-30-06-00-18
1.0,113.34814220938513,23.17389765696041,2018-09-30-06-00-18
1.0,113.34714395185607,23.17414922660691,2018-09-30-06-00-18
1.0,113.34564661505229,23.1744016638902,2018-09-30-06-00-18
1.0,113.346145716296,23.174400815305944,2018-09-30-06-00-18
1.0,113.35113703612342,23.174392595882075,2018-09-30-06-00-18
1.0,113.34539704928832,23.174651995235408,2018-09-30-06-00-18
1.0,113.34564659795672,23.174651569258966,2018-09-30-06-00-18
1.0,113.34614569919862,23.17465072067462,2018-09-30-06-00-18
1.0,113.34639525179726,23.174650298089915,2018-09-30-06-00-18
1.0,113.34864128676553,23.174646548127324,2018-09-30-06-00-18
1.0,113.34889085327642,23.174646137597122,2018-09-30-06-00-18
1.0,113.3533833117962,23.174638975800335,2018-09-30-06-00-18
1.0,113.34464839384994,23.174903185170677,2018-09-30-06-00-18
1.0,113.3448979387006,23.174902755907116,2018-09-30-06-00-18
1.0,113.3451474848109,23.174902327727587,2018-09-30-06-00-18
1.0,113.34539703219347,23.174901900643754,2018-09-30-06-00-18
1.0,113.34564658086097,23.174901474667266,2018-09-30-06-00-18
1.0,113.34464837675763,23.175153090618736,2018-09-30-06-00-18
1.0,113.3448979216074,23.175152661355135,2018-09-30-06-00-18
1.0,113.34539701509846,23.175151806091684,2018-09-30-06-00-18
1.0,113.34589611372917,23.175150955257603,2018-09-30-06-00-18
1.0,113.34614566500338,23.175150531530637,2018-09-30-06-00-18
1.0,113.34689432681208,23.17514926724905,2018-09-30-06-00-18
1.0,113.34764300086245,23.175148013558708,2018-09-30-06-00-18
1.0,113.34489790451403,23.17540256684279,2018-09-30-06-00-18
1.0,113.34539699800328,23.175401711579255,2018-09-30-06-00-18
1.0,113.34489788742049,23.175652472370146,2018-09-30-06-00-18
1.0,113.34539698090794,23.175651617106524,2018-09-30-06-00-18
1.0,113.34589607953504,23.17565076627227,2018-09-30-06-00-18
1.0,113.34664472023285,23.175899404096015,2018-09-30-06-00-18
1.0,113.3461455966109,23.176150153718797,2018-09-30-06-00-18
1.0,113.34814205544222,23.176146805989134,2018-09-30-06-00-18
1.0,113.34664468603238,23.176399215349086,2018-09-30-06-00-18
1.0,113.34689424130771,23.176398795083117,2018-09-30-06-00-18
1.0,113.34714379794325,23.17639837599397,2018-09-30-06-00-18
1.0,113.34789247613577,23.17639712590238,2018-09-30-06-00-18
1.0,113.34839158485313,23.1766462042885,2018-09-30-06-00-18
1.0,113.34938985381214,23.17664456472545,2018-09-30-06-00-18
1.0,113.35463117332338,23.176636312458413,2018-09-30-06-00-18
1.0,113.34639509790539,23.176899448193144,2018-09-30-06-00-18
1.0,113.34739332174503,23.176897769505597,2018-09-30-06-00-18
1.0,113.34564640989431,23.177400530936488,2018-09-30-06-00-18
1.0,113.34814195280606,23.177646240466103,2018-09-30-06-00-18
1.0,113.34739325333011,23.17789739281117,2018-09-30-06-00-18
1.0,113.34539679284805,23.178400580541787,2018-09-30-06-00-18
1.0,113.34664454922377,23.17839846196211,2018-09-30-06-00-18
1.0,113.34739320201717,23.178647110712607,2018-09-30-06-00-18
