count,wgs_lng,wgs_lat,time
1.0,113.33117659659607,23.143939658784046,2018-10-10-06-00-14
1.0,113.32643623895542,23.144198556014594,2018-10-10-06-00-14
1.0,113.33417057349779,23.14418395062497,2018-10-10-06-00-14
1.0,113.33566758976671,23.144431076375767,2018-10-10-06-00-14
1.0,113.32943008646882,23.14469266303795,2018-10-10-06-00-14
1.0,113.33267353132763,23.14468654831441,2018-10-10-06-00-14
1.0,113.33292303105131,23.144686081062872,2018-10-10-06-00-14
1.0,113.33516855865466,23.14468190004812,2018-10-10-06-00-14
1.0,113.3354180653087,23.14468143841011,2018-10-10-06-00-14
1.0,113.3366656103339,23.14467913989501,2018-10-10-06-00-14
1.0,113.32668567618836,23.144947783198383,2018-10-10-06-00-14
1.0,113.3291805771956,23.14494303714046,2018-10-10-06-00-14
1.0,113.32943006945543,23.144942564096933,2018-10-10-06-00-14
1.0,113.33192501879911,23.144937854041288,2018-10-10-06-00-14
1.0,113.3321745167022,23.144937385345166,2018-10-10-06-00-14
1.0,113.33242401519848,23.14493691711825,2018-10-10-06-00-14
1.0,113.33267351430129,23.144936449372853,2018-10-10-06-00-14
1.0,113.33616657287986,23.14492995837511,2018-10-10-06-00-14
1.0,113.32693514772004,23.145197208592187,2018-10-10-06-00-14
1.0,113.32718463656636,23.145196733103457,2018-10-10-06-00-14
1.0,113.33217449967768,23.145187286436645,2018-10-10-06-00-14
1.0,113.33242399817297,23.145186818209687,2018-10-10-06-00-14
1.0,113.33516852458216,23.145181702197124,2018-10-10-06-00-14
3.0,113.33566753865236,23.14518077954966,2018-10-10-06-00-14
2.0,113.33591704684976,23.145180319181218,2018-10-10-06-00-14
1.0,113.32568769090442,23.145449490061974,2018-10-10-06-00-14
1.0,113.32693513071638,23.14544710971754,2018-10-10-06-00-14
1.0,113.33417048833653,23.145433455916233,2018-10-10-06-00-14
1.0,113.33591702981033,23.145430220305077,2018-10-10-06-00-14
1.0,113.33616653879923,23.145429760589735,2018-10-10-06-00-14
1.0,113.32493921307089,23.14570082130279,2018-10-10-06-00-14
1.0,113.32593716132305,23.145698914806136,2018-10-10-06-00-14
1.0,113.32718460255684,23.145696535387145,2018-10-10-06-00-14
1.0,113.3279330710968,23.145695110303528,2018-10-10-06-00-14
1.0,113.3281825613238,23.14569463577781,2018-10-10-06-00-14
1.0,113.33367146595258,23.14568428682518,2018-10-10-06-00-14
1.0,113.33516849050898,23.14568150447815,2018-10-10-06-00-14
1.0,113.32693509670855,23.14594691206749,2018-10-10-06-00-14
1.0,113.32893101732134,23.145943115071454,2018-10-10-06-00-14
2.0,113.32943000140021,23.14594216866293,2018-10-10-06-00-14
1.0,113.33042797501874,23.145940279946615,2018-10-10-06-00-14
1.0,113.3344199579884,23.145932794233005,2018-10-10-06-00-14
1.0,113.33042795800051,23.146190181170745,2018-10-10-06-00-14
1.0,113.33392093422091,23.146183624085612,2018-10-10-06-00-14
1.0,113.32868149189507,23.146443391227127,2018-10-10-06-00-14
1.0,113.33092691371134,23.146689041608322,2018-10-10-06-00-14
1.0,113.33217439752703,23.14668669368061,2018-10-10-06-00-14
1.0,113.33167538529091,23.14693753285411,2018-10-10-06-00-14
1.0,113.33417038613752,23.14693286335742,2018-10-10-06-00-14
1.0,113.33716448067483,23.14692733594171,2018-10-10-06-00-14
1.0,113.33342186211102,23.14718416016315,2018-10-10-06-00-14
2.0,113.33017837879218,23.147440159426857,2018-10-10-06-00-14
1.0,113.32768344517474,23.147694795551924,2018-10-10-06-00-14
1.0,113.3319248315311,23.14768676787264,2018-10-10-06-00-14
1.0,113.33317232705738,23.14768442920488,2018-10-10-06-00-14
1.0,113.32593699131603,23.148197928222803,2018-10-10-06-00-14
1.0,113.32918035601942,23.14819175392675,2018-10-10-06-00-14
1.0,113.33167530016988,23.14818703997519,2018-10-10-06-00-14
1.0,113.33367129563554,23.148183300228993,2018-10-10-06-00-14
1.0,113.33666537173067,23.148177757722834,2018-10-10-06-00-14
1.0,113.33691488316566,23.148177300039585,2018-10-10-06-00-14
1.0,113.33167528314517,23.148436941500233,2018-10-10-06-00-14
1.0,113.33267325888622,23.148684969235074,2018-10-10-06-00-14
1.0,113.33616630021614,23.14892837982039,2018-10-10-06-00-14
1.0,113.33641580999719,23.148927920769797,2018-10-10-06-00-14
1.0,113.33666532059715,23.148927462396724,2018-10-10-06-00-14
1.0,113.32743383661906,23.149444581501427,2018-10-10-06-00-14
1.0,113.33167519801916,23.149686449632654,2018-10-10-06-00-14
1.0,113.3331721908102,23.149683641809432,2018-10-10-06-00-14
1.0,113.32693482462199,23.149945335682265,2018-10-10-06-00-14
1.0,113.33167518099344,23.149936351360974,2018-10-10-06-00-14
1.0,113.32543788074518,23.150198094357055,2018-10-10-06-00-14
1.0,113.32868123670441,23.150191914118086,2018-10-10-06-00-14
1.0,113.33092667540612,23.150187663203116,2018-10-10-06-00-14
1.0,113.3321741591522,23.150185315272495,2018-10-10-06-00-14
1.0,113.32618632595226,23.15044656692125,2018-10-10-06-00-14
1.0,113.32668530209521,23.15044561494222,2018-10-10-06-00-14
1.0,113.33117615402497,23.15043709454913,2018-10-10-06-00-14
1.0,113.33292262234946,23.15068371567282,2018-10-10-06-00-14
1.0,113.3341701306137,23.15068138724769,2018-10-10-06-00-14
1.0,113.33566716376785,23.15067861199975,2018-10-10-06-00-14
1.0,113.33666520127977,23.150676774489924,2018-10-10-06-00-14
1.0,113.3299286469075,23.150939254450975,2018-10-10-06-00-14
1.0,113.33417011357744,23.15093128911224,2018-10-10-06-00-14
1.0,113.33441961727536,23.150930825080632,2018-10-10-06-00-14
1.0,113.3371642079278,23.150925761688498,2018-10-10-06-00-14
1.0,113.33167509586242,23.151185860514857,2018-10-10-06-00-14
1.0,113.33491860978421,23.151179800667716,2018-10-10-06-00-14
1.0,113.32818217007389,23.1514423716716,2018-10-10-06-00-14
1.0,113.32843166065692,23.151441897416618,2018-10-10-06-00-14
1.0,113.33067709517773,23.151437643387244,2018-10-10-06-00-14
1.0,113.33541760524723,23.15142877870603,2018-10-10-06-00-14
1.0,113.3256872658851,23.151697029092926,2018-10-10-06-00-14
1.0,113.33541758820557,23.15167868067344,2018-10-10-06-00-14
1.0,113.33392054243652,23.151931361513302,2018-10-10-06-00-14
1.0,113.3249387711233,23.152198263219876,2018-10-10-06-00-14
1.0,113.32942957599471,23.152189709369537,2018-10-10-06-00-14
1.0,113.32942955897633,23.152439611441523,2018-10-10-06-00-14
1.0,113.33042753249077,23.152437722720894,2018-10-10-06-00-14
1.0,113.33516803045583,23.152428848422034,2018-10-10-06-00-14
1.0,113.32992852776712,23.15268856847136,2018-10-10-06-00-14
1.0,113.33142549697378,23.152685742232805,2018-10-10-06-00-14
1.0,113.33641555432159,23.15267644874026,2018-10-10-06-00-14
1.0,113.32468921663477,23.153198348652584,2018-10-10-06-00-14
1.0,113.3301779873309,23.15318790078123,2018-10-10-06-00-14
1.0,113.33242345326849,23.153183670870426,2018-10-10-06-00-14
1.0,113.33566699333909,23.153177632193042,2018-10-10-06-00-14
1.0,113.33716405448881,23.15317488001523,2018-10-10-06-00-14
1.0,113.33616599341839,23.15342661431638,2018-10-10-06-00-14
1.0,113.33691452517917,23.15342523920708,2018-10-10-06-00-14
1.0,113.33741355055773,23.153424325956568,2018-10-10-06-00-14
1.0,113.32693456950214,23.15369386573956,2018-10-10-06-00-14
1.0,113.32868099849269,23.153690542408143,2018-10-10-06-00-14
1.0,113.33192442287634,23.153684412251994,2018-10-10-06-00-14
1.0,113.3324234192063,23.153683475326048,2018-10-10-06-00-14
1.0,113.33292241796252,23.15368254032616,2018-10-10-06-00-14
1.0,113.32468916563462,23.153948055392217,2018-10-10-06-00-14
1.0,113.326685063994,23.153944243720662,2018-10-10-06-00-14
1.0,113.33691449108139,23.153925043730975,2018-10-10-06-00-14
1.0,113.33866177747485,23.143925795790597,2018-10-10-06-00-14
1.0,113.34090748001651,23.1439217600067,2018-10-10-06-00-14
1.0,113.34140651923121,23.144170773660207,2018-10-10-06-00-14
1.0,113.34315325088983,23.14416769765761,2018-10-10-06-00-14
1.0,113.34539913360311,23.14416381548796,2018-10-10-06-00-14
1.0,113.33566758976671,23.144431076375767,2018-10-10-06-00-14
1.0,113.34065791935375,23.14442200695744,2018-10-10-06-00-14
1.0,113.34090744590092,23.14442156195659,2018-10-10-06-00-14
1.0,113.33516855865466,23.14468190004812,2018-10-10-06-00-14
1.0,113.3354180653087,23.14468143841011,2018-10-10-06-00-14
1.0,113.3366656103339,23.14467913989501,2018-10-10-06-00-14
1.0,113.34165601485982,23.144670133395092,2018-10-10-06-00-14
1.0,113.33616657287986,23.14492995837511,2018-10-10-06-00-14
1.0,113.33891122785501,23.14492494809514,2018-10-10-06-00-14
1.0,113.3394102678748,23.14492404704736,2018-10-10-06-00-14
1.0,113.3399093118002,23.14492314929111,2018-10-10-06-00-14
1.0,113.34140646805146,23.144920476732516,2018-10-10-06-00-14
1.0,113.33516852458216,23.145181702197124,2018-10-10-06-00-14
3.0,113.33566753865236,23.14518077954966,2018-10-10-06-00-14
2.0,113.33591704684976,23.145180319181218,2018-10-10-06-00-14
1.0,113.33591702981033,23.145430220305077,2018-10-10-06-00-14
1.0,113.33616653879923,23.145429760589735,2018-10-10-06-00-14
1.0,113.34190549451496,23.145419395314892,2018-10-10-06-00-14
1.0,113.33516849050898,23.14568150447815,2018-10-10-06-00-14
1.0,113.33916069622742,23.145674200535822,2018-10-10-06-00-14
1.0,113.33965973818128,23.145673301121516,2018-10-10-06-00-14
1.0,113.3344199579884,23.145932794233005,2018-10-10-06-00-14
1.0,113.33866162402612,23.146174905605807,2018-10-10-06-00-14
1.0,113.33941018260954,23.146173552829303,2018-10-10-06-00-14
1.0,113.33841208934045,23.14642525937684,2018-10-10-06-00-14
1.0,113.34090730943188,23.146420771074098,2018-10-10-06-00-14
1.0,113.33716448067483,23.14692733594171,2018-10-10-06-00-14
1.0,113.3439016455597,23.14741510961923,2018-10-10-06-00-14
1.0,113.33666537173067,23.148177757722834,2018-10-10-06-00-14
1.0,113.33691488316566,23.148177300039585,2018-10-10-06-00-14
1.0,113.3384119699876,23.148174569104256,2018-10-10-06-00-14
1.0,113.34040812092931,23.148420873208018,2018-10-10-06-00-14
1.0,113.33816241918305,23.148674825475872,2018-10-10-06-00-14
1.0,113.33616630021614,23.14892837982039,2018-10-10-06-00-14
1.0,113.33641580999719,23.148927920769797,2018-10-10-06-00-14
1.0,113.33666532059715,23.148927462396724,2018-10-10-06-00-14
1.0,113.3396595164641,23.14892201918764,2018-10-10-06-00-14
1.0,113.34639694371243,23.149909849550077,2018-10-10-06-00-14
1.0,113.34390145776774,23.15016402711799,2018-10-10-06-00-14
1.0,113.33566716376785,23.15067861199975,2018-10-10-06-00-14
1.0,113.33666520127977,23.150676774489924,2018-10-10-06-00-14
1.0,113.34190513616844,23.15066732661897,2018-10-10-06-00-14
1.0,113.34290327063493,23.150665570760196,2018-10-10-06-00-14
1.0,113.34664644648556,23.150659133505435,2018-10-10-06-00-14
1.0,113.33441961727536,23.150930825080632,2018-10-10-06-00-14
1.0,113.3371642079278,23.150925761688498,2018-10-10-06-00-14
1.0,113.33491860978421,23.151179800667716,2018-10-10-06-00-14
1.0,113.33541760524723,23.15142877870603,2018-10-10-06-00-14
1.0,113.34215461689251,23.15141659190331,2018-10-10-06-00-14
1.0,113.33541758820557,23.15167868067344,2018-10-10-06-00-14
1.0,113.34015834058116,23.152169846897873,2018-10-10-06-00-14
1.0,113.33516803045583,23.152428848422034,2018-10-10-06-00-14
1.0,113.33641555432159,23.15267644874026,2018-10-10-06-00-14
1.0,113.33566699333909,23.153177632193042,2018-10-10-06-00-14
1.0,113.33716405448881,23.15317488001523,2018-10-10-06-00-14
1.0,113.33616599341839,23.15342661431638,2018-10-10-06-00-14
1.0,113.33691452517917,23.15342523920708,2018-10-10-06-00-14
1.0,113.33741355055773,23.153424325956568,2018-10-10-06-00-14
1.0,113.34639737070422,23.143662316480935,2018-10-10-06-00-14
1.0,113.34739559501466,23.143660637816332,2018-10-10-06-00-14
1.0,113.35238706466029,23.14365254697919,2018-10-10-06-00-14
1.0,113.35363503007206,23.143650609827006,2018-10-10-06-00-14
1.0,113.35413422796589,23.143649845243587,2018-10-10-06-00-14
1.0,113.35563186307931,23.143647587854286,2018-10-10-06-00-14
1.0,113.35638070451485,23.143646480141875,2018-10-10-06-00-14
1.0,113.35563184597062,23.143897488777558,2018-10-10-06-00-14
1.0,113.34539913360311,23.14416381548796,2018-10-10-06-00-14
1.0,113.34764510327638,23.144409923993233,2018-10-10-06-00-14
1.0,113.34889290492431,23.144657759936166,2018-10-10-06-00-14
1.0,113.35413415954919,23.144649449134302,2018-10-10-06-00-14
1.0,113.3551325759471,23.144647938061407,2018-10-10-06-00-14
1.0,113.34864332122335,23.144908071516888,2018-10-10-06-00-14
1.0,113.35588138954652,23.14489672198171,2018-10-10-06-00-14
1.0,113.35088945720352,23.145154324484825,2018-10-10-06-00-14
1.0,113.35687983851521,23.145145155662608,2018-10-10-06-00-14
1.0,113.34939199127592,23.14540664596795,2018-10-10-06-00-14
1.0,113.35063986148343,23.14540462566957,2018-10-10-06-00-14
2.0,113.3493919741866,23.145656547122563,2018-10-10-06-00-14
1.0,113.34939195709711,23.145906448310303,2018-10-10-06-00-14
1.0,113.34964152812118,23.145906041623775,2018-10-10-06-00-14
1.0,113.35663011658846,23.146644927332808,2018-10-10-06-00-14
1.0,113.35513242197106,23.146897048743636,2018-10-10-06-00-14
1.0,113.35063972473013,23.14740383583527,2018-10-10-06-00-14
1.0,113.3568796502569,23.147894069812903,2018-10-10-06-00-14
1.0,113.34639694371243,23.149909849550077,2018-10-10-06-00-14
1.0,113.34914207993256,23.150405083395427,2018-10-10-06-00-14
1.0,113.34664644648556,23.150659133505435,2018-10-10-06-00-14
1.0,113.3496412033728,23.1506541705576,2018-10-10-06-00-14
1.0,113.34939158108598,23.151404282933793,2018-10-10-06-00-14
1.0,113.35238653453698,23.15139949108852,2018-10-10-06-00-14
1.0,113.34889242642228,23.151655002135186,2018-10-10-06-00-14
1.0,113.34989070749712,23.151653372825898,2018-10-10-06-00-14
1.0,113.34764459072615,23.15190696922114,2018-10-10-06-00-14
1.0,113.35238650032993,23.151899295051997,2018-10-10-06-00-14
1.0,113.34764457363855,23.152156871255475,2018-10-10-06-00-14
1.0,113.34989067330652,23.152153176859255,2018-10-10-06-00-14
1.0,113.35263607297661,23.15214880676072,2018-10-10-06-00-14
1.0,113.34939147852343,23.152903695242145,2018-10-10-06-00-14
1.0,113.35288559594397,23.15314802635146,2018-10-10-06-00-14
1.0,113.34864274019179,23.153404727385812,2018-10-10-06-00-14
1.0,113.34839315796283,23.15365504141175,2018-10-10-06-00-14
1.0,113.3486427230997,23.1536546296283,2018-10-10-06-00-14
1.0,113.3301779873309,23.15318790078123,2018-10-10-06-00-14
1.0,113.33242345326849,23.153183670870426,2018-10-10-06-00-14
1.0,113.33566699333909,23.153177632193042,2018-10-10-06-00-14
1.0,113.33716405448881,23.15317488001523,2018-10-10-06-00-14
1.0,113.33616599341839,23.15342661431638,2018-10-10-06-00-14
1.0,113.33691452517917,23.15342523920708,2018-10-10-06-00-14
1.0,113.33741355055773,23.153424325956568,2018-10-10-06-00-14
1.0,113.32693456950214,23.15369386573956,2018-10-10-06-00-14
1.0,113.32868099849269,23.153690542408143,2018-10-10-06-00-14
1.0,113.33192442287634,23.153684412251994,2018-10-10-06-00-14
1.0,113.3324234192063,23.153683475326048,2018-10-10-06-00-14
1.0,113.33292241796252,23.15368254032616,2018-10-10-06-00-14
1.0,113.326685063994,23.153944243720662,2018-10-10-06-00-14
1.0,113.33691449108139,23.153925043730975,2018-10-10-06-00-14
1.0,113.33292238389569,23.15418234492128,2018-10-10-06-00-14
1.0,113.33716398628937,23.154174489062967,2018-10-10-06-00-14
1.0,113.3314253777833,23.154435057951442,2018-10-10-06-00-14
1.0,113.33192437178775,23.154434119197695,2018-10-10-06-00-14
1.0,113.33691445698292,23.15442484839477,2018-10-10-06-00-14
1.0,113.33766299634011,23.154423479601665,2018-10-10-06-00-14
1.0,113.32893042179472,23.154689678066276,2018-10-10-06-00-14
1.0,113.32967889847023,23.154688258943203,2018-10-10-06-00-14
1.0,113.32693448445387,23.154943377495204,2018-10-10-06-00-14
1.0,113.3344193446569,23.15492925961588,2018-10-10-06-00-14
1.0,113.33566687402904,23.154926948395957,2018-10-10-06-00-14
1.0,113.33591638218847,23.154926488025882,2018-10-10-06-00-14
1.0,113.3284314054314,23.155190430590096,2018-10-10-06-00-14
1.0,113.3324233170157,23.155182889532718,2018-10-10-06-00-14
1.0,113.33317179904009,23.155431390275872,2018-10-10-06-00-14
1.0,113.3251880197865,23.155696418587404,2018-10-10-06-00-14
1.0,113.32967883038503,23.155687868837983,2018-10-10-06-00-14
1.0,113.33192428663676,23.15568363147631,2018-10-10-06-00-14
1.0,113.3249385161024,23.155946797973318,2018-10-10-06-00-14
1.0,113.33416977281732,23.155929333681062,2018-10-10-06-00-14
1.0,113.32518796877528,23.156446126381848,2018-10-10-06-00-14
1.0,113.3284313033307,23.156689846069835,2018-10-10-06-00-14
1.0,113.3366647921295,23.15667442880965,2018-10-10-06-00-14
1.0,113.32718380314172,23.157441928162456,2018-10-10-06-00-14
1.0,113.33766279170062,23.157422310545655,2018-10-10-06-00-14
1.0,113.32643532066452,23.15769325806354,2018-10-10-06-00-14
1.0,113.3271837861289,23.15769183097394,2018-10-10-06-00-14
1.0,113.33566668652529,23.15767587734949,2018-10-10-06-00-14
1.0,113.33591619467401,23.157675416978957,2018-10-10-06-00-14
1.0,113.32568684076182,23.15794458966684,2018-10-10-06-00-14
1.0,113.32893020054718,23.15793841230014,2018-10-10-06-00-14
1.0,113.33591617762625,23.1579253198248,2018-10-10-06-00-14
1.0,113.33641519631267,23.157924401055265,2018-10-10-06-00-14
1.0,113.33691421827501,23.157923484995802,2018-10-10-06-00-14
1.0,113.32593631112155,23.158194016133724,2018-10-10-06-00-14
1.0,113.32668477482726,23.15819258789601,2018-10-10-06-00-14
1.0,113.33042714092987,23.158185480045987,2018-10-10-06-00-14
1.0,113.33117562619682,23.1581840674798,2018-10-10-06-00-14
1.0,113.3366646898269,23.158173845562263,2018-10-10-06-00-14
1.0,113.33516760437224,23.158676411600407,2018-10-10-06-00-14
1.0,113.32568677273245,23.158944201416208,2018-10-10-06-00-14
1.0,113.32568675572469,23.15919410444363,2018-10-10-06-00-14
1.0,113.33267252648845,23.15943076896888,2018-10-10-06-00-14
1.0,113.33392001423967,23.159678340981394,2018-10-10-06-00-14
1.0,113.32868055601287,23.1601880132197,2018-10-10-06-00-14
1.0,113.33242297633703,23.16018094612142,2018-10-10-06-00-14
1.0,113.33267247537944,23.160180478373483,2018-10-10-06-00-14
1.0,113.33292197504178,23.16018001111937,2018-10-10-06-00-14
1.0,113.33441898678035,23.16017721865317,2018-10-10-06-00-14
1.0,113.33342095923994,23.16042898134918,2018-10-10-06-00-14
1.0,113.32793205032048,23.160689242429655,2018-10-10-06-00-14
1.0,113.32518766267657,23.16094437991636,2018-10-10-06-00-14
1.0,113.32868050495027,23.160937722953566,2018-10-10-06-00-14
1.0,113.33391992903162,23.160927857018233,2018-10-10-06-00-14
1.0,113.32843099699265,23.161188100243717,2018-10-10-06-00-14
1.0,113.3261855776133,23.161442280649695,2018-10-10-06-00-14
1.0,113.32518761165487,23.16169408998072,2018-10-10-06-00-14
1.0,113.32743300300636,23.161689805596186,2018-10-10-06-00-14
1.0,113.33042690254528,23.161684124199475,2018-10-10-06-00-14
1.0,113.33267237315688,23.161679898165996,2018-10-10-06-00-14
1.0,113.32493810799112,23.16194447023302,2018-10-10-06-00-14
1.0,113.3251875946473,23.161943993408826,2018-10-10-06-00-14
1.0,113.32518756063168,23.16244380037534,2018-10-10-06-00-14
1.0,113.32568653460868,23.16244284710912,2018-10-10-06-00-14
1.0,113.32818142135042,23.162438091638624,2018-10-10-06-00-14
1.0,113.33616536260872,23.16267302105493,2018-10-10-06-00-14
1.0,113.32568650058833,23.162942654222906,2018-10-10-06-00-14
1.0,113.32593598793592,23.162942177805594,2018-10-10-06-00-14
1.0,113.33566699333909,23.153177632193042,2018-10-10-06-00-14
1.0,113.33716405448881,23.15317488001523,2018-10-10-06-00-14
1.0,113.33616599341839,23.15342661431638,2018-10-10-06-00-14
1.0,113.33691452517917,23.15342523920708,2018-10-10-06-00-14
1.0,113.33741355055773,23.153424325956568,2018-10-10-06-00-14
1.0,113.33691449108139,23.153925043730975,2018-10-10-06-00-14
1.0,113.34639667038279,23.15390828183601,2018-10-10-06-00-14
1.0,113.33716398628937,23.154174489062967,2018-10-10-06-00-14
1.0,113.33916011635662,23.154170859927106,2018-10-10-06-00-14
1.0,113.33691445698292,23.15442484839477,2018-10-10-06-00-14
1.0,113.33766299634011,23.154423479601665,2018-10-10-06-00-14
1.0,113.3471453022861,23.15440682572158,2018-10-10-06-00-14
1.0,113.33566687402904,23.154926948395957,2018-10-10-06-00-14
1.0,113.33591638218847,23.154926488025882,2018-10-10-06-00-14
1.0,113.34639656787313,23.15540769623917,2018-10-10-06-00-14
1.0,113.33791242594295,23.155672537071307,2018-10-10-06-00-14
1.0,113.33866097598228,23.15567117720971,2018-10-10-06-00-14
1.0,113.3463965337019,23.155907501322098,2018-10-10-06-00-14
1.0,113.347394757839,23.155905822649043,2018-10-10-06-00-14
1.0,113.33816189054139,23.156421790805506,2018-10-10-06-00-14
1.0,113.33990852711516,23.156418634455594,2018-10-10-06-00-14
1.0,113.3366647921295,23.15667442880965,2018-10-10-06-00-14
1.0,113.33866089069541,23.15692069036678,2018-10-10-06-00-14
1.0,113.33915992871003,23.15691978770533,2018-10-10-06-00-14
1.0,113.33940943209525,23.15716924032283,2018-10-10-06-00-14
1.0,113.33766279170062,23.157422310545655,2018-10-10-06-00-14
1.0,113.33566668652529,23.15767587734949,2018-10-10-06-00-14
1.0,113.33591619467401,23.157675416978957,2018-10-10-06-00-14
1.0,113.344400029148,23.157660232215772,2018-10-10-06-00-14
1.0,113.33591617762625,23.1579253198248,2018-10-10-06-00-14
1.0,113.33641519631267,23.157924401055265,2018-10-10-06-00-14
1.0,113.33691421827501,23.157923484995802,2018-10-10-06-00-14
1.0,113.34489910064586,23.157909275466537,2018-10-10-06-00-14
1.0,113.3366646898269,23.158173845562263,2018-10-10-06-00-14
1.0,113.33516760437224,23.158676411600407,2018-10-10-06-00-14
1.0,113.33990837354847,23.158667759741483,2018-10-10-06-00-14
1.0,113.34489901523507,23.159158790227195,2018-10-10-06-00-14
1.0,113.34040725071549,23.16116589688759,2018-10-10-06-00-14
1.0,113.33965862931299,23.16191694989204,2018-10-10-06-00-14
1.0,113.34090623436444,23.162164619625933,2018-10-10-06-00-14
1.0,113.34115574482861,23.162414079015942,2018-10-10-06-00-14
1.0,113.33616536260872,23.16267302105493,2018-10-10-06-00-14
1.0,113.34939147852343,23.152903695242145,2018-10-10-06-00-14
1.0,113.35288559594397,23.15314802635146,2018-10-10-06-00-14
1.0,113.34864274019179,23.153404727385812,2018-10-10-06-00-14
1.0,113.34839315796283,23.15365504141175,2018-10-10-06-00-14
1.0,113.3486427230997,23.1536546296283,2018-10-10-06-00-14
1.0,113.34639667038279,23.15390828183601,2018-10-10-06-00-14
1.0,113.35038968605662,23.154151587560175,2018-10-10-06-00-14
1.0,113.3513880035791,23.154149990038857,2018-10-10-06-00-14
1.0,113.3471453022861,23.15440682572158,2018-10-10-06-00-14
1.0,113.34864267182242,23.15440433656549,2018-10-10-06-00-14
1.0,113.34914180644347,23.154403516780363,2018-10-10-06-00-14
1.0,113.35014007634126,23.15465179503736,2018-10-10-06-00-14
1.0,113.3483930725042,23.154904553149283,2018-10-10-06-00-14
1.0,113.35563109302278,23.154893162597876,2018-10-10-06-00-14
1.0,113.34639656787313,23.15540769623917,2018-10-10-06-00-14
1.0,113.35038958346253,23.15565100217019,2018-10-10-06-00-14
1.0,113.3463965337019,23.155907501322098,2018-10-10-06-00-14
1.0,113.347394757839,23.155905822649043,2018-10-10-06-00-14
1.0,113.35687910248092,23.155890934383105,2018-10-10-06-00-14
1.0,113.35113826794161,23.15639950976689,2018-10-10-06-00-14
1.0,113.344400029148,23.157660232215772,2018-10-10-06-00-14
1.0,113.34489910064586,23.157909275466537,2018-10-10-06-00-14
1.0,113.34489901523507,23.159158790227195,2018-10-10-06-00-14
1.0,113.35213641615356,23.15914686001842,2018-10-10-06-00-14
1.0,113.35238597003507,23.159646274422148,2018-10-10-06-00-14
1.0,113.3523859015982,23.160645887166144,2018-10-10-06-00-14
1.0,113.35013963173667,23.16114926947264,2018-10-10-06-00-14
1.0,113.35188669281057,23.16114647867208,2018-10-10-06-00-14
1.0,113.35063875005243,23.16164827204798,2018-10-10-06-00-14
1.0,113.35163700529192,23.16264629389145,2018-10-10-06-00-14
1.0,113.35188659015813,23.162645899324257,2018-10-10-06-00-14
1.0,113.32493810799112,23.16194447023302,2018-10-10-06-00-14
1.0,113.3251875946473,23.161943993408826,2018-10-10-06-00-14
1.0,113.32518756063168,23.16244380037534,2018-10-10-06-00-14
1.0,113.32568653460868,23.16244284710912,2018-10-10-06-00-14
1.0,113.32818142135042,23.162438091638624,2018-10-10-06-00-14
1.0,113.33616536260872,23.16267302105493,2018-10-10-06-00-14
1.0,113.32568650058833,23.162942654222906,2018-10-10-06-00-14
1.0,113.32593598793592,23.162942177805594,2018-10-10-06-00-14
1.0,113.32543699647653,23.163193034400624,2018-10-10-06-00-14
1.0,113.32568648357791,23.16319255783523,2018-10-10-06-00-14
1.0,113.32618545852968,23.163191605160925,2018-10-10-06-00-14
1.0,113.3271834118046,23.163189701984415,2018-10-10-06-00-14
1.0,113.32618544151707,23.16344150881019,2018-10-10-06-00-14
1.0,113.33691384309645,23.163421356772393,2018-10-10-06-00-14
1.0,113.32593593690112,23.16369188875357,2018-10-10-06-00-14
1.0,113.32643491237948,23.16369093641227,2018-10-10-06-00-14
1.0,113.32693388899949,23.16368998481148,2018-10-10-06-00-14
1.0,113.32768235630462,23.163688559015156,2018-10-10-06-00-14
1.0,113.33367023929772,23.163677260680046,2018-10-10-06-00-14
1.0,113.32593591988918,23.163941792477093,2018-10-10-06-00-14
1.0,113.32643489536552,23.16394084013571,2018-10-10-06-00-14
1.0,113.3266843835251,23.163940364236527,2018-10-10-06-00-14
1.0,113.32768233928562,23.16393846273839,2018-10-10-06-00-14
1.0,113.32493795492468,23.16419360274669,2018-10-10-06-00-14
1.0,113.3379118460075,23.164169244333916,2018-10-10-06-00-14
1.0,113.32743281581386,23.16443874533158,2018-10-10-06-00-14
1.0,113.3364147529615,23.1644218877953,2018-10-10-06-00-14
1.0,113.32743279879537,23.164688649166592,2018-10-10-06-00-14
1.0,113.3359157002209,23.16492261427156,2018-10-10-06-00-14
1.0,113.32643477626316,23.1656901672442,2018-10-10-06-00-14
1.0,113.32693373584969,23.165939119665172,2018-10-10-06-00-14
1.0,113.33766221175811,23.165919026496777,2018-10-10-06-00-14
1.0,113.3259357667743,23.166190927668964,2018-10-10-06-00-14
1.0,113.33791170952404,23.166168475749103,2018-10-10-06-00-14
1.0,113.33491757006756,23.166423883569525,2018-10-10-06-00-14
3.0,113.33516707588373,23.166423421311386,2018-10-10-06-00-14
1.0,113.3329215320083,23.166677506493276,2018-10-10-06-00-14
1.0,113.3364145994675,23.16667102364633,2018-10-10-06-00-14
1.0,113.32493776782518,23.166942546586636,2018-10-10-06-00-14
1.0,113.32568622840161,23.166941116493906,2018-10-10-06-00-14
1.0,113.32543672430336,23.167191497271283,2018-10-10-06-00-14
1.0,113.33466801384435,23.16717405894792,2018-10-10-06-00-14
1.0,113.32568617736186,23.16769082924164,2018-10-10-06-00-14
1.0,113.3259356476756,23.167940257148697,2018-10-10-06-00-14
1.0,113.32518715239225,23.16844149559969,2018-10-10-06-00-14
1.0,113.3256861263206,23.16844054233149,2018-10-10-06-00-14
1.0,113.32593559663081,23.168689970352787,2018-10-10-06-00-14
1.0,113.33366989840678,23.168675342253554,2018-10-10-06-00-14
1.0,113.3254366052142,23.168940827815188,2018-10-10-06-00-14
1.0,113.32618506719747,23.16893939857264,2018-10-10-06-00-14
1.0,113.33342037979293,23.168925712430372,2018-10-10-06-00-14
1.0,113.33142430470151,23.170178979065007,2018-10-10-06-00-14
1.0,113.33666387118973,23.17016922713745,2018-10-10-06-00-14
1.0,113.3249374956445,23.170941018548774,2018-10-10-06-00-14
1.0,113.32818084257053,23.17093483296951,2018-10-10-06-00-14
1.0,113.33317074252467,23.170925415856686,2018-10-10-06-00-14
1.0,113.3284303160482,23.171184263535174,2018-10-10-06-00-14
1.0,113.33491724609455,23.171172068633997,2018-10-10-06-00-14
1.0,113.33791135120406,23.171416469760988,2018-10-10-06-00-14
1.0,113.33965862931299,23.16191694989204,2018-10-10-06-00-14
1.0,113.34090623436444,23.162164619625933,2018-10-10-06-00-14
1.0,113.34115574482861,23.162414079015942,2018-10-10-06-00-14
1.0,113.33616536260872,23.16267302105493,2018-10-10-06-00-14
1.0,113.34115571068642,23.162913886124556,2018-10-10-06-00-14
1.0,113.34140523928615,23.162913442922264,2018-10-10-06-00-14
1.0,113.34365104684854,23.16290949687185,2018-10-10-06-00-14
1.0,113.34340149098192,23.163159834987148,2018-10-10-06-00-14
1.0,113.33691384309645,23.163421356772393,2018-10-10-06-00-14
1.0,113.34564733291528,23.163905673382665,2018-10-10-06-00-14
1.0,113.3379118460075,23.164169244333916,2018-10-10-06-00-14
1.0,113.33866039594913,23.164167884468032,2018-10-10-06-00-14
1.0,113.33890991445358,23.164167432736697,2018-10-10-06-00-14
1.0,113.34215374624239,23.16416163729416,2018-10-10-06-00-14
1.0,113.3364147529615,23.1644218877953,2018-10-10-06-00-14
1.0,113.33990796397111,23.16466544154823,2018-10-10-06-00-14
1.0,113.3359157002209,23.16492261427156,2018-10-10-06-00-14
1.0,113.33816131055626,23.16491850177845,2018-10-10-06-00-14
1.0,113.33816129349496,23.165168405686437,2018-10-10-06-00-14
1.0,113.33816127643348,23.16541830963189,2018-10-10-06-00-14
1.0,113.33766221175811,23.165919026496777,2018-10-10-06-00-14
1.0,113.33791170952404,23.166168475749103,2018-10-10-06-00-14
1.0,113.33816122524804,23.166168021693583,2018-10-10-06-00-14
1.0,113.33491757006756,23.166423883569525,2018-10-10-06-00-14
3.0,113.33516707588373,23.166423421311386,2018-10-10-06-00-14
1.0,113.3364145994675,23.16667102364633,2018-10-10-06-00-14
1.0,113.33990782742393,23.166664673561037,2018-10-10-06-00-14
1.0,113.34140491488408,23.16766161789105,2018-10-10-06-00-14
1.0,113.3419039582249,23.167910638575496,2018-10-10-06-00-14
1.0,113.34040677276616,23.16816320478009,2018-10-10-06-00-14
1.0,113.34040670447698,23.169162822605077,2018-10-10-06-00-14
1.0,113.34614605820816,23.16940271615111,2018-10-10-06-00-14
1.0,113.34040667033139,23.169662631747393,2018-10-10-06-00-14
1.0,113.34315150927209,23.169657777507602,2018-10-10-06-00-14
1.0,113.33816096929833,23.169916587118994,2018-10-10-06-00-14
1.0,113.34015712887731,23.169912983135205,2018-10-10-06-00-14
1.0,113.34390010848524,23.169906378626305,2018-10-10-06-00-14
1.0,113.34714424254322,23.169900842001415,2018-10-10-06-00-14
1.0,113.33666387118973,23.17016922713745,2018-10-10-06-00-14
1.0,113.34215333637412,23.170159338785886,2018-10-10-06-00-14
1.0,113.34564688855875,23.17040318332241,2018-10-10-06-00-14
1.0,113.33940851056737,23.17066404263601,2018-10-10-06-00-14
1.0,113.34190377036322,23.170659588647272,2018-10-10-06-00-14
1.0,113.33915897310474,23.170914397542177,2018-10-10-06-00-14
1.0,113.33940849349743,23.170913947419322,2018-10-10-06-00-14
1.0,113.34639550825356,23.170901721681133,2018-10-10-06-00-14
1.0,113.33491724609455,23.171172068633997,2018-10-10-06-00-14
1.0,113.34190373620437,23.171159398251774,2018-10-10-06-00-14
1.0,113.34365048309976,23.171156335827956,2018-10-10-06-00-14
1.0,113.34714415705203,23.17115036571832,2018-10-10-06-00-14
1.0,113.33791135120406,23.171416469760988,2018-10-10-06-00-14
1.0,113.34240276685836,23.171658328142232,2018-10-10-06-00-14
1.0,113.3434009101725,23.171656580094403,2018-10-10-06-00-14
1.0,113.34439907241912,23.171654848264073,2018-10-10-06-00-14
1.0,113.34414951294957,23.171905184597765,2018-10-10-06-00-14
1.0,113.35063875005243,23.16164827204798,2018-10-10-06-00-14
1.0,113.35163700529192,23.16264629389145,2018-10-10-06-00-14
1.0,113.35188659015813,23.162645899324257,2018-10-10-06-00-14
1.0,113.34564733291528,23.163905673382665,2018-10-10-06-00-14
1.0,113.34988978411543,23.16514813158347,2018-10-10-06-00-14
1.0,113.35238559359901,23.165144151786937,2018-10-10-06-00-14
1.0,113.35288475754048,23.165393276511203,2018-10-10-06-00-14
1.0,113.35288472331138,23.165893084509648,2018-10-10-06-00-14
1.0,113.35238543957904,23.1673932886293,2018-10-10-06-00-14
1.0,113.35213583439398,23.167643584663992,2018-10-10-06-00-14
1.0,113.35238542246486,23.167643192911957,2018-10-10-06-00-14
1.0,113.3531340937931,23.16914145274216,2018-10-10-06-00-14
1.0,113.34614605820816,23.16940271615111,2018-10-10-06-00-14
1.0,113.34914076337276,23.169647628411404,2018-10-10-06-00-14
1.0,113.34714424254322,23.169900842001415,2018-10-10-06-00-14
1.0,113.35063818551636,23.169895104737385,2018-10-10-06-00-14
1.0,113.35063816840636,23.17014500940293,2018-10-10-06-00-14
1.0,113.35188607680531,23.17014302275671,2018-10-10-06-00-14
1.0,113.35313402532088,23.170141071171788,2018-10-10-06-00-14
1.0,113.354631618584,23.170138777479867,2018-10-10-06-00-14
1.0,113.34564688855875,23.17040318332241,2018-10-10-06-00-14
1.0,113.35063813418586,23.170644818849755,2018-10-10-06-00-14
1.0,113.35413237977271,23.170639345515433,2018-10-10-06-00-14
1.0,113.35438198119353,23.17063896546461,2018-10-10-06-00-14
1.0,113.34639550825356,23.170901721681133,2018-10-10-06-00-14
1.0,113.35138685737697,23.170893527512998,2018-10-10-06-00-14
1.0,113.35213561190524,23.170892343818128,2018-10-10-06-00-14
1.0,113.34714415705203,23.17115036571832,2018-10-10-06-00-14
1.0,113.3483919611606,23.171148288331317,2018-10-10-06-00-14
1.0,113.35013893039913,23.17139533747595,2018-10-10-06-00-14
5.0,113.3513868231504,23.171393337191727,2018-10-10-06-00-14
1.0,113.35188599123184,23.171392546662815,2018-10-10-06-00-14
1.0,113.3284303160482,23.171184263535174,2018-10-10-06-00-14
1.0,113.33491724609455,23.171172068633997,2018-10-10-06-00-14
1.0,113.33791135120406,23.171416469760988,2018-10-10-06-00-14
1.0,113.32743227113934,23.17243568685174,2018-10-10-06-00-14
1.0,113.33067566467427,23.172429534176548,2018-10-10-06-00-14
1.0,113.3354161731668,23.17242066942888,2018-10-10-06-00-14
1.0,113.32693327631935,23.172686542673578,2018-10-10-06-00-14
1.0,113.3271827650546,23.1726860671803,2018-10-10-06-00-14
1.0,113.32892919606984,23.172682745642113,2018-10-10-06-00-14
1.0,113.33691321193203,23.172667818259164,2018-10-10-06-00-14
1.0,113.3374122371619,23.17266690500219,2018-10-10-06-00-14
1.0,113.3341686137337,23.172922793836563,2018-10-10-06-00-14
1.0,113.32743222006737,23.173185402141613,2018-10-10-06-00-14
1.0,113.32843017982732,23.173183503526634,2018-10-10-06-00-14
1.0,113.32892916200959,23.173182555873986,2018-10-10-06-00-14
1.0,113.33416859668259,23.173172698971204,2018-10-10-06-00-14
1.0,113.33641415596436,23.173168544552944,2018-10-10-06-00-14
1.0,113.32942812883726,23.173431514631073,2018-10-10-06-00-14
1.0,113.33391907672166,23.173423068747926,2018-10-10-06-00-14
1.0,113.3359151203384,23.173419368501147,2018-10-10-06-00-14
1.0,113.33691316074652,23.173417533661762,2018-10-10-06-00-14
1.0,113.3359151032801,23.17366927371397,2018-10-10-06-00-14
1.0,113.32818063824931,23.1739336934276,2018-10-10-06-00-14
1.0,113.329428094772,23.1739313250982,2018-10-10-06-00-14
1.0,113.3289290938871,23.174182176808674,2018-10-10-06-00-14
1.0,113.33791116348323,23.174165425807406,2018-10-10-06-00-14
1.0,113.32843009468385,23.17443302979384,2018-10-10-06-00-14
1.0,113.33566554402077,23.174419449961892,2018-10-10-06-00-14
1.0,113.3251867270409,23.174689118185356,2018-10-10-06-00-14
1.0,113.32643416360786,23.174686736150893,2018-10-10-06-00-14
1.0,113.32668365172395,23.174686260249935,2018-10-10-06-00-14
1.0,113.32718262886607,23.17468530905286,2018-10-10-06-00-14
1.0,113.32793109705507,23.174683883954845,2018-10-10-06-00-14
1.0,113.32843007765466,23.174682935165503,2018-10-10-06-00-14
1.0,113.32967753625951,23.174680568379344,2018-10-10-06-00-14
1.0,113.32793108002772,23.17493378936613,2018-10-10-06-00-14
1.0,113.32867955150637,23.174932366601883,2018-10-10-06-00-14
1.0,113.32942802663948,23.174930946505345,2018-10-10-06-00-14
1.0,113.32618464173648,23.175187023099713,2018-10-10-06-00-14
1.0,113.32743206684242,23.175434550134387,2018-10-10-06-00-14
1.0,113.32768155623125,23.17543407509747,2018-10-10-06-00-14
1.0,113.3274320498166,23.175684455664676,2018-10-10-06-00-14
1.0,113.33591494974797,23.175918422405147,2018-10-10-06-00-14
1.0,113.33691299011726,23.175916587564085,2018-10-10-06-00-14
1.0,113.33766152922553,23.175915218760156,2018-10-10-06-00-14
1.0,113.33267136764862,23.176424265012688,2018-10-10-06-00-14
1.0,113.33391887210517,23.17642193391265,2018-10-10-06-00-14
1.0,113.33466738291165,23.176420541817325,2018-10-10-06-00-14
1.0,113.33766149509188,23.176415030016283,2018-10-10-06-00-14
1.0,113.33791099281038,23.17666448089649,2018-10-10-06-00-14
1.0,113.32643401041031,23.176935886284348,2018-10-10-06-00-14
1.0,113.3304258464494,23.177178208255512,2018-10-10-06-00-14
1.0,113.33466733174492,23.177170259002498,2018-10-10-06-00-14
1.0,113.33641388298324,23.17716703207042,2018-10-10-06-00-14
1.0,113.33666339347366,23.177166573692617,2018-10-10-06-00-14
1.0,113.3379109586738,23.177164292392163,2018-10-10-06-00-14
1.0,113.33791094160527,23.177414198200083,2018-10-10-06-00-14
1.0,113.33716238283313,23.177665470674473,2018-10-10-06-00-14
1.0,113.33766140975483,23.177664558855994,2018-10-10-06-00-14
1.0,113.32568544562741,23.178436750271125,2018-10-10-06-00-14
1.0,113.3361642880014,23.178417020568606,2018-10-10-06-00-14
1.0,113.33666330815342,23.17841610313506,2018-10-10-06-00-14
1.0,113.3369128194713,23.17841564544674,2018-10-10-06-00-14
1.0,113.32668337934724,23.178684751614455,2018-10-10-06-00-14
1.0,113.33067523870204,23.17867717245536,2018-10-10-06-00-14
1.0,113.3296772466523,23.178928965786774,2018-10-10-06-00-14
1.0,113.33791083919053,23.17891363389213,2018-10-10-06-00-14
1.0,113.3269328336939,23.1791840880534,2018-10-10-06-00-14
1.0,113.32718232240289,23.179183612559047,2018-10-10-06-00-14
1.0,113.33441769099288,23.179169970053294,2018-10-10-06-00-14
1.0,113.33566521989052,23.179167658813107,2018-10-10-06-00-14
1.0,113.33791082212082,23.17916353998206,2018-10-10-06-00-14
1.0,113.32593486482418,23.17943589813817,2018-10-10-06-00-14
1.0,113.32743179440921,23.179433043419102,2018-10-10-06-00-14
1.0,113.33691275120823,23.179415269726345,2018-10-10-06-00-14
1.0,113.33117416106069,23.179675855582452,2018-10-10-06-00-14
1.0,113.33167315374425,23.179674915943508,2018-10-10-06-00-14
1.0,113.3361642026867,23.17966655102,2018-10-10-06-00-14
1.0,113.32643380612593,23.17993475817807,2018-10-10-06-00-14
1.0,113.33591465970592,23.1801668232056,2018-10-10-06-00-14
1.0,113.33341959552814,23.180421360616595,2018-10-10-06-00-14
1.0,113.33591464264312,23.18041672949891,2018-10-10-06-00-14
1.0,113.33716219509814,23.18041443766804,2018-10-10-06-00-14
1.0,113.33242157885698,23.180673134944378,2018-10-10-06-00-14
1.0,113.33317007761377,23.18067173318409,2018-10-10-06-00-14
1.0,113.33716217803033,23.180664344001908,2018-10-10-06-00-14
1.0,113.33317006056143,23.180921639559454,2018-10-10-06-00-14
1.0,113.33391856513538,23.180920242464694,2018-10-10-06-00-14
1.0,113.33591460851702,23.18091654220789,2018-10-10-06-00-14
1.0,113.33915897310474,23.170914397542177,2018-10-10-06-00-14
1.0,113.33940849349743,23.170913947419322,2018-10-10-06-00-14
1.0,113.34639550825356,23.170901721681133,2018-10-10-06-00-14
1.0,113.33491724609455,23.171172068633997,2018-10-10-06-00-14
1.0,113.34190373620437,23.171159398251774,2018-10-10-06-00-14
1.0,113.34365048309976,23.171156335827956,2018-10-10-06-00-14
1.0,113.34714415705203,23.17115036571832,2018-10-10-06-00-14
1.0,113.33791135120406,23.171416469760988,2018-10-10-06-00-14
1.0,113.34240276685836,23.171658328142232,2018-10-10-06-00-14
1.0,113.3434009101725,23.171656580094403,2018-10-10-06-00-14
1.0,113.34439907241912,23.171654848264073,2018-10-10-06-00-14
1.0,113.34414951294957,23.171905184597765,2018-10-10-06-00-14
1.0,113.34439903824052,23.172154658178368,2018-10-10-06-00-14
1.0,113.34489812671484,23.17215379857985,2018-10-10-06-00-14
1.0,113.34689453200548,23.172150404477893,2018-10-10-06-00-14
1.0,113.34739364667928,23.172149567489388,2018-10-10-06-00-14
1.0,113.3354161731668,23.17242066942888,2018-10-10-06-00-14
1.0,113.34789274979136,23.172398640315098,2018-10-10-06-00-14
1.0,113.33691321193203,23.172667818259164,2018-10-10-06-00-14
1.0,113.3374122371619,23.17266690500219,2018-10-10-06-00-14
1.0,113.34664494251962,23.17265063481262,2018-10-10-06-00-14
1.0,113.33890931712541,23.172914088141596,2018-10-10-06-00-14
1.0,113.34689448070938,23.172900119640627,2018-10-10-06-00-14
1.0,113.33641415596436,23.173168544552944,2018-10-10-06-00-14
1.0,113.33890930005587,23.173163993275438,2018-10-10-06-00-14
1.0,113.33915881947642,23.173163542341367,2018-10-10-06-00-14
1.0,113.34065595669098,23.17316085418566,2018-10-10-06-00-14
1.0,113.34439896988133,23.173154278475295,2018-10-10-06-00-14
1.0,113.34464851349136,23.173153848139698,2018-10-10-06-00-14
1.0,113.34514760446498,23.173152990697208,2018-10-10-06-00-14
1.0,113.3473935782771,23.173149187784254,2018-10-10-06-00-14
1.0,113.3359151203384,23.173419368501147,2018-10-10-06-00-14
1.0,113.33691316074652,23.173417533661762,2018-10-10-06-00-14
1.0,113.33841024698539,23.173414802700982,2018-10-10-06-00-14
1.0,113.33915880240578,23.17341344751438,2018-10-10-06-00-14
1.0,113.34365032931846,23.17340548097121,2018-10-10-06-00-14
1.0,113.34414941041622,23.173404615043694,2018-10-10-06-00-14
1.0,113.34464849640023,23.173403753311778,2018-10-10-06-00-14
1.0,113.34489804125633,23.173403324048476,2018-10-10-06-00-14
1.0,113.34514758737204,23.173402895869202,2018-10-10-06-00-14
1.0,113.34539713476003,23.173402468785625,2018-10-10-06-00-14
1.0,113.34614578468378,23.17340119422548,2018-10-10-06-00-14
1.0,113.34639533728689,23.173400771640992,2018-10-10-06-00-14
1.0,113.3359151032801,23.17366927371397,2018-10-10-06-00-14
1.0,113.33915878533496,23.173663352726656,2018-10-10-06-00-14
1.0,113.34340077348334,23.173655820690502,2018-10-10-06-00-14
1.0,113.34489802416412,23.173653229259774,2018-10-10-06-00-14
1.0,113.3463953201893,23.173650676852034,2018-10-10-06-00-14
1.0,113.34689442941179,23.173649835155757,2018-10-10-06-00-14
1.0,113.33816069624385,23.173915066459404,2018-10-10-06-00-14
1.0,113.33890924884629,23.173913708912448,2018-10-10-06-00-14
1.0,113.34240261311552,23.173907473990734,2018-10-10-06-00-14
1.0,113.34365029514301,23.173905291433552,2018-10-10-06-00-14
1.0,113.34389983508564,23.17390485795113,2018-10-10-06-00-14
1.0,113.34489800707176,23.17390313451039,2018-10-10-06-00-14
1.0,113.34539710057184,23.17390227924737,2018-10-10-06-00-14
1.0,113.34589619921154,23.173901428413718,2018-10-10-06-00-14
1.0,113.34614575049022,23.173901004686968,2018-10-10-06-00-14
1.0,113.34689441231225,23.173899740406025,2018-10-10-06-00-14
1.0,113.34714396895664,23.173899321317307,2018-10-10-06-00-14
1.0,113.33791116348323,23.174165425807406,2018-10-10-06-00-14
1.0,113.33965779293008,23.174162263845293,2018-10-10-06-00-14
1.0,113.34190353123724,23.174158259151152,2018-10-10-06-00-14
1.0,113.34389981799673,23.17415476324129,2018-10-10-06-00-14
1.0,113.34489798997922,23.17415303980038,2018-10-10-06-00-14
1.0,113.33566554402077,23.174419449961892,2018-10-10-06-00-14
1.0,113.33915873412151,23.17441306859961,2018-10-10-06-00-14
1.0,113.3441493420573,23.174404236125525,2018-10-10-06-00-14
1.0,113.345397066383,23.174402089866604,2018-10-10-06-00-14
1.0,113.346145716296,23.174400815305944,2018-10-10-06-00-14
1.0,113.34439886733749,23.17465371009806,2018-10-10-06-00-14
1.0,113.34514750190483,23.1746524223192,2018-10-10-06-00-14
1.0,113.33940822035584,23.174912429255354,2018-10-10-06-00-14
1.0,113.3448979387006,23.174902755907116,2018-10-10-06-00-14
1.0,113.34539703219347,23.174901900643754,2018-10-10-06-00-14
1.0,113.34115487399349,23.175159207552902,2018-10-10-06-00-14
1.0,113.34215299474363,23.17515744029556,2018-10-10-06-00-14
1.0,113.34414929078638,23.17515395235125,2018-10-10-06-00-14
1.0,113.34439883315487,23.175153520954677,2018-10-10-06-00-14
1.0,113.34564656376506,23.175151380115157,2018-10-10-06-00-14
1.0,113.34639521760025,23.17515010894585,2018-10-10-06-00-14
1.0,113.34664477153231,23.175149687514804,2018-10-10-06-00-14
1.0,113.34789256165774,23.175147598069177,2018-10-10-06-00-14
1.0,113.33890914642261,23.17541314125096,2018-10-10-06-00-14
1.0,113.33940818621014,23.175412240192895,2018-10-10-06-00-14
2.0,113.33965770756231,23.175411790892163,2018-10-10-06-00-14
1.0,113.33990722990417,23.17541134242635,2018-10-10-06-00-14
1.0,113.34265204469726,23.175406467834023,2018-10-10-06-00-14
1.0,113.34365019261259,23.175404723767237,2018-10-10-06-00-14
1.0,113.34689430971154,23.175399172736363,2018-10-10-06-00-14
1.0,113.33915864876242,23.17566259584484,2018-10-10-06-00-14
1.0,113.33965769048825,23.175661696420413,2018-10-10-06-00-14
1.0,113.34115483983422,23.17565901856919,2018-10-10-06-00-14
1.0,113.34664473733284,23.175649498529214,2018-10-10-06-00-14
1.0,113.33591494974797,23.175918422405147,2018-10-10-06-00-14
1.0,113.33691299011726,23.175916587564085,2018-10-10-06-00-14
1.0,113.33766152922553,23.175915218760156,2018-10-10-06-00-14
1.0,113.33841007629836,23.175913856600786,2018-10-10-06-00-14
1.0,113.339907195754,23.17591115352251,2018-10-10-06-00-14
1.0,113.34539696381242,23.17590152267354,2018-10-10-06-00-14
1.0,113.3381605426319,23.176164215503473,2018-10-10-06-00-14
1.0,113.34414922242277,23.176153574540784,2018-10-10-06-00-14
1.0,113.33766149509188,23.176415030016283,2018-10-10-06-00-14
1.0,113.33890907813681,23.176412763603164,2018-10-10-06-00-14
1.0,113.34689424130771,23.176398795083117,2018-10-10-06-00-14
1.0,113.33791099281038,23.17666448089649,2018-10-10-06-00-14
1.0,113.33816050849407,23.176664026839205,2018-10-10-06-00-14
1.0,113.33841002508899,23.17666357354444,2018-10-10-06-00-14
2.0,113.33890906106494,23.17666266929086,2018-10-10-06-00-14
1.0,113.33965762219036,23.176661318931433,2018-10-10-06-00-14
1.0,113.34365010716597,23.17665425180311,2018-10-10-06-00-14
1.0,113.34639511500515,23.176649542466762,2018-10-10-06-00-14
1.0,113.34689422420632,23.17664870076945,2018-10-10-06-00-14
1.0,113.3381604914249,23.17691393256699,2018-10-10-06-00-14
1.0,113.33841000801887,23.176913479272184,2018-10-10-06-00-14
1.0,113.3389090439929,23.176912575018516,2018-10-10-06-00-14
1.0,113.33940808376899,23.176911673959946,2018-10-10-06-00-14
1.0,113.33965760511548,23.176911224658962,2018-10-10-06-00-14
1.0,113.33641388298324,23.17716703207042,2018-10-10-06-00-14
1.0,113.33666339347366,23.177166573692617,2018-10-10-06-00-14
1.0,113.3379109586738,23.177164292392163,2018-10-10-06-00-14
1.0,113.33816047435558,23.177163838334796,2018-10-10-06-00-14
1.0,113.33940806669489,23.177161579727542,2018-10-10-06-00-14
1.0,113.33990711037563,23.177160681960405,2018-10-10-06-00-14
1.0,113.34015663371358,23.17716023434123,2018-10-10-06-00-14
1.0,113.34789242482056,23.177146843080806,2018-10-10-06-00-14
1.0,113.33791094160527,23.177414198200083,2018-10-10-06-00-14
1.0,113.33840997387811,23.177413290847785,2018-10-10-06-00-14
1.0,113.33915852925266,23.17741193565916,2018-10-10-06-00-14
13.0,113.3394080496206,23.17741148553521,2018-10-10-06-00-14
1.0,113.33990709329946,23.177410587767987,2018-10-10-06-00-14
1.0,113.344897767761,23.177401812177628,2018-10-10-06-00-14
1.0,113.34664461762941,23.17739883833459,2018-10-10-06-00-14
1.0,113.34739328753791,23.177397581078132,2018-10-10-06-00-14
1.0,113.33716238283313,23.177665470674473,2018-10-10-06-00-14
1.0,113.33766140975483,23.177664558855994,2018-10-10-06-00-14
1.0,113.33890899277579,23.177662292441823,2018-10-10-06-00-14
1.0,113.34140423173496,23.177657821023846,2018-10-10-06-00-14
1.0,113.34165374427688,23.17790728462539,2018-10-10-06-00-14
1.0,113.34040608975396,23.178159411051958,2018-10-10-06-00-14
1.0,113.34090514155288,23.17815852015592,2018-10-10-06-00-14
1.0,113.34165372719362,23.178157190553218,2018-10-10-06-00-14
1.0,113.34190325791023,23.178156749197754,2018-10-10-06-00-14
1.0,113.3421527897332,23.17815630878485,2018-10-10-06-00-14
1.0,113.3361642880014,23.178417020568606,2018-10-10-06-00-14
1.0,113.33666330815342,23.17841610313506,2018-10-10-06-00-14
1.0,113.3369128194713,23.17841564544674,2018-10-10-06-00-14
1.0,113.33940798132183,23.178411109167673,2018-10-10-06-00-14
1.0,113.3421527726479,23.178406214752876,2018-10-10-06-00-14
1.0,113.34240228850281,23.178655681302704,2018-10-10-06-00-14
1.0,113.34689408738927,23.178647947703357,2018-10-10-06-00-14
1.0,113.33791083919053,23.17891363389213,2018-10-10-06-00-14
1.0,113.33816035486556,23.178913179834467,2018-10-10-06-00-14
1.0,113.33840987145186,23.178912726539323,2018-10-10-06-00-14
1.0,113.33965746851032,23.178910471924418,2018-10-10-06-00-14
1.0,113.34040603851726,23.17890912907801,2018-10-10-06-00-14
1.0,113.33566521989052,23.179167658813107,2018-10-10-06-00-14
1.0,113.33791082212082,23.17916353998206,2018-10-10-06-00-14
1.0,113.3381603377949,23.17916308592435,2018-10-10-06-00-14
1.0,113.34040602143803,23.17915903516752,2018-10-10-06-00-14
1.0,113.33691275120823,23.179415269726345,2018-10-10-06-00-14
1.0,113.3361642026867,23.17966655102,2018-10-10-06-00-14
1.0,113.33840982023648,23.179662444930422,2018-10-10-06-00-14
1.0,113.33890885618946,23.17966154067583,2018-10-10-06-00-14
1.0,113.33865932067116,23.179911898621242,2018-10-10-06-00-14
1.0,113.33591465970592,23.1801668232056,2018-10-10-06-00-14
1.0,113.33591464264312,23.18041672949891,2018-10-10-06-00-14
1.0,113.33716219509814,23.18041443766804,2018-10-10-06-00-14
1.0,113.33716217803033,23.180664344001908,2018-10-10-06-00-14
1.0,113.33816023536737,23.180662523316094,2018-10-10-06-00-14
2.0,113.33865926945089,23.18066161749984,2018-10-10-06-00-14
1.0,113.33915830728424,23.180660714830395,2018-10-10-06-00-14
1.0,113.33591460851702,23.18091654220789,2018-10-10-06-00-14
1.0,113.33865925237713,23.180911523874283,2018-10-10-06-00-14
1.0,113.33890877081758,23.18091107214013,2018-10-10-06-00-14
1.0,113.35063813418586,23.170644818849755,2018-10-10-06-00-14
1.0,113.35413237977271,23.170639345515433,2018-10-10-06-00-14
1.0,113.35438198119353,23.17063896546461,2018-10-10-06-00-14
1.0,113.34639550825356,23.170901721681133,2018-10-10-06-00-14
1.0,113.35138685737697,23.170893527512998,2018-10-10-06-00-14
1.0,113.35213561190524,23.170892343818128,2018-10-10-06-00-14
1.0,113.34714415705203,23.17115036571832,2018-10-10-06-00-14
1.0,113.3483919611606,23.171148288331317,2018-10-10-06-00-14
1.0,113.35013893039913,23.17139533747595,2018-10-10-06-00-14
5.0,113.3513868231504,23.171393337191727,2018-10-10-06-00-14
1.0,113.35188599123184,23.171392546662815,2018-10-10-06-00-14
1.0,113.34839190985072,23.17189800302568,2018-10-10-06-00-14
1.0,113.35088762716812,23.171893943076356,2018-10-10-06-00-14
1.0,113.34489812671484,23.17215379857985,2018-10-10-06-00-14
1.0,113.34689453200548,23.172150404477893,2018-10-10-06-00-14
1.0,113.34739364667928,23.172149567489388,2018-10-10-06-00-14
1.0,113.34939016176835,23.17214626844169,2018-10-10-06-00-14
1.0,113.34789274979136,23.172398640315098,2018-10-10-06-00-14
1.0,113.34664494251962,23.17265063481262,2018-10-10-06-00-14
1.0,113.34689448070938,23.172900119640627,2018-10-10-06-00-14
1.0,113.34464851349136,23.173153848139698,2018-10-10-06-00-14
1.0,113.34514760446498,23.173152990697208,2018-10-10-06-00-14
1.0,113.3473935782771,23.173149187784254,2018-10-10-06-00-14
1.0,113.34464849640023,23.173403753311778,2018-10-10-06-00-14
1.0,113.34489804125633,23.173403324048476,2018-10-10-06-00-14
1.0,113.34514758737204,23.173402895869202,2018-10-10-06-00-14
1.0,113.34539713476003,23.173402468785625,2018-10-10-06-00-14
1.0,113.34614578468378,23.17340119422548,2018-10-10-06-00-14
1.0,113.34639533728689,23.173400771640992,2018-10-10-06-00-14
1.0,113.34489802416412,23.173653229259774,2018-10-10-06-00-14
1.0,113.3463953201893,23.173650676852034,2018-10-10-06-00-14
1.0,113.34689442941179,23.173649835155757,2018-10-10-06-00-14
1.0,113.34489800707176,23.17390313451039,2018-10-10-06-00-14
1.0,113.34539710057184,23.17390227924737,2018-10-10-06-00-14
1.0,113.34589619921154,23.173901428413718,2018-10-10-06-00-14
1.0,113.34614575049022,23.173901004686968,2018-10-10-06-00-14
1.0,113.34689441231225,23.173899740406025,2018-10-10-06-00-14
1.0,113.34714396895664,23.173899321317307,2018-10-10-06-00-14
1.0,113.34489798997922,23.17415303980038,2018-10-10-06-00-14
1.0,113.345397066383,23.174402089866604,2018-10-10-06-00-14
1.0,113.346145716296,23.174400815305944,2018-10-10-06-00-14
1.0,113.34514750190483,23.1746524223192,2018-10-10-06-00-14
1.0,113.3448979387006,23.174902755907116,2018-10-10-06-00-14
1.0,113.34539703219347,23.174901900643754,2018-10-10-06-00-14
1.0,113.34564656376506,23.175151380115157,2018-10-10-06-00-14
1.0,113.34639521760025,23.17515010894585,2018-10-10-06-00-14
1.0,113.34664477153231,23.175149687514804,2018-10-10-06-00-14
1.0,113.34789256165774,23.175147598069177,2018-10-10-06-00-14
1.0,113.34689430971154,23.175399172736363,2018-10-10-06-00-14
1.0,113.34664473733284,23.175649498529214,2018-10-10-06-00-14
1.0,113.34539696381242,23.17590152267354,2018-10-10-06-00-14
1.0,113.34689424130771,23.176398795083117,2018-10-10-06-00-14
1.0,113.34639511500515,23.176649542466762,2018-10-10-06-00-14
1.0,113.34689422420632,23.17664870076945,2018-10-10-06-00-14
1.0,113.34839156774632,23.176896110014532,2018-10-10-06-00-14
1.0,113.34789242482056,23.177146843080806,2018-10-10-06-00-14
1.0,113.344897767761,23.177401812177628,2018-10-10-06-00-14
1.0,113.34664461762941,23.17739883833459,2018-10-10-06-00-14
1.0,113.34739328753791,23.177397581078132,2018-10-10-06-00-14
1.0,113.3508872506612,23.17739186162781,2018-10-10-06-00-14
1.0,113.349389751148,23.17814399968199,2018-10-10-06-00-14
1.0,113.34689408738927,23.178647947703357,2018-10-10-06-00-14
