count,wgs_lng,wgs_lat,time
1.0,113.33117659659607,23.143939658784046,2018-10-12-06-00-23
1.0,113.32468982851972,23.14420189177734,2018-10-12-06-00-23
1.0,113.32743419375932,23.144196653665357,2018-10-12-06-00-23
1.0,113.3281826633745,23.144195229323355,2018-10-12-06-00-23
1.0,113.32992910637255,23.14419191594462,2018-10-12-06-00-23
1.0,113.33092708390937,23.144190030193837,2018-10-12-06-00-23
2.0,113.33117657957618,23.14418955974423,2018-10-12-06-00-23
1.0,113.3354180993825,23.144181636392755,2018-10-12-06-00-23
3.0,113.33092706689031,23.144439931186845,2018-10-12-06-00-23
13.0,113.33117656255614,23.144439460737196,2018-10-12-06-00-23
4.0,113.33142605876172,23.14443899070746,2018-10-12-06-00-23
1.0,113.33566758976671,23.144431076375767,2018-10-12-06-00-23
1.0,113.32893110237993,23.144693609446055,2018-10-12-06-00-23
8.0,113.3309270498711,23.14468983221269,2018-10-12-06-00-23
13.0,113.33117654553593,23.144689361763003,2018-10-12-06-00-23
7.0,113.33142604174051,23.144688891733225,2018-10-12-06-00-23
1.0,113.33267353132763,23.14468654831441,2018-10-12-06-00-23
1.0,113.33317253140815,23.144685614317456,2018-10-12-06-00-23
1.0,113.33591708092811,23.144680517032466,2018-10-12-06-00-23
1.0,113.33017854896526,23.14494114701672,2018-10-12-06-00-23
1.0,113.33117652851554,23.144939262821694,2018-10-12-06-00-23
1.0,113.33591704684976,23.145180319181218,2018-10-12-06-00-23
1.0,113.32893105134528,23.145443312722165,2018-10-12-06-00-23
1.0,113.32718460255684,23.145696535387145,2018-10-12-06-00-23
1.0,113.3331724632939,23.145685218748824,2018-10-12-06-00-23
1.0,113.33591701277074,23.145680121461996,2018-10-12-06-00-23
1.0,113.32643611994507,23.145947863662407,2018-10-12-06-00-23
1.0,113.32668560817741,23.145947387766203,2018-10-12-06-00-23
1.0,113.32943000140021,23.14594216866293,2018-10-12-06-00-23
1.0,113.33017848089803,23.14594075158222,2018-10-12-06-00-23
1.0,113.33516847347214,23.145931405668318,2018-10-12-06-00-23
1.0,113.33117644341112,23.14618876861054,2018-10-12-06-00-23
1.0,113.32768353021402,23.14644528876238,2018-10-12-06-00-23
1.0,113.33367141485921,23.146433990496007,2018-10-12-06-00-23
1.0,113.3276835132065,23.146695190053485,2018-10-12-06-00-23
1.0,113.33217439752703,23.14668669368061,2018-10-12-06-00-23
1.0,113.3366654739932,23.14667834928297,2018-10-12-06-00-23
1.0,113.3371644977201,23.14667743461884,2018-10-12-06-00-23
1.0,113.32967942604026,23.146941301049367,2018-10-12-06-00-23
1.0,113.33167538529091,23.14693753285411,2018-10-12-06-00-23
1.0,113.33192488260619,23.14693706370077,2018-10-12-06-00-23
1.0,113.3324238789897,23.146936126777067,2018-10-12-06-00-23
1.0,113.33367138079615,23.146933793109575,2018-10-12-06-00-23
1.0,113.33541791196839,23.146930549122906,2018-10-12-06-00-23
1.0,113.33092687966973,23.14718884428955,2018-10-12-06-00-23
1.0,113.3311763753246,23.14718837383944,2018-10-12-06-00-23
1.0,113.33741397677203,23.14717678103078,2018-10-12-06-00-23
2.0,113.32543806774437,23.147449176824235,2018-10-12-06-00-23
1.0,113.32718448351831,23.147445844426258,2018-10-12-06-00-23
1.0,113.33017837879218,23.147440159426857,2018-10-12-06-00-23
1.0,113.33167535124299,23.147437335601943,2018-10-12-06-00-23
1.0,113.32718446651215,23.147695745851166,2018-10-12-06-00-23
1.0,113.33392083202479,23.147683032126743,2018-10-12-06-00-23
1.0,113.3356673512202,23.147929693740295,2018-10-12-06-00-23
1.0,113.3321742783437,23.14843600364994,2018-10-12-06-00-23
1.0,113.3324237768261,23.148435535422443,2018-10-12-06-00-23
1.0,113.33466929206098,23.148431344518443,2018-10-12-06-00-23
1.0,113.33566731713945,23.148429496755362,2018-10-12-06-00-23
1.0,113.32967928990848,23.148940512849503,2018-10-12-06-00-23
1.0,113.33541777565455,23.148929760915383,2018-10-12-06-00-23
1.0,113.32468948861023,23.149199917961464,2018-10-12-06-00-23
1.0,113.33067724837622,23.14918852721528,2018-10-12-06-00-23
1.0,113.3316752150447,23.14943654793835,2018-10-12-06-00-23
1.0,113.3339207127884,23.149432343036366,2018-10-12-06-00-23
1.0,113.3251884278223,23.14969876756311,2018-10-12-06-00-23
1.0,113.33092670945172,23.14968785971215,2018-10-12-06-00-23
1.0,113.33142570128129,23.14968691923102,2018-10-12-06-00-23
1.0,113.33167519801916,23.149686449632654,2018-10-12-06-00-23
1.0,113.3331721908102,23.149683641809432,2018-10-12-06-00-23
1.0,113.32468943761808,23.149949623047902,2018-10-12-06-00-23
1.0,113.32593687230121,23.14994723961526,2018-10-12-06-00-23
1.0,113.32618635996002,23.149946763360497,2018-10-12-06-00-23
1.0,113.32768329209358,23.149943909892762,2018-10-12-06-00-23
1.0,113.32868125371829,23.149942012355194,2018-10-12-06-00-23
1.0,113.33167518099344,23.149936351360974,2018-10-12-06-00-23
1.0,113.33217417618005,23.149935413510182,2018-10-12-06-00-23
1.0,113.32468942062036,23.150199524811455,2018-10-12-06-00-23
1.0,113.32992869796517,23.150189548957886,2018-10-12-06-00-23
1.0,113.33192466126995,23.15018578396949,2018-10-12-06-00-23
1.0,113.33042766866522,23.150438507111453,2018-10-12-06-00-23
1.0,113.33516816678056,23.15042963281892,2018-10-12-06-00-23
1.0,113.33716424202352,23.15042595799465,2018-10-12-06-00-23
1.0,113.3334216236623,23.1506827826984,2018-10-12-06-00-23
1.0,113.32568731689291,23.15094732328901,2018-10-12-06-00-23
1.0,113.32893067704539,23.150941145937367,2018-10-12-06-00-23
1.0,113.33042763462261,23.150938310807554,2018-10-12-06-00-23
1.0,113.33741372105597,23.150925305420667,2018-10-12-06-00-23
1.0,113.32967913674749,23.15118962871576,2018-10-12-06-00-23
1.0,113.32992862988796,23.151189156350537,2018-10-12-06-00-23
1.0,113.33491860978421,23.151179800667716,2018-10-12-06-00-23
1.0,113.33666516718758,23.151176578252485,2018-10-12-06-00-23
1.0,113.33566711264098,23.15142831769561,2018-10-12-06-00-23
1.0,113.32942961003099,23.151689905329242,2018-10-12-06-00-23
1.0,113.32942959301293,23.151939807332127,2018-10-12-06-00-23
1.0,113.33092655624125,23.151936976499652,2018-10-12-06-00-23
1.0,113.328930591966,23.152190655780128,2018-10-12-06-00-23
1.0,113.32942957599471,23.152189709369537,2018-10-12-06-00-23
1.0,113.32493875412307,23.152448165292608,2018-10-12-06-00-23
1.0,113.33092652219266,23.15243678060855,2018-10-12-06-00-23
1.0,113.32868106655651,23.152690933633632,2018-10-12-06-00-23
1.0,113.33042751546823,23.152687624827358,2018-10-12-06-00-23
1.0,113.3369145763246,23.152675532682558,2018-10-12-06-00-23
1.0,113.33766311570206,23.152674163890335,2018-10-12-06-00-23
1.0,113.32818206799422,23.152941784001484,2018-10-12-06-00-23
1.0,113.3299285107464,23.1529384706126,2018-10-12-06-00-23
1.0,113.33516799637299,23.152928652668074,2018-10-12-06-00-23
1.0,113.33217395480492,23.153184139098713,2018-10-12-06-00-23
1.0,113.32518817281114,23.1534472971077,2018-10-12-06-00-23
1.0,113.32992847670445,23.15343827499938,2018-10-12-06-00-23
1.0,113.32468918263484,23.153698153110774,2018-10-12-06-00-23
1.0,113.3284315075261,23.153691016379444,2018-10-12-06-00-23
1.0,113.32868099849269,23.153690542408143,2018-10-12-06-00-23
1.0,113.3321739207447,23.15368394355442,2018-10-12-06-00-23
1.0,113.32468916563462,23.153948055392217,2018-10-12-06-00-23
1.0,113.34115700761997,23.143921315900812,2018-10-12-06-00-23
1.0,113.3354180993825,23.144181636392755,2018-10-12-06-00-23
1.0,113.34040841090399,23.144172551849785,2018-10-12-06-00-23
1.0,113.34190557982471,23.144169890030145,2018-10-12-06-00-23
1.0,113.34589823245634,23.14416296466453,2018-10-12-06-00-23
1.0,113.34714600273018,23.14416085759375,2018-10-12-06-00-23
1.0,113.33566758976671,23.144431076375767,2018-10-12-06-00-23
1.0,113.34614776676425,23.144412441933333,2018-10-12-06-00-23
1.0,113.33591708092811,23.144680517032466,2018-10-12-06-00-23
1.0,113.34390183333142,23.144666196175642,2018-10-12-06-00-23
1.0,113.34539908237934,23.144913518558223,2018-10-12-06-00-23
1.0,113.33591704684976,23.145180319181218,2018-10-12-06-00-23
1.0,113.34090737766775,23.14542116625085,2018-10-12-06-00-23
1.0,113.33591701277074,23.145680121461996,2018-10-12-06-00-23
1.0,113.33841214048917,23.1456755557084,2018-10-12-06-00-23
1.0,113.33891117670207,23.14567465146526,2018-10-12-06-00-23
1.0,113.3404083085655,23.14567195829196,2018-10-12-06-00-23
1.0,113.33516847347214,23.145931405668318,2018-10-12-06-00-23
1.0,113.33841212343977,23.145925456898023,2018-10-12-06-00-23
1.0,113.3366654739932,23.14667834928297,2018-10-12-06-00-23
1.0,113.3371644977201,23.14667743461884,2018-10-12-06-00-23
1.0,113.33841207229055,23.146675160666156,2018-10-12-06-00-23
1.0,113.33541791196839,23.146930549122906,2018-10-12-06-00-23
1.0,113.33791302273364,23.14692596933086,2018-10-12-06-00-23
1.0,113.33941013144839,23.146923256696798,2018-10-12-06-00-23
1.0,113.33741397677203,23.14717678103078,2018-10-12-06-00-23
1.0,113.3473953387791,23.14740915514875,2018-10-12-06-00-23
1.0,113.3356673512202,23.147929693740295,2018-10-12-06-00-23
1.0,113.34040815504649,23.14792107019455,2018-10-12-06-00-23
1.0,113.3389110061814,23.148173664860273,2018-10-12-06-00-23
1.0,113.33466929206098,23.148431344518443,2018-10-12-06-00-23
1.0,113.33566731713945,23.148429496755362,2018-10-12-06-00-23
1.0,113.34240435474078,23.148417331522808,2018-10-12-06-00-23
1.0,113.33541777565455,23.148929760915383,2018-10-12-06-00-23
1.0,113.33990903890637,23.1489215707263,2018-10-12-06-00-23
1.0,113.33816235098024,23.149674432045167,2018-10-12-06-00-23
1.0,113.33516816678056,23.15042963281892,2018-10-12-06-00-23
1.0,113.33716424202352,23.15042595799465,2018-10-12-06-00-23
1.0,113.34240421820562,23.15041654492804,2018-10-12-06-00-23
1.0,113.34639690954857,23.150409653104028,2018-10-12-06-00-23
1.0,113.34140607562341,23.150668210251236,2018-10-12-06-00-23
1.0,113.34664644648556,23.150659133505435,2018-10-12-06-00-23
1.0,113.33741372105597,23.150925305420667,2018-10-12-06-00-23
1.0,113.33791274994041,23.15092439507563,2018-10-12-06-00-23
1.0,113.33491860978421,23.151179800667716,2018-10-12-06-00-23
1.0,113.33666516718758,23.151176578252485,2018-10-12-06-00-23
1.0,113.33566711264098,23.15142831769561,2018-10-12-06-00-23
1.0,113.34739499707307,23.15240719002125,2018-10-12-06-00-23
1.0,113.3369145763246,23.152675532682558,2018-10-12-06-00-23
1.0,113.33766311570206,23.152674163890335,2018-10-12-06-00-23
1.0,113.33516799637299,23.152928652668074,2018-10-12-06-00-23
1.0,113.34564805048286,23.153409748473425,2018-10-12-06-00-23
1.0,113.34564871653126,23.14366358763399,2018-10-12-06-00-23
1.0,113.35363503007206,23.143650609827006,2018-10-12-06-00-23
1.0,113.34789469834583,23.143909706561534,2018-10-12-06-00-23
1.0,113.35213745941276,23.143902839650895,2018-10-12-06-00-23
1.0,113.34589823245634,23.14416296466453,2018-10-12-06-00-23
1.0,113.34714600273018,23.14416085759375,2018-10-12-06-00-23
1.0,113.35613105468288,23.14414664967588,2018-10-12-06-00-23
1.0,113.35663028771715,23.14414591596247,2018-10-12-06-00-23
1.0,113.35712952805575,23.14414518867745,2018-10-12-06-00-23
1.0,113.34614776676425,23.144412441933333,2018-10-12-06-00-23
1.0,113.3571295109421,23.144395089665952,2018-10-12-06-00-23
1.0,113.34839377314148,23.144658582243043,2018-10-12-06-00-23
1.0,113.35388455975593,23.144649830681228,2018-10-12-06-00-23
1.0,113.35463336427988,23.144648690553396,2018-10-12-06-00-23
1.0,113.3551325759471,23.144647938061407,2018-10-12-06-00-23
1.0,113.35588140665665,23.144646820927253,2018-10-12-06-00-23
1.0,113.35712949382828,23.144644990687294,2018-10-12-06-00-23
1.0,113.34539908237934,23.144913518558223,2018-10-12-06-00-23
1.0,113.35063989567007,23.144904823459893,2018-10-12-06-00-23
1.0,113.35588138954652,23.14489672198171,2018-10-12-06-00-23
1.0,113.34939200836507,23.14515674484639,2018-10-12-06-00-23
1.0,113.35063987857683,23.145154724548227,2018-10-12-06-00-23
1.0,113.35638056762208,23.145645688446372,2018-10-12-06-00-23
1.0,113.3538844742353,23.145899336285346,2018-10-12-06-00-23
1.0,113.35663016792883,23.145895223574158,2018-10-12-06-00-23
1.0,113.34939194000745,23.146156349531218,2018-10-12-06-00-23
1.0,113.3501405892058,23.14715473860519,2018-10-12-06-00-23
1.0,113.3473953387791,23.14740915514875,2018-10-12-06-00-23
1.0,113.35687966737214,23.14764416835951,2018-10-12-06-00-23
1.0,113.34639690954857,23.150409653104028,2018-10-12-06-00-23
1.0,113.34939164945767,23.150404675417246,2018-10-12-06-00-23
1.0,113.35388416632628,23.150397563378064,2018-10-12-06-00-23
1.0,113.35463297079501,23.150396423247166,2018-10-12-06-00-23
1.0,113.34664644648556,23.150659133505435,2018-10-12-06-00-23
1.0,113.34789423704282,23.15065704408097,2018-10-12-06-00-23
1.0,113.3568794619783,23.150642988032015,2018-10-12-06-00-23
1.0,113.34989075878178,23.150903667034253,2018-10-12-06-00-23
1.0,113.35014033279238,23.15090326296239,2018-10-12-06-00-23
1.0,113.35488254151564,23.150895849921405,2018-10-12-06-00-23
1.0,113.34939159817917,23.151154381003174,2018-10-12-06-00-23
1.0,113.34864287692253,23.151405510696232,2018-10-12-06-00-23
1.0,113.35712903169193,23.151392330881848,2018-10-12-06-00-23
1.0,113.34989070749712,23.151653372825898,2018-10-12-06-00-23
1.0,113.3501402644091,23.151902870753275,2018-10-12-06-00-23
1.0,113.34739499707307,23.15240719002125,2018-10-12-06-00-23
1.0,113.34564805048286,23.153409748473425,2018-10-12-06-00-23
1.0,113.32818206799422,23.152941784001484,2018-10-12-06-00-23
1.0,113.3299285107464,23.1529384706126,2018-10-12-06-00-23
1.0,113.33516799637299,23.152928652668074,2018-10-12-06-00-23
1.0,113.33217395480492,23.153184139098713,2018-10-12-06-00-23
1.0,113.32518817281114,23.1534472971077,2018-10-12-06-00-23
1.0,113.32992847670445,23.15343827499938,2018-10-12-06-00-23
1.0,113.3284315075261,23.153691016379444,2018-10-12-06-00-23
1.0,113.32868099849269,23.153690542408143,2018-10-12-06-00-23
1.0,113.3321739207447,23.15368394355442,2018-10-12-06-00-23
1.0,113.3304274133294,23.15418703819666,2018-10-12-06-00-23
1.0,113.33691445698292,23.15442484839477,2018-10-12-06-00-23
1.0,113.32992839159668,23.154687786577398,2018-10-12-06-00-23
1.0,113.32843142244761,23.154940528133846,2018-10-12-06-00-23
1.0,113.32893040477668,23.154939580487245,2018-10-12-06-00-23
1.0,113.32518805379313,23.155196613568023,2018-10-12-06-00-23
1.0,113.32818189784811,23.155440807337236,2018-10-12-06-00-23
1.0,113.32917984550546,23.15568881459511,2018-10-12-06-00-23
1.0,113.3249385161024,23.155946797973318,2018-10-12-06-00-23
1.0,113.33167477232654,23.15593400319274,2018-10-12-06-00-23
1.0,113.33541728142734,23.15617692203546,2018-10-12-06-00-23
1.0,113.33566678880257,23.156176461024245,2018-10-12-06-00-23
1.0,113.32618590079919,23.156694123114512,2018-10-12-06-00-23
1.0,113.33591626286344,23.15667580595314,2018-10-12-06-00-23
1.0,113.33766282580888,23.156922505033382,2018-10-12-06-00-23
1.0,113.3256868917821,23.157194881231586,2018-10-12-06-00-23
1.0,113.32743330927788,23.157191550118235,2018-10-12-06-00-23
1.0,113.33416968761686,23.157178847019555,2018-10-12-06-00-23
1.0,113.325187900758,23.157445737272134,2018-10-12-06-00-23
1.0,113.32793227153954,23.157440503073005,2018-10-12-06-00-23
1.0,113.32793225452369,23.157690405884363,2018-10-12-06-00-23
1.0,113.32893021756722,23.157688509453134,2018-10-12-06-00-23
1.0,113.3271837691159,23.157941733821232,2018-10-12-06-00-23
1.0,113.3249383630719,23.15819592263864,2018-10-12-06-00-23
1.0,113.32593631112155,23.158194016133724,2018-10-12-06-00-23
1.0,113.32668477482726,23.15819258789601,2018-10-12-06-00-23
1.0,113.32818171066816,23.158189737086786,2018-10-12-06-00-23
1.0,113.33367061420067,23.158179388088485,2018-10-12-06-00-23
1.0,113.33392011648382,23.158178922932905,2018-10-12-06-00-23
1.0,113.32593629411328,23.158443919053006,2018-10-12-06-00-23
1.0,113.33117560916745,23.158433970398214,2018-10-12-06-00-23
1.0,113.32493832906329,23.158695728513514,2018-10-12-06-00-23
1.0,113.32618576472825,23.15869334575206,2018-10-12-06-00-23
1.0,113.32618574771863,23.158943248743313,2018-10-12-06-00-23
1.0,113.33242306151296,23.15893143062795,2018-10-12-06-00-23
1.0,113.3254372686071,23.15919458100836,2018-10-12-06-00-23
1.0,113.32543725160019,23.15944448407196,2018-10-12-06-00-23
1.0,113.32568673871677,23.15944400750719,2018-10-12-06-00-23
1.0,113.33392001423967,23.159678340981394,2018-10-12-06-00-23
1.0,113.32793210137353,23.15993953280467,2018-10-12-06-00-23
1.0,113.33142500313151,23.15993291863382,2018-10-12-06-00-23
1.0,113.33516751914301,23.1599259269106,2018-10-12-06-00-23
1.0,113.32668463873215,23.160191812259715,2018-10-12-06-00-23
1.0,113.32693412720572,23.160191336558647,2018-10-12-06-00-23
1.0,113.32843106507244,23.160188487192077,2018-10-12-06-00-23
1.0,113.33267247537944,23.160180478373483,2018-10-12-06-00-23
1.0,113.32493821002792,23.160445050213465,2018-10-12-06-00-23
1.0,113.32693411019207,23.16044123976712,2018-10-12-06-00-23
1.0,113.33391996311533,23.160428050494296,2018-10-12-06-00-23
1.0,113.32693409317825,23.160691143012013,2018-10-12-06-00-23
1.0,113.33391994607356,23.160677953738027,2018-10-12-06-00-23
1.0,113.32843099699265,23.161188100243717,2018-10-12-06-00-23
1.0,113.33391991198951,23.16117776033497,2018-10-12-06-00-23
1.0,113.3261855776133,23.161442280649695,2018-10-12-06-00-23
1.0,113.32843097997228,23.161438003597947,2018-10-12-06-00-23
1.0,113.33042691957384,23.161434220808932,2018-10-12-06-00-23
1.0,113.33067641413228,23.161433749553648,2018-10-12-06-00-23
1.0,113.33367039267686,23.161428128844406,2018-10-12-06-00-23
1.0,113.32967842181779,23.161685540213426,2018-10-12-06-00-23
1.0,113.32768247543301,23.161939233989237,2018-10-12-06-00-23
1.0,113.33242285708374,23.161930269341084,2018-10-12-06-00-23
1.0,113.33466835479389,23.16217598188011,2018-10-12-06-00-23
1.0,113.32543704750427,23.16244332367439,2018-10-12-06-00-23
1.0,113.33516799637299,23.152928652668074,2018-10-12-06-00-23
1.0,113.34564805048286,23.153409748473425,2018-10-12-06-00-23
1.0,113.33691445698292,23.15442484839477,2018-10-12-06-00-23
1.0,113.3471453022861,23.15440682572158,2018-10-12-06-00-23
1.0,113.34689572848613,23.154657147189727,2018-10-12-06-00-23
1.0,113.345897498028,23.154908737602266,2018-10-12-06-00-23
1.0,113.34689569431235,23.1551569520608,2018-10-12-06-00-23
1.0,113.34689566013792,23.155656757072876,2018-10-12-06-00-23
1.0,113.33940951739726,23.155919726988742,2018-10-12-06-00-23
1.0,113.34390106504642,23.155911777139966,2018-10-12-06-00-23
1.0,113.347394757839,23.155905822649043,2018-10-12-06-00-23
1.0,113.33541728142734,23.15617692203546,2018-10-12-06-00-23
1.0,113.33566678880257,23.156176461024245,2018-10-12-06-00-23
1.0,113.3444001145447,23.156410718529784,2018-10-12-06-00-23
1.0,113.33591626286344,23.15667580595314,2018-10-12-06-00-23
1.0,113.34365147380962,23.156661918510903,2018-10-12-06-00-23
1.0,113.33766282580888,23.156922505033382,2018-10-12-06-00-23
1.0,113.34365145673317,23.15691182121253,2018-10-12-06-00-23
1.0,113.34464960697534,23.157159996301477,2018-10-12-06-00-23
1.0,113.3463964482709,23.157157014650224,2018-10-12-06-00-23
1.0,113.33516751914301,23.1599259269106,2018-10-12-06-00-23
1.0,113.34639626030797,23.159905947123278,2018-10-12-06-00-23
1.0,113.34390070639748,23.161159739158514,2018-10-12-06-00-23
1.0,113.34439979001499,23.16115887532125,2018-10-12-06-00-23
1.0,113.34390068931712,23.161409642510144,2018-10-12-06-00-23
1.0,113.33466835479389,23.16217598188011,2018-10-12-06-00-23
1.0,113.34165482018494,23.162163290031366,2018-10-12-06-00-23
1.0,113.34165480311222,23.162413193530274,2018-10-12-06-00-23
1.0,113.3399081005076,23.162666211926158,2018-10-12-06-00-23
1.0,113.3439006039128,23.162659159819004,2018-10-12-06-00-23
1.0,113.34564805048286,23.153409748473425,2018-10-12-06-00-23
1.0,113.35188718887895,23.15389929720419,2018-10-12-06-00-23
1.0,113.34889225549686,23.15415402369144,2018-10-12-06-00-23
1.0,113.34964096404582,23.15415279976624,2018-10-12-06-00-23
1.0,113.3471453022861,23.15440682572158,2018-10-12-06-00-23
1.0,113.34689572848613,23.154657147189727,2018-10-12-06-00-23
1.0,113.345897498028,23.154908737602266,2018-10-12-06-00-23
1.0,113.35563109302278,23.154893162597876,2018-10-12-06-00-23
1.0,113.34689569431235,23.1551569520608,2018-10-12-06-00-23
1.0,113.34689566013792,23.155656757072876,2018-10-12-06-00-23
1.0,113.347394757839,23.155905822649043,2018-10-12-06-00-23
1.0,113.3444001145447,23.156410718529784,2018-10-12-06-00-23
1.0,113.35113826794161,23.15639950976689,2018-10-12-06-00-23
1.0,113.34464960697534,23.157159996301477,2018-10-12-06-00-23
1.0,113.3463964482709,23.157157014650224,2018-10-12-06-00-23
1.0,113.34889205036427,23.157152854187697,2018-10-12-06-00-23
1.0,113.34639626030797,23.159905947123278,2018-10-12-06-00-23
1.0,113.35213636482962,23.159896569304298,2018-10-12-06-00-23
1.0,113.3523859015982,23.160645887166144,2018-10-12-06-00-23
1.0,113.35288508268353,23.16064510794908,2018-10-12-06-00-23
1.0,113.34439979001499,23.16115887532125,2018-10-12-06-00-23
1.0,113.35238586737874,23.16114569375677,2018-10-12-06-00-23
1.0,113.34939089722164,23.16140038897321,2018-10-12-06-00-23
1.0,113.35637948921625,23.161389530219157,2018-10-12-06-00-23
1.0,113.3508883286235,23.16164787198169,2018-10-12-06-00-23
1.0,113.32768247543301,23.161939233989237,2018-10-12-06-00-23
1.0,113.33242285708374,23.161930269341084,2018-10-12-06-00-23
1.0,113.33466835479389,23.16217598188011,2018-10-12-06-00-23
1.0,113.32543704750427,23.16244332367439,2018-10-12-06-00-23
1.0,113.32668443456951,23.163190653177683,2018-10-12-06-00-23
1.0,113.32818137028936,23.163187802363495,2018-10-12-06-00-23
1.0,113.32618544151707,23.16344150881019,2018-10-12-06-00-23
1.0,113.3249379889406,23.163693795262123,2018-10-12-06-00-23
1.0,113.32593593690112,23.16369188875357,2018-10-12-06-00-23
1.0,113.32668440054007,23.163690460513127,2018-10-12-06-00-23
1.0,113.32693388899949,23.16368998481148,2018-10-12-06-00-23
1.0,113.3271833777711,23.163689509319692,2018-10-12-06-00-23
1.0,113.32568643254564,23.16394226889457,2018-10-12-06-00-23
1.0,113.33616526029373,23.16417244305223,2018-10-12-06-00-23
1.0,113.33691379192948,23.164171067937527,2018-10-12-06-00-23
1.0,113.33491770645922,23.164424651850382,2018-10-12-06-00-23
1.0,113.33691375781733,23.16467087556709,2018-10-12-06-00-23
1.0,113.33716327003388,23.164670418582936,2018-10-12-06-00-23
1.0,113.32793176099156,23.164937603215552,2018-10-12-06-00-23
1.0,113.33516717818435,23.16492399729738,2018-10-12-06-00-23
1.0,113.33317113453263,23.165177615502568,2018-10-12-06-00-23
1.0,113.33766221175811,23.165919026496777,2018-10-12-06-00-23
1.0,113.32593574976069,23.16644083176686,2018-10-12-06-00-23
1.0,113.33466806499104,23.166424346431928,2018-10-12-06-00-23
1.0,113.33491757006756,23.166423883569525,2018-10-12-06-00-23
1.0,113.33416902291016,23.166925082226875,2018-10-12-06-00-23
1.0,113.32643467416892,23.167189591944755,2018-10-12-06-00-23
1.0,113.33591554674138,23.167171750800186,2018-10-12-06-00-23
1.0,113.32967803018413,23.16743332843791,2018-10-12-06-00-23
1.0,113.33616503859061,23.167421195328686,2018-10-12-06-00-23
1.0,113.33466797974572,23.167673867481348,2018-10-12-06-00-23
1.0,113.32568614333452,23.1681906379301,2018-10-12-06-00-23
1.0,113.32593561364591,23.168440065913266,2018-10-12-06-00-23
1.0,113.3306759372418,23.168431058538534,2018-10-12-06-00-23
1.0,113.32493764875137,23.168691876864646,2018-10-12-06-00-23
1.0,113.33466791154646,23.16867348500478,2018-10-12-06-00-23
1.0,113.33541642898184,23.16867209824147,2018-10-12-06-00-23
1.0,113.32618506719747,23.16893939857264,2018-10-12-06-00-23
1.0,113.32643452101634,23.169438731557754,2018-10-12-06-00-23
1.0,113.33167383543604,23.169678700164187,2018-10-12-06-00-23
1.0,113.33317079366115,23.170175701619545,2018-10-12-06-00-23
1.0,113.32493751265704,23.17069111376305,2018-10-12-06-00-23
1.0,113.33342026047106,23.17067504484099,2018-10-12-06-00-23
1.0,113.33142421950795,23.171428502988547,2018-10-12-06-00-23
1.0,113.33267170856394,23.17142615954749,2018-10-12-06-00-23
1.0,113.32643436785027,23.17168787428072,2018-10-12-06-00-23
1.0,113.3331706913867,23.171675130442317,2018-10-12-06-00-23
1.0,113.32618486298918,23.171938255307047,2018-10-12-06-00-23
1.0,113.32843026496661,23.17193397823966,2018-10-12-06-00-23
1.0,113.32942823102904,23.17193208417029,2018-10-12-06-00-23
1.0,113.33017671021436,23.171930667076648,2018-10-12-06-00-23
1.0,113.33342017523616,23.17192456915035,2018-10-12-06-00-23
1.0,113.34165482018494,23.162163290031366,2018-10-12-06-00-23
1.0,113.34165480311222,23.162413193530274,2018-10-12-06-00-23
1.0,113.3399081005076,23.162666211926158,2018-10-12-06-00-23
1.0,113.3439006039128,23.162659159819004,2018-10-12-06-00-23
1.0,113.33866043007407,23.163668076988042,2018-10-12-06-00-23
1.0,113.34190423144214,23.16391217394665,2018-10-12-06-00-23
1.0,113.34664554084324,23.163903980790057,2018-10-12-06-00-23
1.0,113.33616526029373,23.16417244305223,2018-10-12-06-00-23
1.0,113.33691379192948,23.164171067937527,2018-10-12-06-00-23
1.0,113.33491770645922,23.164424651850382,2018-10-12-06-00-23
1.0,113.33691375781733,23.16467087556709,2018-10-12-06-00-23
1.0,113.33716327003388,23.164670418582936,2018-10-12-06-00-23
1.0,113.33990796397111,23.16466544154823,2018-10-12-06-00-23
1.0,113.33516717818435,23.16492399729738,2018-10-12-06-00-23
1.0,113.3399079469033,23.16491534541851,2018-10-12-06-00-23
1.0,113.34140510270316,23.164912672839606,2018-10-12-06-00-23
1.0,113.34015741908031,23.1656646096368,2018-10-12-06-00-23
1.0,113.33766221175811,23.165919026496777,2018-10-12-06-00-23
1.0,113.33491757006756,23.166423883569525,2018-10-12-06-00-23
1.0,113.3419040436099,23.16666111734266,2018-10-12-06-00-23
1.0,113.33591554674138,23.167171750800186,2018-10-12-06-00-23
1.0,113.33616503859061,23.167421195328686,2018-10-12-06-00-23
1.0,113.34040678983804,23.167913300419283,2018-10-12-06-00-23
1.0,113.33541642898184,23.16867209824147,2018-10-12-06-00-23
1.0,113.34015721423614,23.168663460374916,2018-10-12-06-00-23
1.0,113.34090577341811,23.168912027198548,2018-10-12-06-00-23
1.0,113.34240295474785,23.168909376378434,2018-10-12-06-00-23
1.0,113.34040670447698,23.169162822605077,2018-10-12-06-00-23
1.0,113.34714427673853,23.169401032784556,2018-10-12-06-00-23
1.0,113.34739383477145,23.16940061488494,2018-10-12-06-00-23
1.0,113.34714425964096,23.16965093737376,2018-10-12-06-00-23
1.0,113.33816093516886,23.17041639649293,2018-10-12-06-00-23
1.0,113.33865995226402,23.1706653954249,2018-10-12-06-00-23
1.0,113.34315142385393,23.170907301034873,2018-10-12-06-00-23
1.0,113.34390004013936,23.170905997524724,2018-10-12-06-00-23
1.0,113.34489821216914,23.17090427408604,2018-10-12-06-00-23
1.0,113.34514775829389,23.170903845907194,2018-10-12-06-00-23
1.0,113.34564685437279,23.170902992848248,2018-10-12-06-00-23
1.0,113.34589640435213,23.170902567991426,2018-10-12-06-00-23
1.0,113.34639550825356,23.170901721681133,2018-10-12-06-00-23
1.0,113.34714415705203,23.17115036571832,2018-10-12-06-00-23
1.0,113.33915893896629,23.171414207225112,2018-10-12-06-00-23
1.0,113.34140465873452,23.171410186751473,2018-10-12-06-00-23
1.0,113.34489817798793,23.171404083767023,2018-10-12-06-00-23
1.0,113.3451477070191,23.171653560486753,2018-10-12-06-00-23
1.0,113.34215321681107,23.171908672537644,2018-10-12-06-00-23
1.0,113.3508883286235,23.16164787198169,2018-10-12-06-00-23
1.0,113.34988990384063,23.163398805025327,2018-10-12-06-00-23
1.0,113.35113777189719,23.163646701695345,2018-10-12-06-00-23
1.0,113.34664554084324,23.163903980790057,2018-10-12-06-00-23
1.0,113.3478933140705,23.164151795111156,2018-10-12-06-00-23
1.0,113.35288475754048,23.165393276511203,2018-10-12-06-00-23
1.0,113.35238555937353,23.16564395971046,2018-10-12-06-00-23
1.0,113.35587993457227,23.16613843778699,2018-10-12-06-00-23
1.0,113.35388307109847,23.16639135166473,2018-10-12-06-00-23
1.0,113.35563021988116,23.167638233731715,2018-10-12-06-00-23
1.0,113.35338370556298,23.168891162242275,2018-10-12-06-00-23
1.0,113.35438210104876,23.168889633079164,2018-10-12-06-00-23
1.0,113.34963993798668,23.169147004600063,2018-10-12-06-00-23
1.0,113.34988951042698,23.169146599211622,2018-10-12-06-00-23
1.0,113.35338368844454,23.169141066753653,2018-10-12-06-00-23
1.0,113.35662857567489,23.169136186435395,2018-10-12-06-00-23
1.0,113.34714427673853,23.169401032784556,2018-10-12-06-00-23
1.0,113.34739383477145,23.16940061488494,2018-10-12-06-00-23
1.0,113.34714425964096,23.16965093737376,2018-10-12-06-00-23
1.0,113.35488124058766,23.169888495798066,2018-10-12-06-00-23
1.0,113.35413241401629,23.170139536069836,2018-10-12-06-00-23
1.0,113.34864157754765,23.170398162199575,2018-10-12-06-00-23
1.0,113.35188605969095,23.1703929274606,2018-10-12-06-00-23
1.0,113.35513081296466,23.170387929682114,2018-10-12-06-00-23
1.0,113.35612924002848,23.170636348030143,2018-10-12-06-00-23
1.0,113.34489821216914,23.17090427408604,2018-10-12-06-00-23
1.0,113.34514775829389,23.170903845907194,2018-10-12-06-00-23
1.0,113.34564685437279,23.170902992848248,2018-10-12-06-00-23
1.0,113.34589640435213,23.170902567991426,2018-10-12-06-00-23
1.0,113.34639550825356,23.170901721681133,2018-10-12-06-00-23
1.0,113.34814241462122,23.170898796542776,2018-10-12-06-00-23
1.0,113.35038854008008,23.17089512504605,2018-10-12-06-00-23
1.0,113.35138685737697,23.170893527512998,2018-10-12-06-00-23
1.0,113.34714415705203,23.17115036571832,2018-10-12-06-00-23
1.0,113.35038852297025,23.171145029866203,2018-10-12-06-00-23
1.0,113.35737730166673,23.17113433540132,2018-10-12-06-00-23
1.0,113.34489817798793,23.171404083767023,2018-10-12-06-00-23
1.0,113.34914064363623,23.171396961613027,2018-10-12-06-00-23
1.0,113.3451477070191,23.171653560486753,2018-10-12-06-00-23
1.0,113.35213556055766,23.171642058394042,2018-10-12-06-00-23
1.0,113.33142421950795,23.171428502988547,2018-10-12-06-00-23
1.0,113.33267170856394,23.17142615954749,2018-10-12-06-00-23
1.0,113.32643436785027,23.17168787428072,2018-10-12-06-00-23
1.0,113.3331706913867,23.171675130442317,2018-10-12-06-00-23
1.0,113.32618486298918,23.171938255307047,2018-10-12-06-00-23
1.0,113.32843026496661,23.17193397823966,2018-10-12-06-00-23
1.0,113.32942823102904,23.17193208417029,2018-10-12-06-00-23
1.0,113.33017671021436,23.171930667076648,2018-10-12-06-00-23
1.0,113.33342017523616,23.17192456915035,2018-10-12-06-00-23
1.0,113.32643433381153,23.172187684201045,2018-10-12-06-00-23
1.0,113.32768177756496,23.172185306796905,2018-10-12-06-00-23
1.0,113.32793126731936,23.17218483200748,2018-10-12-06-00-23
1.0,113.33242215843606,23.172176342116448,2018-10-12-06-00-23
1.0,113.32768176054029,23.17243521181532,2018-10-12-06-00-23
1.0,113.33017667614509,23.17243047707366,2018-10-12-06-00-23
1.0,113.33267164038621,23.172425779384103,2018-10-12-06-00-23
1.0,113.33591518856989,23.17241974804195,2018-10-12-06-00-23
1.0,113.32768174351546,23.172685116872785,2018-10-12-06-00-23
1.0,113.33242212434851,23.172676152190753,2018-10-12-06-00-23
1.0,113.33416863078463,23.172672888741076,2018-10-12-06-00-23
1.0,113.33516664956646,23.17267103612775,2018-10-12-06-00-23
1.0,113.32867968774464,23.17293312441655,2018-10-12-06-00-23
1.0,113.3291786707544,23.172932177369173,2018-10-12-06-00-23
1.0,113.32942816290185,23.172931704321005,2018-10-12-06-00-23
1.0,113.33117462117812,23.17292840301325,2018-10-12-06-00-23
1.0,113.32618477789532,23.173187780595878,2018-10-12-06-00-23
1.0,113.32818068933186,23.17318397778521,2018-10-12-06-00-23
1.0,113.3324220902603,23.173175962421464,2018-10-12-06-00-23
1.0,113.33441810029309,23.173172234935883,2018-10-12-06-00-23
1.0,113.33716268999221,23.17316717150279,2018-10-12-06-00-23
1.0,113.32643424871178,23.173437209685176,2018-10-12-06-00-23
1.0,113.32668373683293,23.173436733784424,2018-10-12-06-00-23
1.0,113.3349170926126,23.173421213790537,2018-10-12-06-00-23
1.0,113.33516659840139,23.173420751531225,2018-10-12-06-00-23
1.0,113.32793116516278,23.173684262704523,2018-10-12-06-00-23
1.0,113.32942811180472,23.17368141984498,2018-10-12-06-00-23
1.0,113.33741216890648,23.173666525617108,2018-10-12-06-00-23
1.0,113.32743216899388,23.173935117784374,2018-10-12-06-00-23
1.0,113.32843012874174,23.173933219168894,2018-10-12-06-00-23
1.0,113.33466755345654,23.173921487119483,2018-10-12-06-00-23
1.0,113.32743215196905,23.1741850230773,2018-10-12-06-00-23
1.0,113.32768164136293,23.17418454804059,2018-10-12-06-00-23
1.0,113.32718264589022,23.17443540368099,2018-10-12-06-00-23
1.0,113.33666358116345,23.17441761243615,2018-10-12-06-00-23
1.0,113.32718262886607,23.17468530905286,2018-10-12-06-00-23
1.0,113.32917855153242,23.17468151414277,2018-10-12-06-00-23
1.0,113.3259351711993,23.174937593907444,2018-10-12-06-00-23
1.0,113.32917853450004,23.174931419553843,2018-10-12-06-00-23
1.0,113.3301765057887,23.174929529410207,2018-10-12-06-00-23
1.0,113.32843004359577,23.175182746027488,2018-10-12-06-00-23
1.0,113.32668360065657,23.175435976603215,2018-10-12-06-00-23
1.0,113.32793104597253,23.175433600307507,2018-10-12-06-00-23
1.0,113.32818053607969,23.17543312577687,2018-10-12-06-00-23
1.0,113.32543614579389,23.1756882633669,2018-10-12-06-00-23
1.0,113.32693307204467,23.17568540643,2018-10-12-06-00-23
1.0,113.3274320498166,23.175684455664676,2018-10-12-06-00-23
1.0,113.33292091839114,23.17567408092902,2018-10-12-06-00-23
1.0,113.33566545872918,23.175668977210062,2018-10-12-06-00-23
1.0,113.33716251935496,23.17566622500963,2018-10-12-06-00-23
1.0,113.33366940399637,23.175922587813805,2018-10-12-06-00-23
1.0,113.337412015322,23.175915674306022,2018-10-12-06-00-23
1.0,113.33791104401399,23.175914763952584,2018-10-12-06-00-23
1.0,113.33267136764862,23.176424265012688,2018-10-12-06-00-23
1.0,113.33791100987843,23.17641457520863,2018-10-12-06-00-23
1.0,113.3376614780248,23.176664935704192,2018-10-12-06-00-23
1.0,113.3304258634883,23.176928302486413,2018-10-12-06-00-23
1.0,113.33067535798477,23.176927831228557,2018-10-12-06-00-23
1.0,113.33641390004581,23.17691712630232,2018-10-12-06-00-23
1.0,113.32743189657666,23.177933607232475,2018-10-12-06-00-23
1.0,113.33791090746769,23.177914009936355,2018-10-12-06-00-23
1.0,113.33641381473127,23.17816665554408,2018-10-12-06-00-23
1.0,113.337162348701,23.17816528249141,2018-10-12-06-00-23
1.0,113.33791089039865,23.178163915864815,2018-10-12-06-00-23
1.0,113.32668339637203,23.178434845603494,2018-10-12-06-00-23
1.0,113.32693288477182,23.178434369899406,2018-10-12-06-00-23
1.0,113.32718237348384,23.178433894405178,2018-10-12-06-00-23
1.0,113.33666330815342,23.17841610313506,2018-10-12-06-00-23
1.0,113.32743184549368,23.17868332514401,2018-10-12-06-00-23
1.0,113.32718233943004,23.17893370646733,2018-10-12-06-00-23
1.0,113.32917826195936,23.17892991155161,2018-10-12-06-00-23
1.0,113.33217219983646,23.178924259688593,2018-10-12-06-00-23
1.0,113.33791083919053,23.17891363389213,2018-10-12-06-00-23
1.0,113.33566521989052,23.179167658813107,2018-10-12-06-00-23
1.0,113.33766130734486,23.179163994790176,2018-10-12-06-00-23
1.0,113.32743179440921,23.179433043419102,2018-10-12-06-00-23
1.0,113.32942772001012,23.179429250725644,2018-10-12-06-00-23
1.0,113.33142367417037,23.179425479374785,2018-10-12-06-00-23
1.0,113.33641372941256,23.179416185793013,2018-10-12-06-00-23
1.0,113.32768126675239,23.17968247455422,2018-10-12-06-00-23
1.0,113.32818024656653,23.179681525232212,2018-10-12-06-00-23
1.0,113.33691273414205,23.1796651758975,2018-10-12-06-00-23
1.0,113.3374117593178,23.179664262638177,2018-10-12-06-00-23
1.0,113.33317012876978,23.17992201430273,2018-10-12-06-00-23
1.0,113.3369127170757,23.179915082109265,2018-10-12-06-00-23
1.0,113.33741174224953,23.179914168849855,2018-10-12-06-00-23
1.0,113.33766125613762,23.17991371330332,2018-10-12-06-00-23
1.0,113.32643378910115,23.180184664432247,2018-10-12-06-00-23
1.0,113.32693274856071,23.18043361912081,2018-10-12-06-00-23
1.0,113.33341959552814,23.180421360616595,2018-10-12-06-00-23
1.0,113.33766122199863,23.18041352584864,2018-10-12-06-00-23
1.0,113.33691266587564,23.180664800988744,2018-10-12-06-00-23
1.0,113.33791071969905,23.180662977374052,2018-10-12-06-00-23
1.0,113.34315142385393,23.170907301034873,2018-10-12-06-00-23
1.0,113.34390004013936,23.170905997524724,2018-10-12-06-00-23
1.0,113.34489821216914,23.17090427408604,2018-10-12-06-00-23
1.0,113.34514775829389,23.170903845907194,2018-10-12-06-00-23
1.0,113.34564685437279,23.170902992848248,2018-10-12-06-00-23
1.0,113.34589640435213,23.170902567991426,2018-10-12-06-00-23
1.0,113.34639550825356,23.170901721681133,2018-10-12-06-00-23
1.0,113.34714415705203,23.17115036571832,2018-10-12-06-00-23
1.0,113.33915893896629,23.171414207225112,2018-10-12-06-00-23
1.0,113.34140465873452,23.171410186751473,2018-10-12-06-00-23
1.0,113.34489817798793,23.171404083767023,2018-10-12-06-00-23
1.0,113.3451477070191,23.171653560486753,2018-10-12-06-00-23
1.0,113.34215321681107,23.171908672537644,2018-10-12-06-00-23
1.0,113.34439903824052,23.172154658178368,2018-10-12-06-00-23
1.0,113.34739364667928,23.172149567489388,2018-10-12-06-00-23
1.0,113.33591518856989,23.17241974804195,2018-10-12-06-00-23
1.0,113.34439902115098,23.17240456319397,2018-10-12-06-00-23
1.0,113.34564675181088,23.172402422356807,2018-10-12-06-00-23
1.0,113.33516664956646,23.17267103612775,2018-10-12-06-00-23
1.0,113.34065599084313,23.172661043957717,2018-10-12-06-00-23
1.0,113.34040644836874,23.172911394940698,2018-10-12-06-00-23
1.0,113.34589626759441,23.172901807647627,2018-10-12-06-00-23
1.0,113.33716268999221,23.17316717150279,2018-10-12-06-00-23
1.0,113.33990738357167,23.173162194452345,2018-10-12-06-00-23
1.0,113.34389988635132,23.173155142316663,2018-10-12-06-00-23
1.0,113.34514760446498,23.173152990697208,2018-10-12-06-00-23
1.0,113.34564670052767,23.173152137637487,2018-10-12-06-00-23
1.0,113.34589625049894,23.173151712780278,2018-10-12-06-00-23
1.0,113.34614580178031,23.173151289053656,2018-10-12-06-00-23
1.0,113.34639535438431,23.173150866469214,2018-10-12-06-00-23
1.0,113.3471440202574,23.173149605684518,2018-10-12-06-00-23
1.0,113.3349170926126,23.173421213790537,2018-10-12-06-00-23
1.0,113.33516659840139,23.173420751531225,2018-10-12-06-00-23
1.0,113.338160730378,23.1734152559952,2018-10-12-06-00-23
1.0,113.33915880240578,23.17341344751438,2018-10-12-06-00-23
1.0,113.34489804125633,23.173403324048476,2018-10-12-06-00-23
1.0,113.34539713476003,23.173402468785625,2018-10-12-06-00-23
1.0,113.34589623340331,23.173401617952145,2018-10-12-06-00-23
1.0,113.34639533728689,23.173400771640992,2018-10-12-06-00-23
1.0,113.33741216890648,23.173666525617108,2018-10-12-06-00-23
1.0,113.33890926591633,23.173663803660812,2018-10-12-06-00-23
1.0,113.34365031223082,23.173655386182723,2018-10-12-06-00-23
1.0,113.34439893570071,23.173654088858804,2018-10-12-06-00-23
1.0,113.34489802416412,23.173653229259774,2018-10-12-06-00-23
1.0,113.34664487412671,23.173650255421247,2018-10-12-06-00-23
1.0,113.34439891861015,23.173903994109505,2018-10-12-06-00-23
1.0,113.34614575049022,23.173901004686968,2018-10-12-06-00-23
1.0,113.34639530309154,23.17390058210239,2018-10-12-06-00-23
1.0,113.34689441231225,23.173899740406025,2018-10-12-06-00-23
1.0,113.34539708347751,23.174152184537274,2018-10-12-06-00-23
1.0,113.34689439521256,23.17414964569567,2018-10-12-06-00-23
1.0,113.34739350987223,23.174148808706477,2018-10-12-06-00-23
1.0,113.33666358116345,23.17441761243615,2018-10-12-06-00-23
1.0,113.3399072982025,23.174411720709955,2018-10-12-06-00-23
1.0,113.34439888442854,23.17440380472908,2018-10-12-06-00-23
1.0,113.345397066383,23.174402089866604,2018-10-12-06-00-23
13.0,113.34564661505229,23.1744016638902,2018-10-12-06-00-23
1.0,113.34589616501908,23.17440123903278,2018-10-12-06-00-23
1.0,113.346145716296,23.174400815305944,2018-10-12-06-00-23
1.0,113.34664482283026,23.174399971290367,2018-10-12-06-00-23
1.0,113.34340070513474,23.17465544193044,2018-10-12-06-00-23
1.0,113.34365024387854,23.17465500742249,2018-10-12-06-00-23
2.0,113.34514750190483,23.1746524223192,2018-10-12-06-00-23
27.0,113.34539704928832,23.174651995235408,2018-10-12-06-00-23
19.0,113.34564659795672,23.174651569258966,2018-10-12-06-00-23
1.0,113.34589614792262,23.1746511444015,2018-10-12-06-00-23
1.0,113.34639525179726,23.174650298089915,2018-10-12-06-00-23
1.0,113.34689436101266,23.174649456393293,2018-10-12-06-00-23
1.0,113.33965774170991,23.174911979954707,2018-10-12-06-00-23
1.0,113.34365022679006,23.174904912831135,2018-10-12-06-00-23
1.0,113.3448979387006,23.174902755907116,2018-10-12-06-00-23
1.0,113.34564658086097,23.174901474667266,2018-10-12-06-00-23
1.0,113.34614568210108,23.174900626082835,2018-10-12-06-00-23
1.0,113.34664478863179,23.174899782067087,2018-10-12-06-00-23
1.0,113.34240252769699,23.17515700083761,2018-10-12-06-00-23
1.0,113.34539701509846,23.175151806091684,2018-10-12-06-00-23
1.0,113.34614566500338,23.175150531530637,2018-10-12-06-00-23
1.0,113.34340065387154,23.17540515827531,2018-10-12-06-00-23
1.0,113.3451474506225,23.175402138663173,2018-10-12-06-00-23
1.0,113.34539699800328,23.175401711579255,2018-10-12-06-00-23
1.0,113.34639520050148,23.175400014433247,2018-10-12-06-00-23
1.0,113.33566545872918,23.175668977210062,2018-10-12-06-00-23
1.0,113.33716251935496,23.17566622500963,2018-10-12-06-00-23
1.0,113.33940816913703,23.175662145721184,2018-10-12-06-00-23
1.0,113.33965769048825,23.175661696420413,2018-10-12-06-00-23
1.0,113.34489788742049,23.175652472370146,2018-10-12-06-00-23
1.0,113.337412015322,23.175915674306022,2018-10-12-06-00-23
1.0,113.33791104401399,23.175914763952584,2018-10-12-06-00-23
1.0,113.33841007629836,23.175913856600786,2018-10-12-06-00-23
1.0,113.34040624345504,23.17591025914352,2018-10-12-06-00-23
1.0,113.34115482275433,23.175908924136934,2018-10-12-06-00-23
1.0,113.34539696381242,23.17590152267354,2018-10-12-06-00-23
1.0,113.33965765633964,23.176161507596206,2018-10-12-06-00-23
1.0,113.34464830838675,23.176152712807927,2018-10-12-06-00-23
1.0,113.33791100987843,23.17641457520863,2018-10-12-06-00-23
1.0,113.33965763926508,23.176411413243862,2018-10-12-06-00-23
1.0,113.34065573468563,23.176409624509546,2018-10-12-06-00-23
1.0,113.34115478859407,23.17640873539188,2018-10-12-06-00-23
1.0,113.3376614780248,23.176664935704192,2018-10-12-06-00-23
1.0,113.33816050849407,23.176664026839205,2018-10-12-06-00-23
1.0,113.33841002508899,23.17666357354444,2018-10-12-06-00-23
1.0,113.33865954260824,23.176663121024298,2018-10-12-06-00-23
1.0,113.34065571760712,23.176659530196947,2018-10-12-06-00-23
1.0,113.34439873060299,23.176652954477653,2018-10-12-06-00-23
1.0,113.34489781904463,23.176652094877596,2018-10-12-06-00-23
1.0,113.34639511500515,23.176649542466762,2018-10-12-06-00-23
1.0,113.33641390004581,23.17691712630232,2018-10-12-06-00-23
1.0,113.33865952553715,23.176913026751997,2018-10-12-06-00-23
1.0,113.33915856339914,23.176912124083813,2018-10-12-06-00-23
1.0,113.33940808376899,23.176911673959946,2018-10-12-06-00-23
1.0,113.33965760511548,23.176911224658962,2018-10-12-06-00-23
1.0,113.34365009007615,23.17690415752996,2018-10-12-06-00-23
1.0,113.34764288113664,23.176897352804495,2018-10-12-06-00-23
1.0,113.33816047435558,23.177163838334796,2018-10-12-06-00-23
1.0,113.33915854632599,23.177162029851452,2018-10-12-06-00-23
1.0,113.34614552821573,23.17714977654468,2018-10-12-06-00-23
1.0,113.34739330464156,23.17714767527183,2018-10-12-06-00-23
1.0,113.33915852925266,23.17741193565916,2018-10-12-06-00-23
4.0,113.3394080496206,23.17741148553521,2018-10-12-06-00-23
1.0,113.33965757096519,23.17741103623414,2018-10-12-06-00-23
1.0,113.34140424881694,23.177407915176392,2018-10-12-06-00-23
1.0,113.3453968612358,23.177400956913406,2018-10-12-06-00-23
1.0,113.34664461762941,23.17739883833459,2018-10-12-06-00-23
1.0,113.34664460052825,23.177648744181145,2018-10-12-06-00-23
1.0,113.33791090746769,23.177914009936355,2018-10-12-06-00-23
1.0,113.34639502950463,23.1778990714994,2018-10-12-06-00-23
1.0,113.33641381473127,23.17816665554408,2018-10-12-06-00-23
1.0,113.337162348701,23.17816528249141,2018-10-12-06-00-23
1.0,113.33791089039865,23.178163915864815,2018-10-12-06-00-23
1.0,113.3421527897332,23.17815630878485,2018-10-12-06-00-23
1.0,113.33666330815342,23.17841610313506,2018-10-12-06-00-23
1.0,113.34764277850797,23.178396788003774,2018-10-12-06-00-23
1.0,113.34664453212193,23.178648367969714,2018-10-12-06-00-23
1.0,113.33791083919053,23.17891363389213,2018-10-12-06-00-23
1.0,113.3386593889625,23.178912274018803,2018-10-12-06-00-23
1.0,113.33566521989052,23.179167658813107,2018-10-12-06-00-23
1.0,113.33766130734486,23.179163994790176,2018-10-12-06-00-23
1.0,113.33840985438023,23.17916263262917,2018-10-12-06-00-23
1.0,113.3386593718899,23.179162180108605,2018-10-12-06-00-23
1.0,113.33940793009599,23.179160827315414,2018-10-12-06-00-23
1.0,113.33641372941256,23.179416185793013,2018-10-12-06-00-23
1.0,113.33840983730843,23.179412538759518,2018-10-12-06-00-23
1.0,113.34290130652693,23.179404523563726,2018-10-12-06-00-23
1.0,113.33691273414205,23.1796651758975,2018-10-12-06-00-23
1.0,113.3374117593178,23.179664262638177,2018-10-12-06-00-23
1.0,113.33816030365305,23.17966289822569,2018-10-12-06-00-23
1.0,113.33890885618946,23.17966154067583,2018-10-12-06-00-23
1.0,113.33915837558521,23.179661089740662,2018-10-12-06-00-23
1.0,113.3369127170757,23.179915082109265,2018-10-12-06-00-23
1.0,113.33741174224953,23.179914168849855,2018-10-12-06-00-23
1.0,113.33766125613762,23.17991371330332,2018-10-12-06-00-23
1.0,113.33816028658188,23.179912804437244,2018-10-12-06-00-23
1.0,113.33840980316434,23.179912351141933,2018-10-12-06-00-23
1.0,113.33915835851022,23.179910995952046,2018-10-12-06-00-23
1.0,113.33965740020373,23.179910096526186,2018-10-12-06-00-23
1.0,113.33816026951055,23.180162710689462,2018-10-12-06-00-23
1.0,113.33766122199863,23.18041352584864,2018-10-12-06-00-23
1.0,113.33816025243904,23.180412616982395,2018-10-12-06-00-23
1.0,113.33840976901958,23.180412163687002,2018-10-12-06-00-23
1.0,113.33965736604942,23.180409909070832,2018-10-12-06-00-23
1.0,113.33691266587564,23.180664800988744,2018-10-12-06-00-23
1.0,113.33791071969905,23.180662977374052,2018-10-12-06-00-23
1.0,113.33816023536737,23.180662523316094,2018-10-12-06-00-23
1.0,113.33840975194695,23.18066207002066,2018-10-12-06-00-23
1.0,113.33865926945089,23.18066161749984,2018-10-12-06-00-23
1.0,113.33816021829553,23.180912429690622,2018-10-12-06-00-23
1.0,113.33865925237713,23.180911523874283,2018-10-12-06-00-23
1.0,113.35612924002848,23.170636348030143,2018-10-12-06-00-23
1.0,113.34489821216914,23.17090427408604,2018-10-12-06-00-23
1.0,113.34514775829389,23.170903845907194,2018-10-12-06-00-23
1.0,113.34564685437279,23.170902992848248,2018-10-12-06-00-23
1.0,113.34589640435213,23.170902567991426,2018-10-12-06-00-23
1.0,113.34639550825356,23.170901721681133,2018-10-12-06-00-23
1.0,113.34814241462122,23.170898796542776,2018-10-12-06-00-23
1.0,113.35038854008008,23.17089512504605,2018-10-12-06-00-23
1.0,113.35138685737697,23.170893527512998,2018-10-12-06-00-23
1.0,113.34714415705203,23.17115036571832,2018-10-12-06-00-23
1.0,113.35038852297025,23.171145029866203,2018-10-12-06-00-23
1.0,113.35737730166673,23.17113433540132,2018-10-12-06-00-23
1.0,113.34489817798793,23.171404083767023,2018-10-12-06-00-23
1.0,113.34914064363623,23.171396961613027,2018-10-12-06-00-23
1.0,113.3451477070191,23.171653560486753,2018-10-12-06-00-23
1.0,113.35213556055766,23.171642058394042,2018-10-12-06-00-23
1.0,113.35538031858972,23.171886984774012,2018-10-12-06-00-23
1.0,113.34739364667928,23.172149567489388,2018-10-12-06-00-23
1.0,113.35538030146286,23.17213688974871,2018-10-12-06-00-23
1.0,113.34564675181088,23.172402422356807,2018-10-12-06-00-23
1.0,113.3493901446611,23.172396173456434,2018-10-12-06-00-23
1.0,113.3498892880235,23.17239536137628,2018-10-12-06-00-23
1.0,113.35113717303506,23.17239335435631,2018-10-12-06-00-23
1.0,113.34589626759441,23.172901807647627,2018-10-12-06-00-23
1.0,113.34514760446498,23.173152990697208,2018-10-12-06-00-23
1.0,113.34564670052767,23.173152137637487,2018-10-12-06-00-23
1.0,113.34589625049894,23.173151712780278,2018-10-12-06-00-23
1.0,113.34614580178031,23.173151289053656,2018-10-12-06-00-23
1.0,113.34639535438431,23.173150866469214,2018-10-12-06-00-23
1.0,113.3471440202574,23.173149605684518,2018-10-12-06-00-23
1.0,113.35138670335215,23.17314267229326,2018-10-12-06-00-23
1.0,113.34489804125633,23.173403324048476,2018-10-12-06-00-23
1.0,113.34539713476003,23.173402468785625,2018-10-12-06-00-23
1.0,113.34589623340331,23.173401617952145,2018-10-12-06-00-23
1.0,113.34639533728689,23.173400771640992,2018-10-12-06-00-23
1.0,113.34489802416412,23.173653229259774,2018-10-12-06-00-23
1.0,113.34664487412671,23.173650255421247,2018-10-12-06-00-23
1.0,113.34864135518922,23.173646926891,2018-10-12-06-00-23
1.0,113.35038835186273,23.17364408020932,2018-10-12-06-00-23
1.0,113.35088750737927,23.173643278725542,2018-10-12-06-00-23
1.0,113.3516362523594,23.173642086713766,2018-10-12-06-00-23
1.0,113.34614575049022,23.173901004686968,2018-10-12-06-00-23
1.0,113.34639530309154,23.17390058210239,2018-10-12-06-00-23
1.0,113.34689441231225,23.173899740406025,2018-10-12-06-00-23
1.0,113.34539708347751,23.174152184537274,2018-10-12-06-00-23
1.0,113.34689439521256,23.17414964569567,2018-10-12-06-00-23
1.0,113.34739350987223,23.174148808706477,2018-10-12-06-00-23
1.0,113.345397066383,23.174402089866604,2018-10-12-06-00-23
13.0,113.34564661505229,23.1744016638902,2018-10-12-06-00-23
1.0,113.34589616501908,23.17440123903278,2018-10-12-06-00-23
1.0,113.346145716296,23.174400815305944,2018-10-12-06-00-23
1.0,113.34664482283026,23.174399971290367,2018-10-12-06-00-23
2.0,113.34514750190483,23.1746524223192,2018-10-12-06-00-23
27.0,113.34539704928832,23.174651995235408,2018-10-12-06-00-23
19.0,113.34564659795672,23.174651569258966,2018-10-12-06-00-23
1.0,113.34589614792262,23.1746511444015,2018-10-12-06-00-23
1.0,113.34639525179726,23.174650298089915,2018-10-12-06-00-23
1.0,113.34689436101266,23.174649456393293,2018-10-12-06-00-23
1.0,113.3533833117962,23.174638975800335,2018-10-12-06-00-23
1.0,113.3448979387006,23.174902755907116,2018-10-12-06-00-23
1.0,113.34564658086097,23.174901474667266,2018-10-12-06-00-23
1.0,113.34614568210108,23.174900626082835,2018-10-12-06-00-23
1.0,113.34664478863179,23.174899782067087,2018-10-12-06-00-23
1.0,113.34539701509846,23.175151806091684,2018-10-12-06-00-23
1.0,113.34614566500338,23.175150531530637,2018-10-12-06-00-23
1.0,113.3451474506225,23.175402138663173,2018-10-12-06-00-23
1.0,113.34539699800328,23.175401711579255,2018-10-12-06-00-23
1.0,113.34639520050148,23.175400014433247,2018-10-12-06-00-23
1.0,113.34489788742049,23.175652472370146,2018-10-12-06-00-23
1.0,113.34539696381242,23.17590152267354,2018-10-12-06-00-23
1.0,113.34464830838675,23.176152712807927,2018-10-12-06-00-23
1.0,113.34489781904463,23.176652094877596,2018-10-12-06-00-23
1.0,113.34639511500515,23.176649542466762,2018-10-12-06-00-23
1.0,113.34839158485313,23.1766462042885,2018-10-12-06-00-23
1.0,113.35113688208502,23.176641745620135,2018-10-12-06-00-23
1.0,113.35288398722321,23.176638993604424,2018-10-12-06-00-23
1.0,113.34764288113664,23.176897352804495,2018-10-12-06-00-23
1.0,113.34614552821573,23.17714977654468,2018-10-12-06-00-23
1.0,113.34739330464156,23.17714767527183,2018-10-12-06-00-23
1.0,113.34814198701879,23.177146428813636,2018-10-12-06-00-23
1.0,113.34839155063933,23.17714601578059,2018-10-12-06-00-23
1.0,113.34914025015834,23.17714478420003,2018-10-12-06-00-23
1.0,113.3453968612358,23.177400956913406,2018-10-12-06-00-23
1.0,113.34664461762941,23.17739883833459,2018-10-12-06-00-23
1.0,113.34664460052825,23.177648744181145,2018-10-12-06-00-23
1.0,113.34639502950463,23.1778990714994,2018-10-12-06-00-23
1.0,113.349389751148,23.17814399968199,2018-10-12-06-00-23
1.0,113.34963932206148,23.178143592989844,2018-10-12-06-00-23
1.0,113.34764277850797,23.178396788003774,2018-10-12-06-00-23
1.0,113.34664453212193,23.178648367969714,2018-10-12-06-00-23
