count,wgs_lng,wgs_lat,time
1.0,113.32593728031809,23.143949607388393,2018-10-14-04-00-21
1.0,113.33067760578687,23.14394060009075,2018-10-14-04-00-21
1.0,113.33342208349843,23.143935445112618,2018-10-14-04-00-21
1.0,113.33541811641913,23.143931735433277,2018-10-14-04-00-21
1.0,113.32468982851972,23.14420189177734,2018-10-14-04-00-21
1.0,113.3356676068045,23.144181175383547,2018-10-14-04-00-21
1.0,113.32718468757938,23.144447029925328,2018-10-14-04-00-21
1.0,113.33566758976671,23.144431076375767,2018-10-14-04-00-21
1.0,113.33117654553593,23.144689361763003,2018-10-14-04-00-21
1.0,113.33192503582248,23.144687952982718,2018-10-14-04-00-21
1.0,113.33566757272877,23.14468097740082,2018-10-14-04-00-21
1.0,113.33691512178243,23.144678682212348,2018-10-14-04-00-21
1.0,113.33716463407626,23.14467822523155,2018-10-14-04-00-21
1.0,113.33017854896526,23.14494114701672,2018-10-14-04-00-21
1.0,113.3301785319487,23.14519104810853,2018-10-14-04-00-21
1.0,113.33392100234832,23.145184019390243,2018-10-14-04-00-21
1.0,113.33092699881244,23.145439535487807,2018-10-14-04-00-21
1.0,113.33491900164734,23.14543206557574,2018-10-14-04-00-21
1.0,113.33641604859386,23.14542930153973,2018-10-14-04-00-21
1.0,113.32943001841426,23.14569226747181,2018-10-14-04-00-21
1.0,113.33741407904793,23.145677373393298,2018-10-14-04-00-21
1.0,113.3261866319981,23.14594833974374,2018-10-14-04-00-21
1.0,113.32868152591766,23.145943588745055,2018-10-14-04-00-21
1.0,113.33267344619428,23.14593605393669,2018-10-14-04-00-21
1.0,113.33616650471794,23.145929562936608,2018-10-14-04-00-21
1.0,113.33616648767703,23.146179464159783,2018-10-14-04-00-21
1.0,113.3294299673716,23.146441971144753,2018-10-14-04-00-21
1.0,113.33092693073189,23.146439140317753,2018-10-14-04-00-21
1.0,113.3324239130429,23.146436324163083,2018-10-14-04-00-21
1.0,113.32468965857329,23.146700903202174,2018-10-14-04-00-21
1.0,113.33616645359474,23.146679266705878,2018-10-14-04-00-21
1.0,113.33641596338451,23.14667880765566,2018-10-14-04-00-21
1.0,113.32518861480669,23.14694985077272,2018-10-14-04-00-21
1.0,113.32893094927148,23.146942720168585,2018-10-14-04-00-21
1.0,113.3306774015612,23.146939413789877,2018-10-14-04-00-21
1.0,113.33167538529091,23.14693753285411,2018-10-14-04-00-21
1.0,113.3339208831236,23.14693332795587,2018-10-14-04-00-21
1.0,113.32568757190948,23.147198798869805,2018-10-14-04-00-21
1.0,113.32618654699077,23.147197846200793,2018-10-14-04-00-21
1.0,113.33317236111752,23.14718462639057,2018-10-14-04-00-21
1.0,113.3299288851638,23.147440631433263,2018-10-14-04-00-21
1.0,113.33566738530027,23.14742989085974,2018-10-14-04-00-21
1.0,113.33616640247004,23.14742897077525,2018-10-14-04-00-21
1.0,113.33367132970028,23.14768349728057,2018-10-14-04-00-21
1.0,113.32967934095915,23.14819080817211,2018-10-14-04-00-21
1.0,113.3356673341799,23.14817959523099,2018-10-14-04-00-21
1.0,113.3294298312505,23.1484411824081,2018-10-14-04-00-21
1.0,113.32967932394243,23.148440709697482,2018-10-14-04-00-21
1.0,113.33142578640235,23.148437411098392,2018-10-14-04-00-21
1.0,113.33167528314517,23.148436941500233,2018-10-14-04-00-21
1.0,113.33641580999719,23.148927920769797,2018-10-14-04-00-21
1.0,113.32893079614955,23.1491918335966,2018-10-14-04-00-21
1.0,113.33092674349666,23.149188056357264,2018-10-14-04-00-21
1.0,113.33417023282773,23.14918197677758,2018-10-14-04-00-21
1.0,113.33466924095033,23.149181049294725,2018-10-14-04-00-21
1.0,113.33117622212016,23.149437487567244,2018-10-14-04-00-21
1.0,113.32768330910326,23.149694008163777,2018-10-14-04-00-21
1.0,113.33092670945172,23.14968785971215,2018-10-14-04-00-21
1.0,113.33192469532351,23.149685980478854,2018-10-14-04-00-21
1.0,113.32893074510591,23.149941538680928,2018-10-14-04-00-21
1.0,113.33167518099344,23.149936351360974,2018-10-14-04-00-21
1.0,113.33242367465652,23.149934945282435,2018-10-14-04-00-21
1.0,113.33317217377855,23.149933543537504,2018-10-14-04-00-21
1.0,113.3366652524168,23.149927069102773,2018-10-14-04-00-21
1.0,113.32818225513572,23.15019286234358,2018-10-14-04-00-21
1.0,113.3301781745625,23.150438978747808,2018-10-14-04-00-21
1.0,113.33566716376785,23.15067861199975,2018-10-14-04-00-21
1.0,113.33042763462261,23.150938310807554,2018-10-14-04-00-21
1.0,113.33417011357744,23.15093128911224,2018-10-14-04-00-21
1.0,113.33491862682357,23.15092989876899,2018-10-14-04-00-21
1.0,113.33067711220045,23.151187741453448,2018-10-14-04-00-21
1.0,113.33142559913054,23.151186330113475,2018-10-14-04-00-21
1.0,113.3331720886178,23.15118305269014,2018-10-14-04-00-21
1.0,113.32893060898222,23.151940753742636,2018-10-14-04-00-21
1.0,113.33541757116376,23.15192858267533,2018-10-14-04-00-21
1.0,113.32868110058742,23.152191129454767,2018-10-14-04-00-21
1.0,113.32942957599471,23.152189709369537,2018-10-14-04-00-21
1.0,113.33017805541745,23.152188292285718,2018-10-14-04-00-21
1.0,113.33591656968274,23.152177563331584,2018-10-14-04-00-21
1.0,113.33516803045583,23.152428848422034,2018-10-14-04-00-21
1.0,113.32868106655651,23.152690933633632,2018-10-14-04-00-21
1.0,113.33516801341449,23.152678750527706,2018-10-14-04-00-21
1.0,113.33766311570206,23.152674163890335,2018-10-14-04-00-21
1.0,113.32493866911943,23.153697676176975,2018-10-14-04-00-21
1.0,113.32693456950214,23.15369386573956,2018-10-14-04-00-21
1.0,113.33142542886594,23.15368535100549,2018-10-14-04-00-21
1.0,113.33167492558788,23.15368488140646,2018-10-14-04-00-21
1.0,113.33367092087938,23.153681141652935,2018-10-14-04-00-21
1.0,113.32468916563462,23.153948055392217,2018-10-14-04-00-21
1.0,113.32843149051074,23.153940918660265,2018-10-14-04-00-21
1.0,113.33042743035296,23.153937135881197,2018-10-14-04-00-21
1.0,113.33541811641913,23.143931735433277,2018-10-14-04-00-21
1.0,113.34040842795982,23.14392265089115,2018-10-14-04-00-21
1.0,113.34165606604188,23.143920430421417,2018-10-14-04-00-21
1.0,113.3356676068045,23.144181175383547,2018-10-14-04-00-21
1.0,113.33566758976671,23.144431076375767,2018-10-14-04-00-21
1.0,113.34240462777903,23.144418911161424,2018-10-14-04-00-21
1.0,113.34465047785459,23.144415000989767,2018-10-14-04-00-21
1.0,113.33566757272877,23.14468097740082,2018-10-14-04-00-21
1.0,113.33691512178243,23.144678682212348,2018-10-14-04-00-21
1.0,113.33716463407626,23.14467822523155,2018-10-14-04-00-21
1.0,113.33841220868513,23.14467595128055,2018-10-14-04-00-21
1.0,113.34514955196252,23.144664044580576,2018-10-14-04-00-21
1.0,113.34165599779881,23.144920034452024,2018-10-14-04-00-21
1.0,113.34415135751941,23.14491566479188,2018-10-14-04-00-21
1.0,113.34340272029279,23.145166866302123,2018-10-14-04-00-21
1.0,113.33491900164734,23.14543206557574,2018-10-14-04-00-21
1.0,113.33641604859386,23.14542930153973,2018-10-14-04-00-21
1.0,113.33990927769081,23.14542295150448,2018-10-14-04-00-21
1.0,113.34040832562233,23.1454220571358,2018-10-14-04-00-21
1.0,113.33741407904793,23.145677373393298,2018-10-14-04-00-21
1.0,113.33616650471794,23.145929562936608,2018-10-14-04-00-21
1.0,113.3396597211271,23.145923202310925,2018-10-14-04-00-21
1.0,113.33990924358075,23.14592275385009,2018-10-14-04-00-21
1.0,113.3404082915085,23.145921859481245,2018-10-14-04-00-21
1.0,113.33616648767703,23.146179464159783,2018-10-14-04-00-21
1.0,113.33990922652548,23.146172655072633,2018-10-14-04-00-21
1.0,113.33990920947002,23.146422556328403,2018-10-14-04-00-21
1.0,113.34514943244201,23.146413352668844,2018-10-14-04-00-21
1.0,113.33616645359474,23.146679266705878,2018-10-14-04-00-21
1.0,113.33641596338451,23.14667880765566,2018-10-14-04-00-21
1.0,113.33891110849581,23.146674256422678,2018-10-14-04-00-21
1.0,113.33990919241441,23.146672457617466,2018-10-14-04-00-21
1.0,113.33566738530027,23.14742989085974,2018-10-14-04-00-21
1.0,113.33616640247004,23.14742897077525,2018-10-14-04-00-21
1.0,113.33791298863683,23.147425772076605,2018-10-14-04-00-21
1.0,113.34489980085645,23.147663287618556,2018-10-14-04-00-21
1.0,113.34015863058242,23.14792151694984,2018-10-14-04-00-21
1.0,113.34090720707309,23.147920179308752,2018-10-14-04-00-21
1.0,113.3448997837815,23.147913189074053,2018-10-14-04-00-21
1.0,113.3356673341799,23.14817959523099,2018-10-14-04-00-21
1.0,113.3396595676321,23.148172314515264,2018-10-14-04-00-21
1.0,113.33641580999719,23.148927920769797,2018-10-14-04-00-21
1.0,113.3396595164641,23.14892201918764,2018-10-14-04-00-21
1.0,113.33466924095033,23.149181049294725,2018-10-14-04-00-21
1.0,113.34265382065529,23.149416499466454,2018-10-14-04-00-21
1.0,113.33990898773402,23.14967127570322,2018-10-14-04-00-21
1.0,113.34015851117599,23.14967082808869,2018-10-14-04-00-21
1.0,113.3366652524168,23.149927069102773,2018-10-14-04-00-21
1.0,113.34290332184293,23.14991586537622,2018-10-14-04-00-21
1.0,113.34714559274829,23.150158490537187,2018-10-14-04-00-21
1.0,113.34115656404083,23.150418751622322,2018-10-14-04-00-21
1.0,113.34365190066612,23.150414362390876,2018-10-14-04-00-21
1.0,113.33566716376785,23.15067861199975,2018-10-14-04-00-21
1.0,113.3441509648579,23.150663398299834,2018-10-14-04-00-21
1.0,113.34714555857877,23.150658294159204,2018-10-14-04-00-21
1.0,113.34739511667779,23.150657876262827,2018-10-14-04-00-21
1.0,113.33491862682357,23.15092989876899,2018-10-14-04-00-21
1.0,113.34215465102679,23.15091678807394,2018-10-14-04-00-21
1.0,113.3381622316189,23.151423744853396,2018-10-14-04-00-21
1.0,113.3436518323761,23.151413969911385,2018-10-14-04-00-21
1.0,113.33541757116376,23.15192858267533,2018-10-14-04-00-21
1.0,113.3394097903356,23.151921290235784,2018-10-14-04-00-21
1.0,113.33591656968274,23.152177563331584,2018-10-14-04-00-21
1.0,113.33516803045583,23.152428848422034,2018-10-14-04-00-21
1.0,113.33516801341449,23.152678750527706,2018-10-14-04-00-21
1.0,113.33766311570206,23.152674163890335,2018-10-14-04-00-21
1.0,113.34714538772117,23.153157314332976,2018-10-14-04-00-21
1.0,113.35613108890351,23.143646847796795,2018-10-14-04-00-21
1.0,113.35638070451485,23.143646480141875,2018-10-14-04-00-21
1.0,113.35613107179327,23.14389674871998,2018-10-14-04-00-21
1.0,113.35338539945892,23.144150796222835,2018-10-14-04-00-21
1.0,113.35513261016214,23.144148136050845,2018-10-14-04-00-21
1.0,113.34465047785459,23.144415000989767,2018-10-14-04-00-21
1.0,113.34514955196252,23.144664044580576,2018-10-14-04-00-21
1.0,113.34415135751941,23.14491566479188,2018-10-14-04-00-21
1.0,113.3493919741866,23.145656547122563,2018-10-14-04-00-21
1.0,113.34914238755653,23.145906856287702,2018-10-14-04-00-21
1.0,113.34939194000745,23.146156349531218,2018-10-14-04-00-21
1.0,113.34514943244201,23.146413352668844,2018-10-14-04-00-21
1.0,113.35638049917168,23.14664529339166,2018-10-14-04-00-21
1.0,113.3543835728847,23.14739798251159,2018-10-14-04-00-21
1.0,113.34489980085645,23.147663287618556,2018-10-14-04-00-21
1.0,113.3448997837815,23.147913189074053,2018-10-14-04-00-21
1.0,113.35388433739355,23.147898546979985,2018-10-14-04-00-21
1.0,113.35538191065376,23.14864598498379,2018-10-14-04-00-21
1.0,113.35662994544299,23.149143942037608,2018-10-14-04-00-21
1.0,113.3528858525176,23.14939949739356,2018-10-14-04-00-21
1.0,113.35588108153553,23.149394946650965,2018-10-14-04-00-21
1.0,113.34964125465288,23.14990446517711,2018-10-14-04-00-21
1.0,113.35513221664857,23.149895867202243,2018-10-14-04-00-21
1.0,113.34714559274829,23.150158490537187,2018-10-14-04-00-21
1.0,113.3441509648579,23.150663398299834,2018-10-14-04-00-21
1.0,113.34714555857877,23.150658294159204,2018-10-14-04-00-21
1.0,113.34739511667779,23.150657876262827,2018-10-14-04-00-21
1.0,113.35687942774364,23.151142791787578,2018-10-14-04-00-21
1.0,113.35038983993644,23.15190246800586,2018-10-14-04-00-21
1.0,113.347894100337,23.152656259942294,2018-10-14-04-00-21
1.0,113.34714538772117,23.153157314332976,2018-10-14-04-00-21
1.0,113.34939146142908,23.153153597414832,2018-10-14-04-00-21
1.0,113.35288556173131,23.15364783080009,2018-10-14-04-00-21
1.0,113.32493866911943,23.153697676176975,2018-10-14-04-00-21
1.0,113.32693456950214,23.15369386573956,2018-10-14-04-00-21
1.0,113.33142542886594,23.15368535100549,2018-10-14-04-00-21
1.0,113.33167492558788,23.15368488140646,2018-10-14-04-00-21
1.0,113.33367092087938,23.153681141652935,2018-10-14-04-00-21
1.0,113.32843149051074,23.153940918660265,2018-10-14-04-00-21
1.0,113.33042743035296,23.153937135881197,2018-10-14-04-00-21
1.0,113.337413499405,23.154174032794593,2018-10-14-04-00-21
1.0,113.33441937873654,23.154429454810916,2018-10-14-04-00-21
1.0,113.32618601985253,23.15494480517592,2018-10-14-04-00-21
1.0,113.33566687402904,23.154926948395957,2018-10-14-04-00-21
1.0,113.32568702782888,23.155195660304198,2018-10-14-04-00-21
1.0,113.32643549075499,23.155194231549675,2018-10-14-04-00-21
1.0,113.32818191486346,23.155190904845696,2018-10-14-04-00-21
1.0,113.32543752369084,23.155446039360264,2018-10-14-04-00-21
1.0,113.32593649820157,23.155445086380077,2018-10-14-04-00-21
1.0,113.32768290082493,23.15569165917815,2018-10-14-04-00-21
1.0,113.32593644718175,23.156194794067893,2018-10-14-04-00-21
1.0,113.32693439940145,23.156192890130765,2018-10-14-04-00-21
1.0,113.3351677748182,23.15617738367539,2018-10-14-04-00-21
1.0,113.33541728142734,23.15617692203546,2018-10-14-04-00-21
1.0,113.32518796877528,23.156446126381848,2018-10-14-04-00-21
1.0,113.32668489390174,23.15644326846453,2018-10-14-04-00-21
1.0,113.32718387119137,23.15644231727349,2018-10-14-04-00-21
1.0,113.32768284978339,23.156441366971354,2018-10-14-04-00-21
1.0,113.33192423554416,23.156433339267398,2018-10-14-04-00-21
1.0,113.33466874680335,23.156428211424537,2018-10-14-04-00-21
1.0,113.3256869257948,23.156695075786665,2018-10-14-04-00-21
1.0,113.32743332629137,23.15694164737824,2018-10-14-04-00-21
1.0,113.33217369933705,23.156932675940904,2018-10-14-04-00-21
1.0,113.3256868917821,23.157194881231586,2018-10-14-04-00-21
1.0,113.32593637915298,23.157194404815225,2018-10-14-04-00-21
1.0,113.33067670360917,23.15718539747589,2018-10-14-04-00-21
1.0,113.33217366527182,23.157432481455015,2018-10-14-04-00-21
1.0,113.32643532066452,23.15769325806354,2018-10-14-04-00-21
1.0,113.33017768090842,23.157686145954163,2018-10-14-04-00-21
1.0,113.33067666955557,23.157685203061945,2018-10-14-04-00-21
1.0,113.32493838007595,23.15794601975511,2018-10-14-04-00-21
1.0,113.32543735363917,23.157945066231367,2018-10-14-04-00-21
1.0,113.3261858157561,23.157943636994275,2018-10-14-04-00-21
1.0,113.32793223750767,23.157940308731533,2018-10-14-04-00-21
1.0,113.33142513937787,23.157933694565326,2018-10-14-04-00-21
1.0,113.3254373366331,23.158194969114817,2018-10-14-04-00-21
1.0,113.32568682375472,23.158194492550248,2018-10-14-04-00-21
1.0,113.32518783273805,23.15844534873447,2018-10-14-04-00-21
1.0,113.32518781573266,23.158695251689856,2018-10-14-04-00-21
1.0,113.32568678974005,23.158694298424876,2018-10-14-04-00-21
1.0,113.33242307854763,23.158681527637736,2018-10-14-04-00-21
1.0,113.32643523561305,23.158942772659827,2018-10-14-04-00-21
1.0,113.33142507125604,23.15893330631088,2018-10-14-04-00-21
1.0,113.33317156052814,23.158930028878522,2018-10-14-04-00-21
1.0,113.33092602841302,23.159683955983215,2018-10-14-04-00-21
1.0,113.32568670470042,23.159943813742956,2018-10-14-04-00-21
1.0,113.33142500313151,23.15993291863382,2018-10-14-04-00-21
1.0,113.32818157452463,23.160188961448505,2018-10-14-04-00-21
1.0,113.33391998015695,23.16017814728698,2018-10-14-04-00-21
1.0,113.3251876966902,23.16044457338952,2018-10-14-04-00-21
1.0,113.32543718357088,23.1604440966889,2018-10-14-04-00-21
1.0,113.32868048792906,23.161187626271172,2018-10-14-04-00-21
1.0,113.33267240723174,23.161180091422302,2018-10-14-04-00-21
1.0,113.33367039267686,23.161428128844406,2018-10-14-04-00-21
1.0,113.33267237315688,23.161679898165996,2018-10-14-04-00-21
1.0,113.32618554359024,23.16194208746888,2018-10-14-04-00-21
1.0,113.32942891215427,23.16193591635364,2018-10-14-04-00-21
1.0,113.33242285708374,23.161930269341084,2018-10-14-04-00-21
1.0,113.33466837183963,23.161926078416833,2018-10-14-04-00-21
1.0,113.32518756063168,23.16244380037534,2018-10-14-04-00-21
1.0,113.33516734867203,23.16242496026099,2018-10-14-04-00-21
1.0,113.34714538772117,23.153157314332976,2018-10-14-04-00-21
1.0,113.33816206108848,23.15392276608079,2018-10-14-04-00-21
1.0,113.337413499405,23.154174032794593,2018-10-14-04-00-21
1.0,113.33791252826445,23.154173122448462,2018-10-14-04-00-21
1.0,113.34714528519858,23.15465672810433,2018-10-14-04-00-21
1.0,113.33566687402904,23.154926948395957,2018-10-14-04-00-21
1.0,113.33940953445715,23.155669824428404,2018-10-14-04-00-21
1.0,113.3463965507876,23.155657598762954,2018-10-14-04-00-21
1.0,113.3389104774612,23.15592062804023,2018-10-14-04-00-21
1.0,113.3391599969475,23.155920177109067,2018-10-14-04-00-21
1.0,113.347394757839,23.155905822649043,2018-10-14-04-00-21
1.0,113.3351677748182,23.15617738367539,2018-10-14-04-00-21
1.0,113.33541728142734,23.15617692203546,2018-10-14-04-00-21
1.0,113.33891046040303,23.15617053063607,2018-10-14-04-00-21
1.0,113.33466874680335,23.156428211424537,2018-10-14-04-00-21
1.0,113.34340195207513,23.1564124503497,2018-10-14-04-00-21
1.0,113.346895608875,23.156406464856364,2018-10-14-04-00-21
1.0,113.34315239737312,23.156662788534277,2018-10-14-04-00-21
1.0,113.34340193499978,23.156662353015783,2018-10-14-04-00-21
1.0,113.34365147380962,23.156661918510903,2018-10-14-04-00-21
1.0,113.34489918605246,23.15665976160249,2018-10-14-04-00-21
1.0,113.34290282676932,23.157163030493745,2018-10-14-04-00-21
1.0,113.34390096258282,23.157411193243163,2018-10-14-04-00-21
1.0,113.3453982284282,23.157408614556353,2018-10-14-04-00-21
1.0,113.34415048671576,23.157660663609352,2018-10-14-04-00-21
1.0,113.3446495215716,23.15840951052355,2018-10-14-04-00-21
1.0,113.3431522436957,23.158911914137484,2018-10-14-04-00-21
1.0,113.34564767465096,23.15890760597139,2018-10-14-04-00-21
1.0,113.3391597069198,23.160168526100072,2018-10-14-04-00-21
1.0,113.33915968985784,23.160418429306507,2018-10-14-04-00-21
1.0,113.33965873169964,23.160417529887223,2018-10-14-04-00-21
1.0,113.33990825409835,23.16041708142394,2018-10-14-04-00-21
1.0,113.33940919322741,23.16066788242823,2018-10-14-04-00-21
1.0,113.34390068931712,23.161409642510144,2018-10-14-04-00-21
1.0,113.33466837183963,23.161926078416833,2018-10-14-04-00-21
1.0,113.34639612359491,23.161905173495228,2018-10-14-04-00-21
1.0,113.33516734867203,23.16242496026099,2018-10-14-04-00-21
1.0,113.33866049832196,23.16266846247325,2018-10-14-04-00-21
1.0,113.34090620022445,23.162664426660857,2018-10-14-04-00-21
1.0,113.34290245110239,23.162660899846266,2018-10-14-04-00-21
1.0,113.34340152514116,23.16266002780541,2018-10-14-04-00-21
1.0,113.347894100337,23.152656259942294,2018-10-14-04-00-21
1.0,113.34714538772117,23.153157314332976,2018-10-14-04-00-21
1.0,113.34939146142908,23.153153597414832,2018-10-14-04-00-21
1.0,113.35288556173131,23.15364783080009,2018-10-14-04-00-21
1.0,113.34714528519858,23.15465672810433,2018-10-14-04-00-21
1.0,113.3463965507876,23.155657598762954,2018-10-14-04-00-21
1.0,113.347394757839,23.155905822649043,2018-10-14-04-00-21
1.0,113.34789386107603,23.156154893059668,2018-10-14-04-00-21
1.0,113.346895608875,23.156406464856364,2018-10-14-04-00-21
1.0,113.35038953216323,23.156400709951853,2018-10-14-04-00-21
1.0,113.34489918605246,23.15665976160249,2018-10-14-04-00-21
1.0,113.3453982284282,23.157408614556353,2018-10-14-04-00-21
1.0,113.3486424496034,23.157653070294828,2018-10-14-04-00-21
1.0,113.3446495215716,23.15840951052355,2018-10-14-04-00-21
1.0,113.34564767465096,23.15890760597139,2018-10-14-04-00-21
1.0,113.34889193069243,23.15890217434491,2018-10-14-04-00-21
1.0,113.34939103401595,23.159401163189,2018-10-14-04-00-21
1.0,113.35238593581697,23.160146080721418,2018-10-14-04-00-21
1.0,113.35238591870767,23.160395983925575,2018-10-14-04-00-21
1.0,113.34639612359491,23.161905173495228,2018-10-14-04-00-21
1.0,113.35013954622278,23.16239878659236,2018-10-14-04-00-21
1.0,113.35063868163354,23.162647885963903,2018-10-14-04-00-21
1.0,113.35288494578857,23.16264433519065,2018-10-14-04-00-21
1.0,113.32618554359024,23.16194208746888,2018-10-14-04-00-21
1.0,113.32942891215427,23.16193591635364,2018-10-14-04-00-21
1.0,113.33242285708374,23.161930269341084,2018-10-14-04-00-21
1.0,113.33466837183963,23.161926078416833,2018-10-14-04-00-21
1.0,113.32518756063168,23.16244380037534,2018-10-14-04-00-21
1.0,113.33516734867203,23.16242496026099,2018-10-14-04-00-21
1.0,113.32693392303095,23.163190177476118,2018-10-14-04-00-21
1.0,113.32768239034213,23.163188751680043,2018-10-14-04-00-21
1.0,113.32593595391289,23.16344198506718,2018-10-14-04-00-21
1.0,113.32768237332346,23.163438655329056,2018-10-14-04-00-21
1.0,113.32668440054007,23.163690460513127,2018-10-14-04-00-21
1.0,113.3271833777711,23.163689509319692,2018-10-14-04-00-21
1.0,113.33367023929772,23.163677260680046,2018-10-14-04-00-21
1.0,113.32693387198351,23.16393988853484,2018-10-14-04-00-21
1.0,113.33766234823254,23.16391979538076,2018-10-14-04-00-21
1.0,113.32768232226644,23.164188366498813,2018-10-14-04-00-21
1.0,113.3279318120531,23.16418789171071,2018-10-14-04-00-21
1.0,113.32718332671965,23.164439220601267,2018-10-14-04-00-21
1.0,113.32743281581386,23.16443874533158,2018-10-14-04-00-21
1.0,113.33367018816834,23.164426971958385,2018-10-14-04-00-21
1.0,113.33441869701686,23.164425578166536,2018-10-14-04-00-21
1.0,113.33491770645922,23.164424651850382,2018-10-14-04-00-21
1.0,113.33516721228322,23.164424189592577,2018-10-14-04-00-21
1.0,113.32793177801224,23.164687699343272,2018-10-14-04-00-21
1.0,113.3324226696692,23.164679209474635,2018-10-14-04-00-21
1.0,113.33516719523388,23.164674093426303,2018-10-14-04-00-21
1.0,113.33541668475931,23.164923535655983,2018-10-14-04-00-21
1.0,113.32643477626316,23.1656901672442,2018-10-14-04-00-21
1.0,113.32743273071972,23.165688264880735,2018-10-14-04-00-21
1.0,113.33491762121568,23.16567417139331,2018-10-14-04-00-21
1.0,113.32568629645228,23.165941500026555,2018-10-14-04-00-21
1.0,113.33441859473588,23.165925001731058,2018-10-14-04-00-21
1.0,113.33766221175811,23.165919026496777,2018-10-14-04-00-21
1.0,113.32543679235064,23.1661918806527,2018-10-14-04-00-21
1.0,113.3259357667743,23.166190927668964,2018-10-14-04-00-21
1.0,113.32593574976069,23.16644083176686,2018-10-14-04-00-21
1.0,113.33491757006756,23.166423883569525,2018-10-14-04-00-21
1.0,113.33516707588373,23.166423421311386,2018-10-14-04-00-21
1.0,113.33716315062932,23.166419746465678,2018-10-14-04-00-21
1.0,113.32967808127178,23.16668361580587,2018-10-14-04-00-21
1.0,113.33441854359313,23.166674714020576,2018-10-14-04-00-21
1.0,113.33491755301785,23.166673787703672,2018-10-14-04-00-21
1.0,113.33566607273544,23.166672402790834,2018-10-14-04-00-21
1.0,113.33441852654522,23.1669246181926,2018-10-14-04-00-21
1.0,113.33466803089341,23.166924154738098,2018-10-14-04-00-21
1.0,113.32568621138851,23.16719102070523,2018-10-14-04-00-21
1.0,113.33641456535588,23.167170832027555,2018-10-14-04-00-21
1.0,113.32543669027872,23.167691305807775,2018-10-14-04-00-21
1.0,113.32768208398053,23.1676870230805,2018-10-14-04-00-21
1.0,113.33466797974572,23.167673867481348,2018-10-14-04-00-21
1.0,113.3349174677668,23.1679233089424,2018-10-14-04-00-21
1.0,113.33566598746972,23.16792192402893,2018-10-14-04-00-21
1.0,113.32768204993702,23.168186831768296,2018-10-14-04-00-21
1.0,113.33017696571267,23.16818209703368,2018-10-14-04-00-21
1.0,113.33591547852392,23.16817136801825,2018-10-14-04-00-21
1.0,113.32593561364591,23.168440065913266,2018-10-14-04-00-21
1.0,113.33516693947357,23.168422655445507,2018-10-14-04-00-21
1.0,113.33541644603484,23.168422193803526,2018-10-14-04-00-21
1.0,113.33591546146913,23.168421272417934,2018-10-14-04-00-21
1.0,113.33441840720513,23.168673948459578,2018-10-14-04-00-21
1.0,113.33466791154646,23.16867348500478,2018-10-14-04-00-21
1.0,113.3356659363083,23.168671637228165,2018-10-14-04-00-21
1.0,113.3254366052142,23.168940827815188,2018-10-14-04-00-21
1.0,113.33416888652869,23.168924316970532,2018-10-14-04-00-21
1.0,113.32618505018102,23.16918930308864,2018-10-14-04-00-21
1.0,113.33242229477958,23.17017710337459,2018-10-14-04-00-21
1.0,113.33192328154027,23.170427945013316,2018-10-14-04-00-21
1.0,113.32493751265704,23.17069111376305,2018-10-14-04-00-21
1.0,113.33017679538463,23.17068114276459,2018-10-14-04-00-21
1.0,113.33317075957034,23.170675511072325,2018-10-14-04-00-21
1.0,113.33342026047106,23.17067504484099,2018-10-14-04-00-21
1.0,113.32643436785027,23.17168787428072,2018-10-14-04-00-21
1.0,113.32718283314487,23.171686447184175,2018-10-14-04-00-21
1.0,113.33342017523616,23.17192456915035,2018-10-14-04-00-21
1.0,113.34639612359491,23.161905173495228,2018-10-14-04-00-21
1.0,113.33516734867203,23.16242496026099,2018-10-14-04-00-21
1.0,113.33866049832196,23.16266846247325,2018-10-14-04-00-21
1.0,113.34090620022445,23.162664426660857,2018-10-14-04-00-21
1.0,113.34290245110239,23.162660899846266,2018-10-14-04-00-21
1.0,113.34340152514116,23.16266002780541,2018-10-14-04-00-21
1.0,113.33965856105188,23.162916563962842,2018-10-14-04-00-21
1.0,113.34015760683299,23.16291566788237,2018-10-14-04-00-21
1.0,113.3409061831542,23.16291433023367,2018-10-14-04-00-21
1.0,113.34115571068642,23.162913886124556,2018-10-14-04-00-21
1.0,113.34190429973977,23.16291255928584,2018-10-14-04-00-21
1.0,113.34340150806162,23.162909931377794,2018-10-14-04-00-21
1.0,113.3401575897654,23.163165571492275,2018-10-14-04-00-21
1.0,113.34340149098192,23.163159834987148,2018-10-14-04-00-21
1.0,113.34315193630022,23.16341017415317,2018-10-14-04-00-21
1.0,113.34065660546761,23.163664486178245,2018-10-14-04-00-21
1.0,113.34240331338977,23.163661390359366,2018-10-14-04-00-21
1.0,113.33766234823254,23.16391979538076,2018-10-14-04-00-21
1.0,113.33866041301168,23.163917980709442,2018-10-14-04-00-21
1.0,113.33890993151708,23.163917528978153,2018-10-14-04-00-21
1.0,113.3391594509729,23.16391707804564,2018-10-14-04-00-21
1.0,113.33890991445358,23.164167432736697,2018-10-14-04-00-21
1.0,113.33491770645922,23.164424651850382,2018-10-14-04-00-21
1.0,113.33516721228322,23.164424189592577,2018-10-14-04-00-21
1.0,113.33841086132027,23.16441824078195,2018-10-14-04-00-21
1.0,113.3386603788864,23.16441778826387,2018-10-14-04-00-21
1.0,113.33516719523388,23.164674093426303,2018-10-14-04-00-21
1.0,113.33541668475931,23.164923535655983,2018-10-14-04-00-21
1.0,113.3421536779377,23.16516125269916,2018-10-14-04-00-21
1.0,113.33491762121568,23.16567417139331,2018-10-14-04-00-21
1.0,113.33766221175811,23.165919026496777,2018-10-14-04-00-21
1.0,113.34464900906126,23.165906614985055,2018-10-14-04-00-21
1.0,113.33491757006756,23.166423883569525,2018-10-14-04-00-21
1.0,113.33516707588373,23.166423421311386,2018-10-14-04-00-21
1.0,113.33716315062932,23.166419746465678,2018-10-14-04-00-21
1.0,113.33491755301785,23.166673787703672,2018-10-14-04-00-21
1.0,113.33566607273544,23.166672402790834,2018-10-14-04-00-21
1.0,113.33641456535588,23.167170832027555,2018-10-14-04-00-21
1.0,113.3349174677668,23.1679233089424,2018-10-14-04-00-21
1.0,113.33566598746972,23.16792192402893,2018-10-14-04-00-21
1.0,113.3429020924357,23.16790888270499,2018-10-14-04-00-21
1.0,113.33591547852392,23.16817136801825,2018-10-14-04-00-21
1.0,113.34015724837852,23.1681636515388,2018-10-14-04-00-21
1.0,113.33516693947357,23.168422655445507,2018-10-14-04-00-21
1.0,113.33541644603484,23.168422193803526,2018-10-14-04-00-21
1.0,113.33591546146913,23.168421272417934,2018-10-14-04-00-21
29.0,113.34140486365717,23.16841133097301,2018-10-14-04-00-21
1.0,113.3356659363083,23.168671637228165,2018-10-14-04-00-21
1.0,113.34090579049237,23.168662122723298,2018-10-14-04-00-21
1.0,113.34140484658121,23.168661235409942,2018-10-14-04-00-21
1.0,113.3421534217713,23.168909815835317,2018-10-14-04-00-21
1.0,113.34165434208556,23.16916060211396,2018-10-14-04-00-21
1.0,113.34065621281587,23.169412281269043,2018-10-14-04-00-21
1.0,113.3448983147088,23.16940484597067,2018-10-14-04-00-21
1.0,113.3401571459494,23.169663078506357,2018-10-14-04-00-21
1.0,113.34040667033139,23.169662631747393,2018-10-14-04-00-21
1.0,113.34290197286373,23.16965821403013,2018-10-14-04-00-21
1.0,113.34040665325834,23.1699125363762,2018-10-14-04-00-21
1.0,113.34689468588469,23.16990126108944,2018-10-14-04-00-21
1.0,113.34240286934605,23.17015889932879,2018-10-14-04-00-21
1.0,113.34614600692561,23.17015243003464,2018-10-14-04-00-21
1.0,113.33816093516886,23.17041639649293,2018-10-14-04-00-21
1.0,113.33841045178775,23.170415943199217,2018-10-14-04-00-21
1.0,113.3471441741506,23.170900460897602,2018-10-14-04-00-21
1.0,113.34190373620437,23.171159398251774,2018-10-14-04-00-21
1.0,113.34390002305247,23.171155902345998,2018-10-14-04-00-21
1.0,113.34439910659705,23.171155038505315,2018-10-14-04-00-21
1.0,113.33940845935707,23.171413757102172,2018-10-14-04-00-21
1.0,113.34664502800699,23.1714011099312,2018-10-14-04-00-21
1.0,113.34439907241912,23.171654848264073,2018-10-14-04-00-21
1.0,113.34315135551637,23.171906920553347,2018-10-14-04-00-21
1.0,113.34340089308695,23.171906485032252,2018-10-14-04-00-21
1.0,113.34639612359491,23.161905173495228,2018-10-14-04-00-21
1.0,113.35013954622278,23.16239878659236,2018-10-14-04-00-21
1.0,113.35063868163354,23.162647885963903,2018-10-14-04-00-21
1.0,113.35288494578857,23.16264433519065,2018-10-14-04-00-21
1.0,113.35088812334867,23.164646715504393,2018-10-14-04-00-21
1.0,113.35238562782382,23.164644344013272,2018-10-14-04-00-21
1.0,113.35288477465478,23.165143372568284,2018-10-14-04-00-21
1.0,113.35413275641524,23.165141450024727,2018-10-14-04-00-21
1.0,113.35113763503253,23.165645932493803,2018-10-14-04-00-21
1.0,113.35213597129602,23.165644351462145,2018-10-14-04-00-21
1.0,113.34464900906126,23.165906614985055,2018-10-14-04-00-21
1.0,113.35188633350059,23.166394456794862,2018-10-14-04-00-21
1.0,113.34814270533103,23.166650420473495,2018-10-14-04-00-21
1.0,113.34839226898818,23.166650007442268,2018-10-14-04-00-21
1.0,113.35188629927674,23.166894265095138,2018-10-14-04-00-21
1.0,113.35188628216456,23.16714416930202,2018-10-14-04-00-21
1.0,113.35013916991193,23.16789667295915,2018-10-14-04-00-21
1.0,113.35313416226263,23.168141834925976,2018-10-14-04-00-21
1.0,113.35413255098393,23.16814029982544,2018-10-14-04-00-21
1.0,113.34988956174683,23.168396885790454,2018-10-14-04-00-21
1.0,113.35038871116913,23.16839607896524,2018-10-14-04-00-21
1.0,113.3528845350393,23.16864203120337,2018-10-14-04-00-21
1.0,113.35363331901024,23.168640873248997,2018-10-14-04-00-21
1.0,113.35687822910755,23.168636012996387,2018-10-14-04-00-21
1.0,113.34864168016507,23.16889873455013,2018-10-14-04-00-21
1.0,113.35687821197823,23.168885917468856,2018-10-14-04-00-21
1.0,113.34889122959252,23.169148228533093,2018-10-14-04-00-21
1.0,113.34988951042698,23.169146599211622,2018-10-14-04-00-21
1.0,113.35687819484872,23.16913582197961,2018-10-14-04-00-21
1.0,113.3448983147088,23.16940484597067,2018-10-14-04-00-21
1.0,113.34939034993707,23.16939731584106,2018-10-14-04-00-21
1.0,113.35687817771905,23.169385726528702,2018-10-14-04-00-21
1.0,113.35488125771144,23.169638591171772,2018-10-14-04-00-21
1.0,113.34689468588469,23.16990126108944,2018-10-14-04-00-21
1.0,113.34939031572608,23.169897125057137,2018-10-14-04-00-21
1.0,113.35263485812185,23.169891942845087,2018-10-14-04-00-21
1.0,113.34614600692561,23.17015243003464,2018-10-14-04-00-21
1.0,113.34814244882489,23.170398987017805,2018-10-14-04-00-21
1.0,113.34939028151443,23.170396934427224,2018-10-14-04-00-21
1.0,113.35213564613612,23.170392534294553,2018-10-14-04-00-21
1.0,113.35488118921535,23.17063820990819,2018-10-14-04-00-21
1.0,113.3471441741506,23.170900460897602,2018-10-14-04-00-21
1.0,113.35188602546174,23.170892736984264,2018-10-14-04-00-21
1.0,113.35213561190524,23.170892343818128,2018-10-14-04-00-21
1.0,113.34789283529993,23.17114911562945,2018-10-14-04-00-21
1.0,113.35113725859937,23.171143829673497,2018-10-14-04-00-21
1.0,113.34664502800699,23.1714011099312,2018-10-14-04-00-21
1.0,113.35013893039913,23.17139533747595,2018-10-14-04-00-21
1.0,113.35013891328981,23.171645242373746,2018-10-14-04-00-21
1.0,113.35188597411664,23.17164245156031,2018-10-14-04-00-21
1.0,113.35213556055766,23.171642058394042,2018-10-14-04-00-21
1.0,113.32643436785027,23.17168787428072,2018-10-14-04-00-21
1.0,113.32718283314487,23.171686447184175,2018-10-14-04-00-21
1.0,113.33342017523616,23.17192456915035,2018-10-14-04-00-21
1.0,113.32668380491711,23.17243711331908,2018-10-14-04-00-21
1.0,113.32743227113934,23.17243568685174,2018-10-14-04-00-21
1.0,113.32793125029367,23.172434737025853,2018-10-14-04-00-21
1.0,113.32892921309971,23.172432840584854,2018-10-14-04-00-21
1.0,113.32942819696578,23.172431894167552,2018-10-14-04-00-21
1.0,113.33017667614509,23.17243047707366,2018-10-14-04-00-21
1.0,113.33267164038621,23.172425779384103,2018-10-14-04-00-21
1.0,113.33292114000005,23.172425312127945,2018-10-14-04-00-21
1.0,113.32643429977213,23.17268749427734,2018-10-14-04-00-21
1.0,113.32843021388354,23.172683693294594,2018-10-14-04-00-21
1.0,113.32967767252858,23.17268132651009,2018-10-14-04-00-21
1.0,113.33691321193203,23.172667818259164,2018-10-14-04-00-21
1.0,113.32668377087535,23.172936923473443,2018-10-14-04-00-21
1.0,113.3291786707544,23.172932177369173,2018-10-14-04-00-21
1.0,113.33292110590821,23.172925122280233,2018-10-14-04-00-21
1.0,113.33342010704523,23.172924189298403,2018-10-14-04-00-21
1.0,113.3341686137337,23.172922793836563,2018-10-14-04-00-21
1.0,113.33466762166982,23.17292186634578,2018-10-14-04-00-21
1.0,113.32768170946528,23.17318492710507,2018-10-14-04-00-21
1.0,113.32942814586964,23.17318160945643,2018-10-14-04-00-21
1.0,113.32967763846231,23.173181136741714,2018-10-14-04-00-21
1.0,113.32942812883726,23.173431514631073,2018-10-14-04-00-21
1.0,113.33516659840139,23.173420751531225,2018-10-14-04-00-21
1.0,113.3261847438566,23.173687590985498,2018-10-14-04-00-21
1.0,113.32843014577043,23.17368331391551,2018-10-14-04-00-21
1.0,113.32942811180472,23.17368141984498,2018-10-14-04-00-21
1.0,113.33441806618842,23.173672045322768,2018-10-14-04-00-21
1.0,113.3346675705101,23.173671581867136,2018-10-14-04-00-21
1.0,113.32643421467071,23.173937020153293,2018-10-14-04-00-21
1.0,113.32718267993802,23.17393559305563,2018-10-14-04-00-21
1.0,113.32743216899388,23.173935117784374,2018-10-14-04-00-21
1.0,113.32843012874174,23.173933219168894,2018-10-14-04-00-21
1.0,113.3379111805496,23.17391552051623,2018-10-14-04-00-21
1.0,113.32917858559668,23.174181703439167,2018-10-14-04-00-21
1.0,113.33691310955949,23.17416724941773,2018-10-14-04-00-21
1.0,113.33766164868803,23.174165880614684,2018-10-14-04-00-21
1.0,113.32793111408225,23.174433978583103,2018-10-14-04-00-21
1.0,113.32593518821857,23.174687688495833,2018-10-14-04-00-21
1.0,113.32843007765466,23.174682935165503,2018-10-14-04-00-21
1.0,113.32892905982486,23.174681987512358,2018-10-14-04-00-21
1.0,113.32917855153242,23.17468151414277,2018-10-14-04-00-21
1.0,113.33142399798515,23.174677269749758,2018-10-14-04-00-21
1.0,113.3259351711993,23.174937593907444,2018-10-14-04-00-21
1.0,113.32668363470165,23.174936165661425,2018-10-14-04-00-21
1.0,113.33691305837097,23.174916965528535,2018-10-14-04-00-21
1.0,113.33716257054789,23.174916508542662,2018-10-14-04-00-21
1.0,113.32743208386808,23.175184644643796,2018-10-14-04-00-21
1.0,113.32843004359577,23.175182746027488,2018-10-14-04-00-21
1.0,113.32543616281161,23.17543835783628,2018-10-14-04-00-21
1.0,113.32693308906848,23.175435500899628,2018-10-14-04-00-21
1.0,113.32892900873024,23.175431703864522,2018-10-14-04-00-21
1.0,113.3359149838674,23.17541861130764,2018-10-14-04-00-21
1.0,113.33616449273961,23.175418151587277,2018-10-14-04-00-21
1.0,113.32643409552172,23.175686358034756,2018-10-14-04-00-21
1.0,113.32668358363377,23.17568588213363,2018-10-14-04-00-21
1.0,113.32693307204467,23.17568540643,2018-10-14-04-00-21
1.0,113.3269330550207,23.17593531200012,2018-10-14-04-00-21
1.0,113.32793101191669,23.175933411407673,2018-10-14-04-00-21
1.0,113.32818050202182,23.17593293687695,2018-10-14-04-00-21
1.0,113.33766151215879,23.17616512436829,2018-10-14-04-00-21
1.0,113.33391887210517,23.17642193391265,2018-10-14-04-00-21
1.0,113.33566540755221,23.17641869403553,2018-10-14-04-00-21
1.0,113.32818045093376,23.176682653825733,2018-10-14-04-00-21
1.0,113.32917841526874,23.17668075854284,2018-10-14-04-00-21
1.0,113.33292085019811,23.176673703444564,2018-10-14-04-00-21
1.0,113.33641391710822,23.176667220574245,2018-10-14-04-00-21
1.0,113.33641390004581,23.17691712630232,2018-10-14-04-00-21
1.0,113.3379109586738,23.177164292392163,2018-10-14-04-00-21
1.0,113.33416828973415,23.177670998151914,2018-10-14-04-00-21
1.0,113.33766140975483,23.177664558855994,2018-10-14-04-00-21
1.0,113.33416827267988,23.177920904040768,2018-10-14-04-00-21
1.0,113.33741187879112,23.177914920290462,2018-10-14-04-00-21
1.0,113.32693290179745,23.178184463928833,2018-10-14-04-00-21
1.0,113.33616430506383,23.17816711459957,2018-10-14-04-00-21
1.0,113.33791089039865,23.178163915864815,2018-10-14-04-00-21
1.0,113.32718237348384,23.178433894405178,2018-10-14-04-00-21
1.0,113.32768135189824,23.17843294409576,2018-10-14-04-00-21
1.0,113.33142374234691,23.17842585509151,2018-10-14-04-00-21
1.0,113.33591477914085,23.178417480289472,2018-10-14-04-00-21
1.0,113.33666330815342,23.17841610313506,2018-10-14-04-00-21
1.0,113.33741184465671,23.178414732187836,2018-10-14-04-00-21
1.0,113.32793082459757,23.178682375316058,2018-10-14-04-00-21
1.0,113.33142372530303,23.178675761101687,2018-10-14-04-00-21
1.0,113.33691280240578,23.178665551455996,2018-10-14-04-00-21
1.0,113.3296772466523,23.178928965786774,2018-10-14-04-00-21
1.0,113.3369127853401,23.178915457505646,2018-10-14-04-00-21
1.0,113.33716229750155,23.178915000519105,2018-10-14-04-00-21
1.0,113.33741181052166,23.178914544246577,2018-10-14-04-00-21
1.0,113.33791083919053,23.17891363389213,2018-10-14-04-00-21
1.0,113.33092469962041,23.179176513734195,2018-10-14-04-00-21
1.0,113.33167318783516,23.17917510364,2018-10-14-04-00-21
1.0,113.33666325695928,23.179165821284187,2018-10-14-04-00-21
1.0,113.33741179345388,23.17916445033659,2018-10-14-04-00-21
1.0,113.33791082212082,23.17916353998206,2018-10-14-04-00-21
1.0,113.33317016287295,23.17942220191856,2018-10-14-04-00-21
1.0,113.33716226336774,23.17941481273972,2018-10-14-04-00-21
1.0,113.33766129027595,23.179413900920654,2018-10-14-04-00-21
1.0,113.33317014582144,23.17967210809034,2018-10-14-04-00-21
1.0,113.33566518576802,23.179667471115284,2018-10-14-04-00-21
1.0,113.3374117593178,23.179664262638177,2018-10-14-04-00-21
1.0,113.3379107879809,23.17966335228348,2018-10-14-04-00-21
1.0,113.33317012876978,23.17992201430273,2018-10-14-04-00-21
1.0,113.33716222923329,23.179914625122553,2018-10-14-04-00-21
1.0,113.32518635264566,23.180187046471254,2018-10-14-04-00-21
1.0,113.32718225429262,23.180183237331484,2018-10-14-04-00-21
1.0,113.33167311965265,23.18017472840945,2018-10-14-04-00-21
1.0,113.3336691141043,23.180170988620645,2018-10-14-04-00-21
1.0,113.32643373802581,23.180934383439272,2018-10-14-04-00-21
1.0,113.32718220320818,23.18093295633814,2018-10-14-04-00-21
1.0,113.3471441741506,23.170900460897602,2018-10-14-04-00-21
1.0,113.34190373620437,23.171159398251774,2018-10-14-04-00-21
1.0,113.34390002305247,23.171155902345998,2018-10-14-04-00-21
1.0,113.34439910659705,23.171155038505315,2018-10-14-04-00-21
1.0,113.34789283529993,23.17114911562945,2018-10-14-04-00-21
1.0,113.33940845935707,23.171413757102172,2018-10-14-04-00-21
1.0,113.34664502800699,23.1714011099312,2018-10-14-04-00-21
1.0,113.34439907241912,23.171654848264073,2018-10-14-04-00-21
1.0,113.34315135551637,23.171906920553347,2018-10-14-04-00-21
1.0,113.34340089308695,23.171906485032252,2018-10-14-04-00-21
1.0,113.34739364667928,23.172149567489388,2018-10-14-04-00-21
1.0,113.34165412006625,23.172409364297053,2018-10-14-04-00-21
1.0,113.33691321193203,23.172667818259164,2018-10-14-04-00-21
1.0,113.34065599084313,23.172661043957717,2018-10-14-04-00-21
1.0,113.34290176786413,23.172657072123908,2018-10-14-04-00-21
1.0,113.33865979865439,23.1729145398744,2018-10-14-04-00-21
1.0,113.34614581887668,23.172901383921047,2018-10-14-04-00-21
1.0,113.34689448070938,23.172900119640627,2018-10-14-04-00-21
1.0,113.34714403735731,23.17289970055208,2018-10-14-04-00-21
1.0,113.34165406882703,23.173159079579783,2018-10-14-04-00-21
1.0,113.34564670052767,23.173152137637487,2018-10-14-04-00-21
1.0,113.34639535438431,23.173150866469214,2018-10-14-04-00-21
1.0,113.3466449083235,23.173150445038512,2018-10-14-04-00-21
1.0,113.3473935782771,23.173149187784254,2018-10-14-04-00-21
1.0,113.33516659840139,23.173420751531225,2018-10-14-04-00-21
1.0,113.33890928298618,23.173413898448494,2018-10-14-04-00-21
1.0,113.33915880240578,23.17341344751438,2018-10-14-04-00-21
1.0,113.34190358248128,23.173408543397713,2018-10-14-04-00-21
1.0,113.34215311432192,23.173408102985615,2018-10-14-04-00-21
1.0,113.34414941041622,23.173404615043694,2018-10-14-04-00-21
1.0,113.34489804125633,23.173403324048476,2018-10-14-04-00-21
1.0,113.34514758737204,23.173402895869202,2018-10-14-04-00-21
1.0,113.34539713476003,23.173402468785625,2018-10-14-04-00-21
1.0,113.34564668343293,23.173402042809396,2018-10-14-04-00-21
1.0,113.338160713311,23.173665161207644,2018-10-14-04-00-21
1.0,113.33865974744816,23.173664255393746,2018-10-14-04-00-21
1.0,113.33940830571719,23.17366290260334,2018-10-14-04-00-21
1.0,113.34365031223082,23.173655386182723,2018-10-14-04-00-21
1.0,113.34414939332675,23.17365452025512,2018-10-14-04-00-21
1.0,113.34439893570071,23.173654088858804,2018-10-14-04-00-21
1.0,113.34539711766602,23.17365237399684,2018-10-14-04-00-21
1.0,113.3463953201893,23.173650676852034,2018-10-14-04-00-21
1.0,113.34689442941179,23.173649835155757,2018-10-14-04-00-21
1.0,113.3379111805496,23.17391552051623,2018-10-14-04-00-21
1.0,113.34389983508564,23.17390485795113,2018-10-14-04-00-21
1.0,113.34464846221746,23.173903563773777,2018-10-14-04-00-21
1.0,113.34489800707176,23.17390313451039,2018-10-14-04-00-21
1.0,113.34589619921154,23.173901428413718,2018-10-14-04-00-21
1.0,113.34639530309154,23.17390058210239,2018-10-14-04-00-21
1.0,113.34664485702805,23.17390016067156,2018-10-14-04-00-21
1.0,113.33691310955949,23.17416724941773,2018-10-14-04-00-21
1.0,113.33766164868803,23.174165880614684,2018-10-14-04-00-21
1.0,113.3429016653553,23.174156503276397,2018-10-14-04-00-21
1.0,113.34340073930937,23.17415563123162,2018-10-14-04-00-21
1.0,113.34389981799673,23.17415476324129,2018-10-14-04-00-21
1.0,113.3441493591473,23.174154330795982,2018-10-14-04-00-21
1.0,113.34439890151944,23.17415389939958,2018-10-14-04-00-21
1.0,113.34464844512584,23.17415346906381,2018-10-14-04-00-21
1.0,113.34514753609223,23.17415261162098,2018-10-14-04-00-21
1.0,113.34639528599362,23.174150487392126,2018-10-14-04-00-21
1.0,113.34689439521256,23.17414964569567,2018-10-14-04-00-21
1.0,113.346145716296,23.174400815305944,2018-10-14-04-00-21
1.0,113.34664482283026,23.174399971290367,2018-10-14-04-00-21
1.0,113.3468943781127,23.174399551024745,2018-10-14-04-00-21
1.0,113.3473934927706,23.174398714035462,2018-10-14-04-00-21
1.0,113.347643052171,23.17439829733479,2018-10-14-04-00-21
1.0,113.33965775878347,23.174662074545385,2018-10-14-04-00-21
1.0,113.34340070513474,23.17465544193044,2018-10-14-04-00-21
1.0,113.34365024387854,23.17465500742249,2018-10-14-04-00-21
1.0,113.34614569919862,23.17465072067462,2018-10-14-04-00-21
1.0,113.34689436101266,23.174649456393293,2018-10-14-04-00-21
1.0,113.3473934756688,23.174648619403925,2018-10-14-04-00-21
1.0,113.33691305837097,23.174916965528535,2018-10-14-04-00-21
1.0,113.33716257054789,23.174916508542662,2018-10-14-04-00-21
1.0,113.33816062797354,23.17491468786071,2018-10-14-04-00-21
1.0,113.34040631176228,23.174910637110326,2018-10-14-04-00-21
1.0,113.34340068804718,23.174905347339127,2018-10-14-04-00-21
1.0,113.3451474848109,23.174902327727587,2018-10-14-04-00-21
1.0,113.34539703219347,23.174901900643754,2018-10-14-04-00-21
1.0,113.3426520617824,23.175156562345983,2018-10-14-04-00-21
1.0,113.34365020970141,23.175154818279367,2018-10-14-04-00-21
1.0,113.3448979216074,23.175152661355135,2018-10-14-04-00-21
1.0,113.34539701509846,23.175151806091684,2018-10-14-04-00-21
1.0,113.34639521760025,23.17515010894585,2018-10-14-04-00-21
1.0,113.3359149838674,23.17541861130764,2018-10-14-04-00-21
1.0,113.33616449273961,23.175418151587277,2018-10-14-04-00-21
1.0,113.33915866583457,23.17541269031651,2018-10-14-04-00-21
1.0,113.33940818621014,23.175412240192895,2018-10-14-04-00-21
1.0,113.34090532942864,23.175409557152424,2018-10-14-04-00-21
1.0,113.34115485691393,23.175409113041198,2018-10-14-04-00-21
1.0,113.34315111631383,23.175405593797006,2018-10-14-04-00-21
1.0,113.34464835966517,23.175402996106435,2018-10-14-04-00-21
1.0,113.34539699800328,23.175401711579255,2018-10-14-04-00-21
1.0,113.34564654666897,23.175401285602682,2018-10-14-04-00-21
1.0,113.34789254455369,23.175397503556315,2018-10-14-04-00-21
1.0,113.33865961089089,23.175663498512606,2018-10-14-04-00-21
1.0,113.33965769048825,23.175661696420413,2018-10-14-04-00-21
1.0,113.33990721282916,23.175661247954555,2018-10-14-04-00-21
1.0,113.34265202761196,23.17565637336176,2018-10-14-04-00-21
1.0,113.34464834257254,23.175652901633832,2018-10-14-04-00-21
1.0,113.34489788742049,23.175652472370146,2018-10-14-04-00-21
1.0,113.34539698090794,23.175651617106524,2018-10-14-04-00-21
1.0,113.34589607953504,23.17565076627227,2018-10-14-04-00-21
1.0,113.34664473733284,23.175649498529214,2018-10-14-04-00-21
1.0,113.33865959382048,23.17591340408077,2018-10-14-04-00-21
1.0,113.33890911228004,23.175912952347456,2018-10-14-04-00-21
1.0,113.33940815206375,23.175912051289224,2018-10-14-04-00-21
1.0,113.33965767341404,23.175911601988407,2018-10-14-04-00-21
1.0,113.339907195754,23.17591115352251,2018-10-14-04-00-21
1.0,113.34539696381242,23.17590152267354,2018-10-14-04-00-21
1.0,113.33766151215879,23.17616512436829,2018-10-14-04-00-21
1.0,113.3411548056743,23.176158829744477,2018-10-14-04-00-21
1.0,113.34190339457909,23.17615750289902,2018-10-14-04-00-21
1.0,113.34514739933866,23.17615185536441,2018-10-14-04-00-21
1.0,113.33566540755221,23.17641869403553,2018-10-14-04-00-21
1.0,113.33965763926508,23.176411413243862,2018-10-14-04-00-21
1.0,113.34714379794325,23.17639837599397,2018-10-14-04-00-21
1.0,113.3473933559515,23.176397958093144,2018-10-14-04-00-21
1.0,113.34789247613577,23.17639712590238,2018-10-14-04-00-21
1.0,113.33641391710822,23.176667220574245,2018-10-14-04-00-21
1.0,113.33816050849407,23.176664026839205,2018-10-14-04-00-21
1.0,113.33865954260824,23.176663121024298,2018-10-14-04-00-21
1.0,113.33890906106494,23.17666266929086,2018-10-14-04-00-21
1.0,113.33915858047213,23.1766622183562,2018-10-14-04-00-21
1.0,113.33990714452747,23.176660870465405,2018-10-14-04-00-21
1.0,113.34040619222286,23.176659976086164,2018-10-14-04-00-21
1.0,113.34439873060299,23.176652954477653,2018-10-14-04-00-21
1.0,113.34464827420031,23.176652524141453,2018-10-14-04-00-21
1.0,113.34639511500515,23.176649542466762,2018-10-14-04-00-21
1.0,113.33641390004581,23.17691712630232,2018-10-14-04-00-21
1.0,113.33865952553715,23.176913026751997,2018-10-14-04-00-21
1.0,113.3389090439929,23.176912575018516,2018-10-14-04-00-21
1.0,113.33940808376899,23.176911673959946,2018-10-14-04-00-21
1.0,113.33965760511548,23.176911224658962,2018-10-14-04-00-21
1.0,113.33990712745164,23.176910776192894,2018-10-14-04-00-21
1.0,113.3429014774068,23.176905464084005,2018-10-14-04-00-21
1.0,113.34365009007615,23.17690415752996,2018-10-14-04-00-21
1.0,113.34614554531477,23.176899870778236,2018-10-14-04-00-21
1.0,113.34689420710478,23.176898606495744,2018-10-14-04-00-21
1.0,113.34714376373856,23.176898187406508,2018-10-14-04-00-21
1.0,113.3379109586738,23.177164292392163,2018-10-14-04-00-21
1.0,113.33816047435558,23.177163838334796,2018-10-14-04-00-21
1.0,113.33865950846591,23.177162932519717,2018-10-14-04-00-21
1.0,113.33890902692069,23.177162480786198,2018-10-14-04-00-21
1.0,113.34115473735241,23.17715845257377,2018-10-14-04-00-21
1.0,113.34739330464156,23.17714767527183,2018-10-14-04-00-21
1.0,113.3394080496206,23.17741148553521,2018-10-14-04-00-21
1.0,113.34015661663645,23.17741014014877,2018-10-14-04-00-21
1.0,113.3453968612358,23.177400956913406,2018-10-14-04-00-21
1.0,113.34689417290119,23.17739841806845,2018-10-14-04-00-21
1.0,113.34764284692776,23.17739716437694,2018-10-14-04-00-21
1.0,113.33766140975483,23.177664558855994,2018-10-14-04-00-21
1.0,113.33915851217917,23.177661841506993,2018-10-14-04-00-21
1.0,113.34015659955917,23.177660045996433,2018-10-14-04-00-21
1.0,113.34190329207846,23.177656937382416,2018-10-14-04-00-21
1.0,113.33741187879112,23.177914920290462,2018-10-14-04-00-21
1.0,113.33816042314658,23.177913555878856,2018-10-14-04-00-21
1.0,113.33616430506383,23.17816711459957,2018-10-14-04-00-21
1.0,113.33791089039865,23.178163915864815,2018-10-14-04-00-21
1.0,113.34040608975396,23.178159411051958,2018-10-14-04-00-21
1.0,113.3421527897332,23.17815630878485,2018-10-14-04-00-21
1.0,113.34739323622597,23.17814729873801,2018-10-14-04-00-21
1.0,113.33591477914085,23.178417480289472,2018-10-14-04-00-21
1.0,113.33666330815342,23.17841610313506,2018-10-14-04-00-21
1.0,113.33741184465671,23.178414732187836,2018-10-14-04-00-21
1.0,113.3381603890064,23.178413367775978,2018-10-14-04-00-21
1.0,113.33915846095769,23.178411559291792,2018-10-14-04-00-21
1.0,113.3416537101102,23.17840709652133,2018-10-14-04-00-21
1.0,113.34190324082587,23.178406655165823,2018-10-14-04-00-21
1.0,113.34240230558919,23.178405775294376,2018-10-14-04-00-21
1.0,113.33691280240578,23.178665551455996,2018-10-14-04-00-21
1.0,113.3386594060349,23.178662367969444,2018-10-14-04-00-21
1.0,113.3369127853401,23.178915457505646,2018-10-14-04-00-21
1.0,113.33716229750155,23.178915000519105,2018-10-14-04-00-21
1.0,113.33741181052166,23.178914544246577,2018-10-14-04-00-21
1.0,113.33791083919053,23.17891363389213,2018-10-14-04-00-21
1.0,113.33840987145186,23.178912726539323,2018-10-14-04-00-21
1.0,113.33965746851032,23.178910471924418,2018-10-14-04-00-21
1.0,113.33666325695928,23.179165821284187,2018-10-14-04-00-21
1.0,113.33741179345388,23.17916445033659,2018-10-14-04-00-21
1.0,113.33791082212082,23.17916353998206,2018-10-14-04-00-21
1.0,113.3381603377949,23.17916308592435,2018-10-14-04-00-21
1.0,113.33840985438023,23.17916263262917,2018-10-14-04-00-21
1.0,113.3386593718899,23.179162180108605,2018-10-14-04-00-21
1.0,113.33940793009599,23.179160827315414,2018-10-14-04-00-21
1.0,113.33965745143392,23.17916037801405,2018-10-14-04-00-21
1.0,113.33716226336774,23.17941481273972,2018-10-14-04-00-21
1.0,113.33766129027595,23.179413900920654,2018-10-14-04-00-21
1.0,113.33915839266005,23.179411183569883,2018-10-14-04-00-21
1.0,113.33940791302038,23.179410733445597,2018-10-14-04-00-21
1.0,113.33566518576802,23.179667471115284,2018-10-14-04-00-21
1.0,113.3374117593178,23.179664262638177,2018-10-14-04-00-21
1.0,113.3379107879809,23.17966335228348,2018-10-14-04-00-21
1.0,113.33915837558521,23.179661089740662,2018-10-14-04-00-21
1.0,113.34040598727904,23.179658847468097,2018-10-14-04-00-21
1.0,113.33716222923329,23.179914625122553,2018-10-14-04-00-21
1.0,113.33816028658188,23.179912804437244,2018-10-14-04-00-21
1.0,113.33840980316434,23.179912351141933,2018-10-14-04-00-21
1.0,113.33865932067116,23.179911898621242,2018-10-14-04-00-21
1.0,113.33940787886866,23.179910545827674,2018-10-14-04-00-21
1.0,113.3399069054505,23.180159554311533,2018-10-14-04-00-21
1.0,113.33865928652448,23.180411711166226,2018-10-14-04-00-21
1.0,113.33865926945089,23.18066161749984,2018-10-14-04-00-21
1.0,113.3389087878923,23.18066116576573,2018-10-14-04-00-21
1.0,113.33965734897203,23.18065981540428,2018-10-14-04-00-21
1.0,113.33840973487415,23.180911976395144,2018-10-14-04-00-21
1.0,113.33865925237713,23.180911523874283,2018-10-14-04-00-21
1.0,113.34514707450599,23.180900069528985,2018-10-14-04-00-21
1.0,113.35488118921535,23.17063820990819,2018-10-14-04-00-21
1.0,113.3471441741506,23.170900460897602,2018-10-14-04-00-21
1.0,113.35188602546174,23.170892736984264,2018-10-14-04-00-21
1.0,113.35213561190524,23.170892343818128,2018-10-14-04-00-21
1.0,113.34789283529993,23.17114911562945,2018-10-14-04-00-21
1.0,113.35113725859937,23.171143829673497,2018-10-14-04-00-21
1.0,113.34664502800699,23.1714011099312,2018-10-14-04-00-21
1.0,113.35013893039913,23.17139533747595,2018-10-14-04-00-21
1.0,113.35013891328981,23.171645242373746,2018-10-14-04-00-21
1.0,113.35188597411664,23.17164245156031,2018-10-14-04-00-21
1.0,113.35213556055766,23.171642058394042,2018-10-14-04-00-21
1.0,113.34739364667928,23.172149567489388,2018-10-14-04-00-21
1.0,113.34814232910911,23.172148321033788,2018-10-14-04-00-21
1.0,113.34839189274709,23.172147908001612,2018-10-14-04-00-21
1.0,113.34614581887668,23.172901383921047,2018-10-14-04-00-21
1.0,113.34689448070938,23.172900119640627,2018-10-14-04-00-21
1.0,113.34714403735731,23.17289970055208,2018-10-14-04-00-21
1.0,113.34564670052767,23.173152137637487,2018-10-14-04-00-21
1.0,113.34639535438431,23.173150866469214,2018-10-14-04-00-21
1.0,113.3466449083235,23.173150445038512,2018-10-14-04-00-21
1.0,113.3473935782771,23.173149187784254,2018-10-14-04-00-21
1.0,113.34889095591613,23.173146705979015,2018-10-14-04-00-21
1.0,113.35113712169445,23.17314306963413,2018-10-14-04-00-21
1.0,113.34489804125633,23.173403324048476,2018-10-14-04-00-21
1.0,113.34514758737204,23.173402895869202,2018-10-14-04-00-21
1.0,113.34539713476003,23.173402468785625,2018-10-14-04-00-21
1.0,113.34564668343293,23.173402042809396,2018-10-14-04-00-21
1.0,113.34988921958596,23.17339498182593,2018-10-14-04-00-21
1.0,113.35088752449246,23.173393373515278,2018-10-14-04-00-21
1.0,113.35113710458059,23.173392974805086,2018-10-14-04-00-21
1.0,113.34539711766602,23.17365237399684,2018-10-14-04-00-21
1.0,113.3463953201893,23.173650676852034,2018-10-14-04-00-21
1.0,113.34689442941179,23.173649835155757,2018-10-14-04-00-21
1.0,113.35038835186273,23.17364408020932,2018-10-14-04-00-21
1.0,113.34464846221746,23.173903563773777,2018-10-14-04-00-21
1.0,113.34489800707176,23.17390313451039,2018-10-14-04-00-21
1.0,113.34589619921154,23.173901428413718,2018-10-14-04-00-21
1.0,113.34639530309154,23.17390058210239,2018-10-14-04-00-21
1.0,113.34664485702805,23.17390016067156,2018-10-14-04-00-21
1.0,113.35113707035234,23.173892785264833,2018-10-14-04-00-21
1.0,113.34464844512584,23.17415346906381,2018-10-14-04-00-21
1.0,113.34514753609223,23.17415261162098,2018-10-14-04-00-21
1.0,113.34639528599362,23.174150487392126,2018-10-14-04-00-21
1.0,113.34689439521256,23.17414964569567,2018-10-14-04-00-21
1.0,113.346145716296,23.174400815305944,2018-10-14-04-00-21
1.0,113.34664482283026,23.174399971290367,2018-10-14-04-00-21
1.0,113.3468943781127,23.174399551024745,2018-10-14-04-00-21
1.0,113.3473934927706,23.174398714035462,2018-10-14-04-00-21
1.0,113.347643052171,23.17439829733479,2018-10-14-04-00-21
1.0,113.35363292522867,23.174388685911715,2018-10-14-04-00-21
1.0,113.34614569919862,23.17465072067462,2018-10-14-04-00-21
1.0,113.34689436101266,23.174649456393293,2018-10-14-04-00-21
1.0,113.3473934756688,23.174648619403925,2018-10-14-04-00-21
1.0,113.3451474848109,23.174902327727587,2018-10-14-04-00-21
1.0,113.34539703219347,23.174901900643754,2018-10-14-04-00-21
1.0,113.3448979216074,23.175152661355135,2018-10-14-04-00-21
1.0,113.34539701509846,23.175151806091684,2018-10-14-04-00-21
1.0,113.34639521760025,23.17515010894585,2018-10-14-04-00-21
1.0,113.34464835966517,23.175402996106435,2018-10-14-04-00-21
1.0,113.34539699800328,23.175401711579255,2018-10-14-04-00-21
1.0,113.34564654666897,23.175401285602682,2018-10-14-04-00-21
1.0,113.34789254455369,23.175397503556315,2018-10-14-04-00-21
1.0,113.34464834257254,23.175652901633832,2018-10-14-04-00-21
1.0,113.34489788742049,23.175652472370146,2018-10-14-04-00-21
1.0,113.34539698090794,23.175651617106524,2018-10-14-04-00-21
1.0,113.34589607953504,23.17565076627227,2018-10-14-04-00-21
1.0,113.34664473733284,23.175649498529214,2018-10-14-04-00-21
1.0,113.34539696381242,23.17590152267354,2018-10-14-04-00-21
1.0,113.34514739933866,23.17615185536441,2018-10-14-04-00-21
1.0,113.35088733623809,23.176142332999532,2018-10-14-04-00-21
1.0,113.35612886316568,23.176134262227347,2018-10-14-04-00-21
1.0,113.34714379794325,23.17639837599397,2018-10-14-04-00-21
1.0,113.3473933559515,23.176397958093144,2018-10-14-04-00-21
1.0,113.34789247613577,23.17639712590238,2018-10-14-04-00-21
1.0,113.34464827420031,23.176652524141453,2018-10-14-04-00-21
1.0,113.34639511500515,23.176649542466762,2018-10-14-04-00-21
1.0,113.34614554531477,23.176899870778236,2018-10-14-04-00-21
1.0,113.34689420710478,23.176898606495744,2018-10-14-04-00-21
1.0,113.34714376373856,23.176898187406508,2018-10-14-04-00-21
1.0,113.34739330464156,23.17714767527183,2018-10-14-04-00-21
1.0,113.34839155063933,23.17714601578059,2018-10-14-04-00-21
1.0,113.3453968612358,23.177400956913406,2018-10-14-04-00-21
1.0,113.34689417290119,23.17739841806845,2018-10-14-04-00-21
1.0,113.34764284692776,23.17739716437694,2018-10-14-04-00-21
1.0,113.34889063086965,23.177894911000987,2018-10-14-04-00-21
1.0,113.34739323622597,23.17814729873801,2018-10-14-04-00-21
1.0,113.349389751148,23.17814399968199,2018-10-14-04-00-21
