count,wgs_lng,wgs_lat,time
1.0,113.32743421076417,23.14394675270455,2018-09-24-04-15-46
1.0,113.33092710092825,23.14394012923361,2018-09-24-04-15-46
1.0,113.33217458479862,23.143937781308182,2018-09-24-04-15-46
1.0,113.33516860976216,23.143932197071162,2018-09-24-04-15-46
1.0,113.33541811641913,23.143931735433277,2018-09-24-04-15-46
1.0,113.33566762384213,23.143931274424112,2018-09-24-04-15-46
1.0,113.337663712389,23.143927610448454,2018-09-24-04-15-46
1.0,113.32543828871748,23.144200461325912,2018-09-24-04-15-46
1.0,113.33117657957618,23.14418955974423,2018-09-24-04-15-46
1.0,113.33566758976671,23.144431076375767,2018-09-24-04-15-46
1.0,113.3309270498711,23.14468983221269,2018-09-24-04-15-46
1.0,113.33566757272877,23.14468097740082,2018-09-24-04-15-46
1.0,113.33591708092811,23.144680517032466,2018-09-24-04-15-46
1.0,113.33017854896526,23.14494114701672,2018-09-24-04-15-46
1.0,113.33167552147589,23.144938323194296,2018-09-24-04-15-46
1.0,113.33591706388901,23.144930418090365,2018-09-24-04-15-46
1.0,113.32593717832285,23.145449013647557,2018-09-24-04-15-46
1.0,113.33092699881244,23.145439535487807,2018-09-24-04-15-46
1.0,113.33541799715913,23.145681042839975,2018-09-24-04-15-46
1.0,113.3261866319981,23.14594833974374,2018-09-24-04-15-46
1.0,113.32643611994507,23.145947863662407,2018-09-24-04-15-46
1.0,113.3356674875365,23.1459304830206,2018-09-24-04-15-46
1.0,113.32493917907891,23.146200623719697,2018-09-24-04-15-46
1.0,113.32593712732299,23.146198717222713,2018-09-24-04-15-46
1.0,113.32618661499696,23.146198240968577,2018-09-24-04-15-46
1.0,113.33566747049754,23.146180384243856,2018-09-24-04-15-46
1.0,113.32543813573909,23.146449571458028,2018-09-24-04-15-46
1.0,113.32868149189507,23.146443391227127,2018-09-24-04-15-46
1.0,113.33516843939798,23.146431208148226,2018-09-24-04-15-46
1.0,113.32493914508628,23.14670042626953,2018-09-24-04-15-46
1.0,113.32668555716747,23.146697091540208,2018-09-24-04-15-46
1.0,113.32868147488352,23.14669329251807,2018-09-24-04-15-46
1.0,113.32893096628419,23.14669281884434,2018-09-24-04-15-46
1.0,113.33017841282813,23.146940356678527,2018-09-24-04-15-46
1.0,113.33167538529091,23.14693753285411,2018-09-24-04-15-46
1.0,113.33641594634214,23.14692870897866,2018-09-24-04-15-46
1.0,113.33192486558133,23.147186965057912,2018-09-24-04-15-46
1.0,113.33267336105675,23.147185560388355,2018-09-24-04-15-46
1.0,113.33516838828545,23.147180912117896,2018-09-24-04-15-46
1.0,113.33741397677203,23.14717678103078,2018-09-24-04-15-46
1.0,113.3376634907863,23.147176325489742,2018-09-24-04-15-46
1.0,113.33092686264868,23.14743874568032,2018-09-24-04-15-46
1.0,113.33317234408753,23.147434527780966,2018-09-24-04-15-46
1.0,113.33417035206983,23.14743266610442,2018-09-24-04-15-46
1.0,113.33591689348891,23.147429430490924,2018-09-24-04-15-46
1.0,113.32768344517474,23.147694795551924,2018-09-24-04-15-46
1.0,113.33367132970028,23.14768349728057,2018-09-24-04-15-46
1.0,113.33441983874643,23.147682103497104,2018-09-24-04-15-46
1.0,113.33117630723541,23.14818797960367,2018-09-24-04-15-46
1.0,113.33392079795809,23.14818283507508,2018-09-24-04-15-46
1.0,113.33417030096707,23.14818237047642,2018-09-24-04-15-46
1.0,113.32618646197929,23.148447353494287,2018-09-24-04-15-46
1.0,113.33142578640235,23.148437411098392,2018-09-24-04-15-46
1.0,113.33167528314517,23.148436941500233,2018-09-24-04-15-46
1.0,113.32493900910904,23.148699637807166,2018-09-24-04-15-46
1.0,113.33017827668034,23.148939568477996,2018-09-24-04-15-46
1.0,113.33092674349666,23.149188056357264,2018-09-24-04-15-46
1.0,113.33142573533021,23.149187115876302,2018-09-24-04-15-46
1.0,113.32493895811484,23.14944934268986,2018-09-24-04-15-46
1.0,113.32992874902135,23.149439843771994,2018-09-24-04-15-46
1.0,113.33217421023527,23.149435610087725,2018-09-24-04-15-46
1.0,113.33092670945172,23.14968785971215,2018-09-24-04-15-46
1.0,113.32768329209358,23.149943909892762,2018-09-24-04-15-46
1.0,113.33192467829682,23.149935882207135,2018-09-24-04-15-46
1.0,113.3321741591522,23.150185315272495,2018-09-24-04-15-46
1.0,113.33292265641161,23.150183912045982,2018-09-24-04-15-46
1.0,113.32668530209521,23.15044561494222,2018-09-24-04-15-46
1.0,113.32843172871073,23.15044228988588,2018-09-24-04-15-46
1.0,113.3334216236623,23.1506827826984,2018-09-24-04-15-46
1.0,113.33516814974055,23.150679534649058,2018-09-24-04-15-46
1.0,113.33017812350134,23.15118868434351,2018-09-24-04-15-46
1.0,113.33541760524723,23.15142877870603,2018-09-24-04-15-46
1.0,113.32918011779823,23.15169037837389,2018-09-24-04-15-46
1.0,113.32893060898222,23.151940753742636,2018-09-24-04-15-46
1.0,113.32918010078117,23.151940280376813,2018-09-24-04-15-46
1.0,113.32942959301293,23.151939807332127,2018-09-24-04-15-46
1.0,113.33741361875903,23.152424717327,2018-09-24-04-15-46
1.0,113.33766311570206,23.152674163890335,2018-09-24-04-15-46
1.0,113.32493870312139,23.153197871718866,2018-09-24-04-15-46
1.0,113.32693460352029,23.15319406128211,2018-09-24-04-15-46
1.0,113.33042748142262,23.15318742914442,2018-09-24-04-15-46
1.0,113.32518817281114,23.1534472971077,2018-09-24-04-15-46
1.0,113.33042746439956,23.153437331355132,2018-09-24-04-15-46
1.0,113.32868099849269,23.153690542408143,2018-09-24-04-15-46
1.0,113.32917998165718,23.153689595367144,2018-09-24-04-15-46
1.0,113.33117593269718,23.153685821036763,2018-09-24-04-15-46
1.0,113.32793250974399,23.153941867442736,2018-09-24-04-15-46
1.0,113.33516860976216,23.143932197071162,2018-09-24-04-15-46
1.0,113.33541811641913,23.143931735433277,2018-09-24-04-15-46
1.0,113.33566762384213,23.143931274424112,2018-09-24-04-15-46
1.0,113.337663712389,23.143927610448454,2018-09-24-04-15-46
1.0,113.33990938001698,23.14392354525932,2018-09-24-04-15-46
1.0,113.34040842795982,23.14392265089115,2018-09-24-04-15-46
1.0,113.34165606604188,23.143920430421417,2018-09-24-04-15-46
1.0,113.34190559688615,23.143919989071765,2018-09-24-04-15-46
1.0,113.33965984050276,23.144173894678577,2018-09-24-04-15-46
1.0,113.33566758976671,23.144431076375767,2018-09-24-04-15-46
1.0,113.340408393848,23.1444224528412,2018-09-24-04-15-46
1.0,113.33566757272877,23.14468097740082,2018-09-24-04-15-46
1.0,113.33591708092811,23.144680517032466,2018-09-24-04-15-46
1.0,113.34215507764887,23.1446692516381,2018-09-24-04-15-46
2.0,113.34490000574294,23.144664472754922,2018-09-24-04-15-46
4.0,113.34514955196252,23.144664044580576,2018-09-24-04-15-46
1.0,113.33591706388901,23.144930418090365,2018-09-24-04-15-46
1.0,113.34489998866998,23.1449143738113,2018-09-24-04-15-46
1.0,113.34514953488866,23.14491394563691,2018-09-24-04-15-46
1.0,113.344151340449,23.145165565881342,2018-09-24-04-15-46
1.0,113.34165596367627,23.1454198366648,2018-09-24-04-15-46
1.0,113.33541799715913,23.145681042839975,2018-09-24-04-15-46
1.0,113.34015878409295,23.14567240504687,2018-09-24-04-15-46
1.0,113.3356674875365,23.1459304830206,2018-09-24-04-15-46
1.0,113.3448999203765,23.145913978366877,2018-09-24-04-15-46
1.0,113.33566747049754,23.146180384243856,2018-09-24-04-15-46
1.0,113.33516843939798,23.146431208148226,2018-09-24-04-15-46
1.0,113.33641594634214,23.14692870897866,2018-09-24-04-15-46
1.0,113.33516838828545,23.147180912117896,2018-09-24-04-15-46
1.0,113.33741397677203,23.14717678103078,2018-09-24-04-15-46
1.0,113.3376634907863,23.147176325489742,2018-09-24-04-15-46
1.0,113.33841203819023,23.147174963344874,2018-09-24-04-15-46
1.0,113.34614757890503,23.147161355007754,2018-09-24-04-15-46
1.0,113.33591689348891,23.147429430490924,2018-09-24-04-15-46
1.0,113.34639711452171,23.14741083381594,2018-09-24-04-15-46
1.0,113.33441983874643,23.147682103497104,2018-09-24-04-15-46
1.0,113.34040815504649,23.14792107019455,2018-09-24-04-15-46
1.0,113.33916047453492,23.148922918603045,2018-09-24-04-15-46
1.0,113.3389109209148,23.149423172817368,2018-09-24-04-15-46
1.0,113.33990898773402,23.14967127570322,2018-09-24-04-15-46
1.0,113.34290332184293,23.14991586537622,2018-09-24-04-15-46
1.0,113.34440054146542,23.150163163284486,2018-09-24-04-15-46
1.0,113.33516814974055,23.150679534649058,2018-09-24-04-15-46
1.0,113.33541760524723,23.15142877870603,2018-09-24-04-15-46
1.0,113.3468959164299,23.151908222899436,2018-09-24-04-15-46
1.0,113.33741361875903,23.152424717327,2018-09-24-04-15-46
1.0,113.33766311570206,23.152674163890335,2018-09-24-04-15-46
1.0,113.34365174700982,23.152663480086748,2018-09-24-04-15-46
1.0,113.35638070451485,23.143646480141875,2018-09-24-04-15-46
1.0,113.34764513744103,23.143910122045657,2018-09-24-04-15-46
1.0,113.35538223573559,23.143897861159015,2018-09-24-04-15-46
2.0,113.34490000574294,23.144664472754922,2018-09-24-04-15-46
4.0,113.34514955196252,23.144664044580576,2018-09-24-04-15-46
1.0,113.35338536525506,23.14465059823402,2018-09-24-04-15-46
1.0,113.34489998866998,23.1449143738113,2018-09-24-04-15-46
1.0,113.34514953488866,23.14491394563691,2018-09-24-04-15-46
1.0,113.344151340449,23.145165565881342,2018-09-24-04-15-46
1.0,113.35163818537322,23.14540303360921,2018-09-24-04-15-46
1.0,113.35238692786969,23.14565175528937,2018-09-24-04-15-46
1.0,113.3448999203765,23.145913978366877,2018-09-24-04-15-46
1.0,113.35288605774933,23.146400679738555,2018-09-24-04-15-46
1.0,113.35313565081088,23.14640029229672,2018-09-24-04-15-46
1.0,113.35213727133015,23.146651751985843,2018-09-24-04-15-46
1.0,113.35413402270773,23.14664865849819,2018-09-24-04-15-46
1.0,113.35663011658846,23.146644927332808,2018-09-24-04-15-46
1.0,113.34614757890503,23.147161355007754,2018-09-24-04-15-46
1.0,113.35413398849569,23.147148461171476,2018-09-24-04-15-46
1.0,113.34639711452171,23.14741083381594,2018-09-24-04-15-46
1.0,113.35613079800672,23.14789516797963,2018-09-24-04-15-46
1.0,113.35288583541386,23.14964939908424,2018-09-24-04-15-46
1.0,113.34440054146542,23.150163163284486,2018-09-24-04-15-46
1.0,113.3496412375597,23.15015436693645,2018-09-24-04-15-46
1.0,113.35038995961135,23.150153154732482,2018-09-24-04-15-46
1.0,113.35388418343376,23.15014766158533,2018-09-24-04-15-46
1.0,113.35014033279238,23.15090326296239,2018-09-24-04-15-46
1.0,113.34864287692253,23.151405510696232,2018-09-24-04-15-46
1.0,113.35088902979699,23.15140186256568,2018-09-24-04-15-46
1.0,113.3468959164299,23.151908222899436,2018-09-24-04-15-46
1.0,113.35563126417581,23.1523941400085,2018-09-24-04-15-46
1.0,113.3503897373514,23.153401880728822,2018-09-24-04-15-46
1.0,113.35213680958685,23.153399099522378,2018-09-24-04-15-46
1.0,113.32493870312139,23.153197871718866,2018-09-24-04-15-46
1.0,113.32693460352029,23.15319406128211,2018-09-24-04-15-46
1.0,113.33042748142262,23.15318742914442,2018-09-24-04-15-46
1.0,113.32518817281114,23.1534472971077,2018-09-24-04-15-46
1.0,113.33042746439956,23.153437331355132,2018-09-24-04-15-46
1.0,113.32868099849269,23.153690542408143,2018-09-24-04-15-46
1.0,113.32917998165718,23.153689595367144,2018-09-24-04-15-46
1.0,113.33117593269718,23.153685821036763,2018-09-24-04-15-46
1.0,113.32793250974399,23.153941867442736,2018-09-24-04-15-46
1.0,113.32917994762025,23.154189399963514,2018-09-24-04-15-46
1.0,113.3304274133294,23.15418703819666,2018-09-24-04-15-46
1.0,113.3334213851809,23.154181411945697,2018-09-24-04-15-46
1.0,113.3314253777833,23.154435057951442,2018-09-24-04-15-46
1.0,113.33541740073642,23.15442760460233,2018-09-24-04-15-46
1.0,113.33716396923909,23.154424391412334,2018-09-24-04-15-46
1.0,113.33117586459066,23.154685430368293,2018-09-24-04-15-46
1.0,113.33516787707777,23.154677968626753,2018-09-24-04-15-46
1.0,113.33741346530235,23.15467383752833,2018-09-24-04-15-46
1.0,113.33466884905216,23.154928796163382,2018-09-24-04-15-46
1.0,113.33716393513804,23.15492419621638,2018-09-24-04-15-46
1.0,113.32543754069509,23.15519613686827,2018-09-24-04-15-46
1.0,113.32618600284542,23.15519470763254,2018-09-24-04-15-46
1.0,113.3341698239356,23.155179626103447,2018-09-24-04-15-46
1.0,113.33666489442608,23.155175013338155,2018-09-24-04-15-46
1.0,113.33691440583398,23.155174555653733,2018-09-24-04-15-46
4.0,113.32618598583812,23.15544461012441,2018-09-24-04-15-46
1.0,113.33516782594873,23.155427675992186,2018-09-24-04-15-46
1.0,113.32693443342292,23.155693084970505,2018-09-24-04-15-46
1.0,113.33516780890538,23.155677578517874,2018-09-24-04-15-46
1.0,113.32618595182305,23.155944415214137,2018-09-24-04-15-46
1.0,113.3271839052152,23.15594251204242,2018-09-24-04-15-46
1.0,113.3281818638169,23.155940612426303,2018-09-24-04-15-46
1.0,113.32693439940145,23.156192890130765,2018-09-24-04-15-46
1.0,113.32768286679739,23.15619146433816,2018-09-24-04-15-46
1.0,113.33142525858467,23.156184375389238,2018-09-24-04-15-46
1.0,113.32518796877528,23.156446126381848,2018-09-24-04-15-46
1.0,113.33192423554416,23.156433339267398,2018-09-24-04-15-46
1.0,113.33466874680335,23.156428211424537,2018-09-24-04-15-46
1.0,113.33092621572524,23.156935023877136,2018-09-24-04-15-46
1.0,113.33217369933705,23.156932675940904,2018-09-24-04-15-46
1.0,113.33591624581634,23.156925708656072,2018-09-24-04-15-46
1.0,113.33067670360917,23.15718539747589,2018-09-24-04-15-46
1.0,113.33591622876907,23.157175611394653,2018-09-24-04-15-46
1.0,113.3364152474613,23.157174692625368,2018-09-24-04-15-46
1.0,113.33691426942946,23.157173776566157,2018-09-24-04-15-46
1.0,113.32618584977384,23.157443831335165,2018-09-24-04-15-46
1.0,113.3254373366331,23.158194969114817,2018-09-24-04-15-46
1.0,113.33142512234765,23.15818359744778,2018-09-24-04-15-46
1.0,113.33641517926279,23.158174303936885,2018-09-24-04-15-46
1.0,113.32568680674747,23.158444395469573,2018-09-24-04-15-46
1.0,113.32593629411328,23.158443919053006,2018-09-24-04-15-46
1.0,113.3276827136653,23.15844058932067,2018-09-24-04-15-46
1.0,113.32967864313696,23.158436798976858,2018-09-24-04-15-46
1.0,113.32493832906329,23.158695728513514,2018-09-24-04-15-46
1.0,113.32493831205873,23.158945631504974,2018-09-24-04-15-46
1.0,113.32543728561386,23.1589446779809,2018-09-24-04-15-46
1.0,113.32618574771863,23.158943248743313,2018-09-24-04-15-46
1.0,113.33691415006675,23.15892309673769,2018-09-24-04-15-46
1.0,113.33042707282331,23.159185091936216,2018-09-24-04-15-46
1.0,113.3364151110616,23.159173915823118,2018-09-24-04-15-46
1.0,113.32518776471545,23.15944496077242,2018-09-24-04-15-46
1.0,113.33392003128078,23.159428437883,2018-09-24-04-15-46
1.0,113.3314250201629,23.159683015498764,2018-09-24-04-15-46
1.0,113.33192401412558,23.159682076743273,2018-09-24-04-15-46
1.0,113.3321735119701,23.1596816080447,2018-09-24-04-15-46
1.0,113.33342101035836,23.159679271836026,2018-09-24-04-15-46
1.0,113.32593619206015,23.15994333732614,2018-09-24-04-15-46
1.0,113.33292197504178,23.16018001111937,2018-09-24-04-15-46
1.0,113.33317147533738,23.16017954437137,2018-09-24-04-15-46
1.0,113.33441898678035,23.16017721865317,2018-09-24-04-15-46
1.0,113.33466849115503,23.160176755199796,2018-09-24-04-15-46
1.0,113.33367046084103,23.16042851565025,2018-09-24-04-15-46
1.0,113.32518767968347,23.1606944766347,2018-09-24-04-15-46
1.0,113.32543716656313,23.160693999934036,2018-09-24-04-15-46
1.0,113.32693409317825,23.160691143012013,2018-09-24-04-15-46
1.0,113.33391994607356,23.160677953738027,2018-09-24-04-15-46
1.0,113.32693407616428,23.16094104629338,2018-09-24-04-15-46
1.0,113.32818152346806,23.16093867118262,2018-09-24-04-15-46
1.0,113.32493815901027,23.161194760058613,2018-09-24-04-15-46
1.0,113.3259361070113,23.161192853551714,2018-09-24-04-15-46
1.0,113.32568660264737,23.16144323332342,2018-09-24-04-15-46
1.0,113.32942894620354,23.161436109535533,2018-09-24-04-15-46
1.0,113.32892994522656,23.16168695933998,2018-09-24-04-15-46
1.0,113.32543708152191,23.161943516707957,2018-09-24-04-15-46
1.0,113.33491787693377,23.161925615555184,2018-09-24-04-15-46
1.0,113.33816204403453,23.15417266839496,2018-09-24-04-15-46
1.0,113.33541740073642,23.15442760460233,2018-09-24-04-15-46
1.0,113.33716396923909,23.154424391412334,2018-09-24-04-15-46
1.0,113.33516787707777,23.154677968626753,2018-09-24-04-15-46
1.0,113.33741346530235,23.15467383752833,2018-09-24-04-15-46
1.0,113.33466884905216,23.154928796163382,2018-09-24-04-15-46
1.0,113.33716393513804,23.15492419621638,2018-09-24-04-15-46
1.0,113.33666489442608,23.155175013338155,2018-09-24-04-15-46
1.0,113.33691440583398,23.155174555653733,2018-09-24-04-15-46
1.0,113.34664613896167,23.155157372323103,2018-09-24-04-15-46
1.0,113.33516782594873,23.155427675992186,2018-09-24-04-15-46
1.0,113.33516780890538,23.155677578517874,2018-09-24-04-15-46
1.0,113.34714519975847,23.155906240546326,2018-09-24-04-15-46
1.0,113.33940950033718,23.156169629584493,2018-09-24-04-15-46
1.0,113.34714518266995,23.156156143140755,2018-09-24-04-15-46
1.0,113.33466874680335,23.156428211424537,2018-09-24-04-15-46
1.0,113.34664605352874,23.156406885118884,2018-09-24-04-15-46
1.0,113.34365147380962,23.156661918510903,2018-09-24-04-15-46
1.0,113.34489918605246,23.15665976160249,2018-09-24-04-15-46
1.0,113.33591624581634,23.156925708656072,2018-09-24-04-15-46
1.0,113.33591622876907,23.157175611394653,2018-09-24-04-15-46
1.0,113.3364152474613,23.157174692625368,2018-09-24-04-15-46
1.0,113.33691426942946,23.157173776566157,2018-09-24-04-15-46
1.0,113.34315231199845,23.157912302399822,2018-09-24-04-15-46
1.0,113.33641517926279,23.158174303936885,2018-09-24-04-15-46
1.0,113.33691415006675,23.15892309673769,2018-09-24-04-15-46
1.0,113.3364151110616,23.159173915823118,2018-09-24-04-15-46
1.0,113.34464945324558,23.159409122548436,2018-09-24-04-15-46
1.0,113.33466849115503,23.160176755199796,2018-09-24-04-15-46
1.0,113.34040731898327,23.160166283843967,2018-09-24-04-15-46
1.0,113.34165495676068,23.160164063360472,2018-09-24-04-15-46
1.0,113.34240346707087,23.16141225853697,2018-09-24-04-15-46
1.0,113.34390068931712,23.161409642510144,2018-09-24-04-15-46
1.0,113.33491787693377,23.161925615555184,2018-09-24-04-15-46
1.0,113.33990813464004,23.162166404890897,2018-09-24-04-15-46
1.0,113.341405290502,23.162163732314784,2018-09-24-04-15-46
1.0,113.34290248525727,23.16216109281202,2018-09-24-04-15-46
1.0,113.34340155929972,23.162160220771337,2018-09-24-04-15-46
1.0,113.3411557277576,23.162663982551788,2018-09-24-04-15-46
1.0,113.34340152514116,23.16266002780541,2018-09-24-04-15-46
1.0,113.3503897373514,23.153401880728822,2018-09-24-04-15-46
1.0,113.35213680958685,23.153399099522378,2018-09-24-04-15-46
1.0,113.35588077347018,23.15389318232456,2018-09-24-04-15-46
1.0,113.34964096404582,23.15415279976624,2018-09-24-04-15-46
1.0,113.34664613896167,23.155157372323103,2018-09-24-04-15-46
1.0,113.34714519975847,23.155906240546326,2018-09-24-04-15-46
1.0,113.35163746715793,23.155898911248627,2018-09-24-04-15-46
1.0,113.34714518266995,23.156156143140755,2018-09-24-04-15-46
1.0,113.34664605352874,23.156406885118884,2018-09-24-04-15-46
1.0,113.34489918605246,23.15665976160249,2018-09-24-04-15-46
1.0,113.34464945324558,23.159409122548436,2018-09-24-04-15-46
1.0,113.35413304740158,23.16089308868624,2018-09-24-04-15-46
1.0,113.35038912171447,23.16239838384311,2018-09-24-04-15-46
1.0,113.32543708152191,23.161943516707957,2018-09-24-04-15-46
1.0,113.33491787693377,23.161925615555184,2018-09-24-04-15-46
1.0,113.32618545852968,23.163191605160925,2018-09-24-04-15-46
1.0,113.32643494640689,23.16319112907674,2018-09-24-04-15-46
1.0,113.32693392303095,23.163190177476118,2018-09-24-04-15-46
1.0,113.33516729752748,23.163174670982368,2018-09-24-04-15-46
1.0,113.32793186311315,23.163438180541082,2018-09-24-04-15-46
1.0,113.32668440054007,23.163690460513127,2018-09-24-04-15-46
1.0,113.32693388899949,23.16368998481148,2018-09-24-04-15-46
1.0,113.33766234823254,23.16391979538076,2018-09-24-04-15-46
1.0,113.32518744157174,23.16419312592212,2018-09-24-04-15-46
1.0,113.32543692843723,23.16419264922088,2018-09-24-04-15-46
1.0,113.32718334373698,23.164189316803515,2018-09-24-04-15-46
1.0,113.32768232226644,23.164188366498813,2018-09-24-04-15-46
1.0,113.3279318120531,23.16418789171071,2018-09-24-04-15-46
1.0,113.33416921041723,23.164176138403803,2018-09-24-04-15-46
1.0,113.32518742456251,23.164443029720207,2018-09-24-04-15-46
1.0,113.32718332671965,23.164439220601267,2018-09-24-04-15-46
1.0,113.32743281581386,23.16443874533158,2018-09-24-04-15-46
3.0,113.3276823052471,23.164438270296483,2018-09-24-04-15-46
1.0,113.33391969042688,23.164426506801764,2018-09-24-04-15-46
1.0,113.33416919337196,23.164426042200393,2018-09-24-04-15-46
1.0,113.33441869701686,23.164425578166536,2018-09-24-04-15-46
1.0,113.33791182894765,23.16441914812988,2018-09-24-04-15-46
1.0,113.32743279879537,23.164688649166592,2018-09-24-04-15-46
1.0,113.33391967338244,23.1646764106357,2018-09-24-04-15-46
1.0,113.32768227120792,23.164938078003775,2018-09-24-04-15-46
1.0,113.32793176099156,23.164937603215552,2018-09-24-04-15-46
1.0,113.33516714408482,23.165423805151825,2018-09-24-04-15-46
1.0,113.33541665065782,23.165423343510344,2018-09-24-04-15-46
1.0,113.32568631346453,23.165691596003928,2018-09-24-04-15-46
1.0,113.32643477626316,23.1656901672442,2018-09-24-04-15-46
1.0,113.33491762121568,23.16567417139331,2018-09-24-04-15-46
1.0,113.3351671270348,23.165673709135294,2018-09-24-04-15-46
1.0,113.32668424739936,23.165939595367192,2018-09-24-04-15-46
1.0,113.32868016449457,23.165935796319562,2018-09-24-04-15-46
1.0,113.33117509820852,23.16593107492787,2018-09-24-04-15-46
1.0,113.33516710998461,23.165923613156345,2018-09-24-04-15-46
1.0,113.32543679235064,23.1661918806527,2018-09-24-04-15-46
1.0,113.32518728848271,23.166442261452293,2018-09-24-04-15-46
1.0,113.32543677533907,23.16644178475068,2018-09-24-04-15-46
1.0,113.33516707588373,23.166423421311386,2018-09-24-04-15-46
1.0,113.33541658245284,23.16642295966974,2018-09-24-04-15-46
1.0,113.33441854359313,23.166674714020576,2018-09-24-04-15-46
1.0,113.3346680479423,23.166674250566114,2018-09-24-04-15-46
1.0,113.33566607273544,23.166672402790834,2018-09-24-04-15-46
1.0,113.3359155808491,23.166671942418798,2018-09-24-04-15-46
1.0,113.326185203323,23.166940163818364,2018-09-24-04-15-46
1.0,113.33441852654522,23.1669246181926,2018-09-24-04-15-46
1.0,113.32967804721352,23.167183424189343,2018-09-24-04-15-46
1.0,113.33441850949714,23.16717452240247,2018-09-24-04-15-46
1.0,113.32568619437527,23.167440924954455,2018-09-24-04-15-46
1.0,113.3274326115809,23.167437593829238,2018-09-24-04-15-46
1.0,113.33416898881579,23.167424890684604,2018-09-24-04-15-46
1.0,113.33441849244889,23.167424426650243,2018-09-24-04-15-46
1.0,113.32543669027872,23.167691305807775,2018-09-24-04-15-46
1.0,113.3351669735771,23.167922846684007,2018-09-24-04-15-46
1.0,113.32593561364591,23.168440065913266,2018-09-24-04-15-46
1.0,113.3306759372418,23.168431058538534,2018-09-24-04-15-46
1.0,113.3309254322854,23.168430587677328,2018-09-24-04-15-46
1.0,113.32568610930652,23.16869044677105,2018-09-24-04-15-46
1.0,113.33466791154646,23.16867348500478,2018-09-24-04-15-46
1.0,113.33541641192868,23.168922002717647,2018-09-24-04-15-46
1.0,113.33566591925415,23.1689215417043,2018-09-24-04-15-46
1.0,113.33516688831699,23.169172368874214,2018-09-24-04-15-46
1.0,113.33541639487534,23.16917190723211,2018-09-24-04-15-46
1.0,113.32768187970947,23.17068587750335,2018-09-24-04-15-46
1.0,113.33292125931627,23.17067597782207,2018-09-24-04-15-46
1.0,113.33192324745903,23.17092775454379,2018-09-24-04-15-46
1.0,113.33317074252467,23.170925415856686,2018-09-24-04-15-46
1.0,113.32718286718901,23.171186637419638,2018-09-24-04-15-46
1.0,113.331424236547,23.171178598126396,2018-09-24-04-15-46
1.0,113.33067573282015,23.171429914338606,2018-09-24-04-15-46
1.0,113.3266838389582,23.17193730332091,2018-09-24-04-15-46
1.0,113.3321726770904,23.17192690536922,2018-09-24-04-15-46
1.0,113.33591522268463,23.171919938046855,2018-09-24-04-15-46
1.0,113.33491787693377,23.161925615555184,2018-09-24-04-15-46
1.0,113.33990813464004,23.162166404890897,2018-09-24-04-15-46
1.0,113.341405290502,23.162163732314784,2018-09-24-04-15-46
1.0,113.34290248525727,23.16216109281202,2018-09-24-04-15-46
1.0,113.34340155929972,23.162160220771337,2018-09-24-04-15-46
1.0,113.3411557277576,23.162663982551788,2018-09-24-04-15-46
1.0,113.34340152514116,23.16266002780541,2018-09-24-04-15-46
1.0,113.34115571068642,23.162913886124556,2018-09-24-04-15-46
1.0,113.3426528987491,23.162911240930114,2018-09-24-04-15-46
1.0,113.3429024340247,23.162910803418736,2018-09-24-04-15-46
1.0,113.33516729752748,23.163174670982368,2018-09-24-04-15-46
1.0,113.34240331338977,23.163661390359366,2018-09-24-04-15-46
1.0,113.33766234823254,23.16391979538076,2018-09-24-04-15-46
1.0,113.34140517099598,23.16391305758341,2018-09-24-04-15-46
1.0,113.34240329631325,23.163911294080133,2018-09-24-04-15-46
1.0,113.33841087838204,23.164168336986073,2018-09-24-04-15-46
1.0,113.34165468359849,23.16416251905778,2018-09-24-04-15-46
1.0,113.33791182894765,23.16441914812988,2018-09-24-04-15-46
1.0,113.34190419729234,23.164411981499974,2018-09-24-04-15-46
1.0,113.34165464945022,23.16466232668574,2018-09-24-04-15-46
1.0,113.33516714408482,23.165423805151825,2018-09-24-04-15-46
1.0,113.33541665065782,23.165423343510344,2018-09-24-04-15-46
1.0,113.33491762121568,23.16567417139331,2018-09-24-04-15-46
1.0,113.3351671270348,23.165673709135294,2018-09-24-04-15-46
1.0,113.33516710998461,23.165923613156345,2018-09-24-04-15-46
1.0,113.33816122524804,23.166168021693583,2018-09-24-04-15-46
1.0,113.34240314261712,23.16616042924719,2018-09-24-04-15-46
1.0,113.33516707588373,23.166423421311386,2018-09-24-04-15-46
1.0,113.33541658245284,23.16642295966974,2018-09-24-04-15-46
1.0,113.34240312553892,23.166410333342327,2018-09-24-04-15-46
1.0,113.33566607273544,23.166672402790834,2018-09-24-04-15-46
1.0,113.3359155808491,23.166671942418798,2018-09-24-04-15-46
1.0,113.3351669735771,23.167922846684007,2018-09-24-04-15-46
1.0,113.34015726544945,23.167913747177952,2018-09-24-04-15-46
1.0,113.34040678983804,23.167913300419283,2018-09-24-04-15-46
1.0,113.3419039582249,23.167910638575496,2018-09-24-04-15-46
1.0,113.34115533507804,23.168411774176235,2018-09-24-04-15-46
1.0,113.34165439331676,23.168410888688534,2018-09-24-04-15-46
1.0,113.34015721423614,23.168663460374916,2018-09-24-04-15-46
1.0,113.34689477136727,23.16865173833491,2018-09-24-04-15-46
1.0,113.33541641192868,23.168922002717647,2018-09-24-04-15-46
1.0,113.33566591925415,23.1689215417043,2018-09-24-04-15-46
1.0,113.34040672154953,23.168912918091454,2018-09-24-04-15-46
1.0,113.3434010981026,23.16890762833248,2018-09-24-04-15-46
1.0,113.33516688831699,23.169172368874214,2018-09-24-04-15-46
1.0,113.33541639487534,23.16917190723211,2018-09-24-04-15-46
1.0,113.34065622988952,23.169162376717125,2018-09-24-04-15-46
1.0,113.33816096929833,23.169916587118994,2018-09-24-04-15-46
1.0,113.34040665325834,23.1699125363762,2018-09-24-04-15-46
2.0,113.34065617866806,23.169912090488122,2018-09-24-04-15-46
1.0,113.3409057051194,23.16991164548295,2018-09-24-04-15-46
1.0,113.34040663618512,23.170162441043505,2018-09-24-04-15-46
1.0,113.3406561615939,23.170161995155386,2018-09-24-04-15-46
1.0,113.3419038045214,23.17015977919743,2018-09-24-04-15-46
1.0,113.34240286934605,23.17015889932879,2018-09-24-04-15-46
1.0,113.3401570947326,23.170412792508465,2018-09-24-04-15-46
1.0,113.34165425669687,23.170410125257195,2018-09-24-04-15-46
1.0,113.34764332579111,23.170399816772516,2018-09-24-04-15-46
1.0,113.33990755429745,23.170663144871067,2018-09-24-04-15-46
1.0,113.34090565389361,23.170661359600356,2018-09-24-04-15-46
1.0,113.34115518139674,23.17066091548993,2018-09-24-04-15-46
1.0,113.34040658496448,23.170912155276998,2018-09-24-04-15-46
1.0,113.34365050018575,23.17090643100664,2018-09-24-04-15-46
1.0,113.34489821216914,23.17090427408604,2018-09-24-04-15-46
1.0,113.34514775829389,23.170903845907194,2018-09-24-04-15-46
1.0,113.3453973056909,23.170903418824047,2018-09-24-04-15-46
1.0,113.34664506220076,23.170901300250822,2018-09-24-04-15-46
1.0,113.34015704351428,23.171162506858085,2018-09-24-04-15-46
1.0,113.34340094434312,23.171156770335305,2018-09-24-04-15-46
1.0,113.34390002305247,23.171155902345998,2018-09-24-04-15-46
1.0,113.34439910659705,23.171155038505315,2018-09-24-04-15-46
1.0,113.34714415705203,23.17115036571832,2018-09-24-04-15-46
1.0,113.33940845935707,23.171413757102172,2018-09-24-04-15-46
1.0,113.33965798072445,23.171413307802116,2018-09-24-04-15-46
1.0,113.34340092725789,23.171406675195442,2018-09-24-04-15-46
1.0,113.34689458330006,23.171400689666097,2018-09-24-04-15-46
1.0,113.33890940247053,23.171664563058613,2018-09-24-04-15-46
1.0,113.34240276685836,23.171658328142232,2018-09-24-04-15-46
1.0,113.34290183620001,23.171657452138327,2018-09-24-04-15-46
1.0,113.33591522268463,23.171919938046855,2018-09-24-04-15-46
1.0,113.33816083277644,23.17191582554317,2018-09-24-04-15-46
1.0,113.33841034938958,23.171915372249206,2018-09-24-04-15-46
1.0,113.34215321681107,23.171908672537644,2018-09-24-04-15-46
1.0,113.34464859894449,23.171904322866364,2018-09-24-04-15-46
1.0,113.35038912171447,23.16239838384311,2018-09-24-04-15-46
1.0,113.34988993804632,23.162898997771837,2018-09-24-04-15-46
1.0,113.35363361000911,23.16439250301199,2018-09-24-04-15-46
1.0,113.35338399655093,23.164642791362024,2018-09-24-04-15-46
1.0,113.35363359289288,23.164642406842542,2018-09-24-04-15-46
1.0,113.35288477465478,23.165143372568284,2018-09-24-04-15-46
1.0,113.35463194389497,23.16539059537914,2018-09-24-04-15-46
1.0,113.35712805566877,23.165636799455616,2018-09-24-04-15-46
1.0,113.35238554226054,23.165893863728563,2018-09-24-04-15-46
1.0,113.35288470619658,23.166142988565287,2018-09-24-04-15-46
1.0,113.35587993457227,23.16613843778699,2018-09-24-04-15-46
1.0,113.35313416226263,23.168141834925976,2018-09-24-04-15-46
1.0,113.34963998930397,23.168397291178763,2018-09-24-04-15-46
1.0,113.34988956174683,23.168396885790454,2018-09-24-04-15-46
1.0,113.34689477136727,23.16865173833491,2018-09-24-04-15-46
1.0,113.3493904012523,23.16864760230477,2018-09-24-04-15-46
1.0,113.35213576593891,23.168643202175467,2018-09-24-04-15-46
1.0,113.34814253433112,23.169149463880135,2018-09-24-04-15-46
1.0,113.34939034993707,23.16939731584106,2018-09-24-04-15-46
1.0,113.34914074626805,23.16989753303871,2018-09-24-04-15-46
1.0,113.34914072916317,23.170147437704518,2018-09-24-04-15-46
1.0,113.35488122346374,23.17013840046286,2018-09-24-04-15-46
1.0,113.35538043847303,23.170137651038374,2018-09-24-04-15-46
1.0,113.35563004862571,23.17013727865223,2018-09-24-04-15-46
1.0,113.34764332579111,23.170399816772516,2018-09-24-04-15-46
1.0,113.35038857429923,23.17039531552186,2018-09-24-04-15-46
1.0,113.35113730993594,23.170394115329547,2018-09-24-04-15-46
1.0,113.3546316014607,23.17038868218327,2018-09-24-04-15-46
1.0,113.35637887268516,23.170386075628688,2018-09-24-04-15-46
15.0,113.35038855718973,23.170645220264625,2018-09-24-04-15-46
1.0,113.34489821216914,23.17090427408604,2018-09-24-04-15-46
1.0,113.34514775829389,23.170903845907194,2018-09-24-04-15-46
1.0,113.3453973056909,23.170903418824047,2018-09-24-04-15-46
1.0,113.34664506220076,23.170901300250822,2018-09-24-04-15-46
1.0,113.34839197826355,23.170898383510817,2018-09-24-04-15-46
1.0,113.34714415705203,23.17115036571832,2018-09-24-04-15-46
1.0,113.35038852297025,23.171145029866203,2018-09-24-04-15-46
1.0,113.34689458330006,23.171400689666097,2018-09-24-04-15-46
1.0,113.32718286718901,23.171186637419638,2018-09-24-04-15-46
1.0,113.331424236547,23.171178598126396,2018-09-24-04-15-46
1.0,113.33067573282015,23.171429914338606,2018-09-24-04-15-46
1.0,113.3266838389582,23.17193730332091,2018-09-24-04-15-46
1.0,113.3321726770904,23.17192690536922,2018-09-24-04-15-46
1.0,113.33591522268463,23.171919938046855,2018-09-24-04-15-46
1.0,113.32668382193773,23.1721872083005,2018-09-24-04-15-46
1.0,113.33292115704573,23.1721754071104,2018-09-24-04-15-46
1.0,113.33766178520658,23.172166639384322,2018-09-24-04-15-46
1.0,113.33791130000948,23.172166184577378,2018-09-24-04-15-46
1.0,113.32693329334116,23.172436637615988,2018-09-24-04-15-46
1.0,113.32718278207743,23.17243616212275,2018-09-24-04-15-46
1.0,113.32743227113934,23.17243568685174,2018-09-24-04-15-46
1.0,113.32867972180253,23.172433314262847,2018-09-24-04-15-46
1.0,113.33267164038621,23.172425779384103,2018-09-24-04-15-46
1.0,113.33741225422533,23.172416999946346,2018-09-24-04-15-46
1.0,113.32668378789631,23.172687018376713,2018-09-24-04-15-46
1.0,113.3271827650546,23.1726860671803,2018-09-24-04-15-46
1.0,113.33491714377475,23.172671498386933,2018-09-24-04-15-46
1.0,113.336414190084,23.17266873432357,2018-09-24-04-15-46
1.0,113.33666370059188,23.17266827594652,2018-09-24-04-15-46
1.0,113.33691321193203,23.172667818259164,2018-09-24-04-15-46
1.0,113.32618479491443,23.172937875459912,2018-09-24-04-15-46
1.0,113.32768172649045,23.17293502196935,2018-09-24-04-15-46
1.0,113.32793121624182,23.172934547179803,2018-09-24-04-15-46
1.0,113.3341686137337,23.172922793836563,2018-09-24-04-15-46
1.0,113.33441811734518,23.17292232980129,2018-09-24-04-15-46
1.0,113.32743222006737,23.173185402141613,2018-09-24-04-15-46
1.0,113.32867967071543,23.173183029552103,2018-09-24-04-15-46
1.0,113.32967763846231,23.173181136741714,2018-09-24-04-15-46
1.0,113.33716268999221,23.17316717150279,2018-09-24-04-15-46
1.0,113.32743220304303,23.173435307316588,2018-09-24-04-15-46
1.0,113.32793118218929,23.17343435749037,2018-09-24-04-15-46
1.0,113.32867965368607,23.17343293472687,2018-09-24-04-15-46
1.0,113.32967762142893,23.173431041916313,2018-09-24-04-15-46
1.0,113.33142408318956,23.173427743288183,2018-09-24-04-15-46
1.0,113.32793116516278,23.173684262704523,2018-09-24-04-15-46
1.0,113.328180655277,23.173683788174174,2018-09-24-04-15-46
1.0,113.32867963665655,23.173682839940895,2018-09-24-04-15-46
1.0,113.32892912794868,23.173682366262696,2018-09-24-04-15-46
1.0,113.32917861966027,23.17368189289327,2018-09-24-04-15-46
1.0,113.33491707555822,23.173671119003526,2018-09-24-04-15-46
1.0,113.33516658134602,23.173670656744175,2018-09-24-04-15-46
1.0,113.326184726837,23.173937496239255,2018-09-24-04-15-46
1.0,113.32743216899388,23.173935117784374,2018-09-24-04-15-46
1.0,113.32867961962684,23.17393274519424,2018-09-24-04-15-46
1.0,113.33017657393326,23.173929908003558,2018-09-24-04-15-46
1.0,113.33566557813623,23.173919639339356,2018-09-24-04-15-46
1.0,113.32693317418502,23.174185973842125,2018-09-24-04-15-46
1.0,113.32718266291421,23.1741854983486,2018-09-24-04-15-46
1.0,113.32743215196905,23.1741850230773,2018-09-24-04-15-46
1.0,113.33791116348323,23.174165425807406,2018-09-24-04-15-46
1.0,113.32693315716203,23.17443587917456,2018-09-24-04-15-46
1.0,113.32793111408225,23.174433978583103,2018-09-24-04-15-46
1.0,113.32593518821857,23.174687688495833,2018-09-24-04-15-46
1.0,113.32967753625951,23.174680568379344,2018-09-24-04-15-46
1.0,113.33666354703954,23.174917423216268,2018-09-24-04-15-46
1.0,113.33541596848772,23.175419532695575,2018-09-24-04-15-46
1.0,113.32892899169838,23.175681609394566,2018-09-24-04-15-46
1.0,113.33267141879017,23.175674548185718,2018-09-24-04-15-46
1.0,113.3334199195064,23.175673147946274,2018-09-24-04-15-46
1.0,113.33591496680776,23.175668516836517,2018-09-24-04-15-46
1.0,113.3259351031206,23.175937215950313,2018-09-24-04-15-46
1.0,113.33516642784024,23.175919805436482,2018-09-24-04-15-46
1.0,113.33691299011726,23.175916587564085,2018-09-24-04-15-46
1.0,113.33791104401399,23.175914763952584,2018-09-24-04-15-46
1.0,113.32593508610051,23.1761871215604,2018-09-24-04-15-46
1.0,113.33691297305342,23.176166493172346,2018-09-24-04-15-46
1.0,113.33766149509188,23.176415030016283,2018-09-24-04-15-46
1.0,113.33441786154633,23.176670910961867,2018-09-24-04-15-46
1.0,113.3376614780248,23.176664935704192,2018-09-24-04-15-46
1.0,113.32818043390408,23.17693255955518,2018-09-24-04-15-46
1.0,113.33192283843209,23.176925481114534,2018-09-24-04-15-46
1.0,113.3374119470579,23.17691529697809,2018-09-24-04-15-46
1.0,113.33641388298324,23.17716703207042,2018-09-24-04-15-46
1.0,113.33691288773169,23.177416021812594,2018-09-24-04-15-46
1.0,113.33042581237113,23.17767801991398,2018-09-24-04-15-46
1.0,113.33391878684121,23.177671462755498,2018-09-24-04-15-46
1.0,113.33791092453656,23.177664104048127,2018-09-24-04-15-46
1.0,113.33092478482986,23.17792698368265,2018-09-24-04-15-46
1.0,113.33666334228202,23.177916291237434,2018-09-24-04-15-46
1.0,113.33741187879112,23.177914920290462,2018-09-24-04-15-46
1.0,113.3309247677883,23.178176889612278,2018-09-24-04-15-46
1.0,113.32693288477182,23.178434369899406,2018-09-24-04-15-46
1.0,113.32768135189824,23.17843294409576,2018-09-24-04-15-46
1.0,113.33591477914085,23.178417480289472,2018-09-24-04-15-46
1.0,113.33666330815342,23.17841610313506,2018-09-24-04-15-46
1.0,113.33741184465671,23.178414732187836,2018-09-24-04-15-46
1.0,113.32718235645702,23.178683800416056,2018-09-24-04-15-46
1.0,113.32743184549368,23.17868332514401,2018-09-24-04-15-46
1.0,113.33641378060429,23.178666467522415,2018-09-24-04-15-46
1.0,113.33666329108888,23.178666009144358,2018-09-24-04-15-46
1.0,113.3371623145682,23.178665094469494,2018-09-24-04-15-46
1.0,113.32693285072004,23.17893418196164,2018-09-24-04-15-46
1.0,113.33466721235007,23.178919600506273,2018-09-24-04-15-46
1.0,113.33666327402416,23.17891591519405,2018-09-24-04-15-46
1.0,113.3369127853401,23.178915457505646,2018-09-24-04-15-46
1.0,113.33716229750155,23.178915000519105,2018-09-24-04-15-46
1.0,113.32718232240289,23.179183612559047,2018-09-24-04-15-46
1.0,113.32743181143753,23.17918313728692,2018-09-24-04-15-46
1.0,113.33466719529298,23.179169506596747,2018-09-24-04-15-46
1.0,113.33766130734486,23.179163994790176,2018-09-24-04-15-46
1.0,113.32743179440921,23.179433043419102,2018-09-24-04-15-46
1.0,113.32768128378189,23.17943256838152,2018-09-24-04-15-46
1.0,113.33167317078978,23.179425009771478,2018-09-24-04-15-46
1.0,113.33267116306737,23.17942313592708,2018-09-24-04-15-46
1.0,113.33791080505094,23.17941344611249,2018-09-24-04-15-46
1.0,113.33167315374425,23.179674915943508,2018-09-24-04-15-46
1.0,113.3319226509293,23.179674446784723,2018-09-24-04-15-46
1.0,113.33292064560298,23.179672574841586,2018-09-24-04-15-46
1.0,113.33317014582144,23.17967210809034,2018-09-24-04-15-46
1.0,113.33341964668661,23.179671641857507,2018-09-24-04-15-46
1.0,113.33666322282902,23.17966563358603,2018-09-24-04-15-46
1.0,113.3374117593178,23.179664262638177,2018-09-24-04-15-46
1.0,113.3379107879809,23.17966335228348,2018-09-24-04-15-46
1.0,113.32543585646698,23.17993666351303,2018-09-24-04-15-46
1.0,113.32643380612593,23.17993475817807,2018-09-24-04-15-46
1.0,113.33317012876978,23.17992201430273,2018-09-24-04-15-46
1.0,113.33741174224953,23.179914168849855,2018-09-24-04-15-46
1.0,113.3379107709107,23.179913258495073,2018-09-24-04-15-46
1.0,113.3324216129552,23.180173322315824,2018-09-24-04-15-46
1.0,113.33691270000918,23.180164988361692,2018-09-24-04-15-46
1.0,113.33341959552814,23.180421360616595,2018-09-24-04-15-46
1.0,113.33292057739926,23.180672199935504,2018-09-24-04-15-46
1.0,113.33341957847497,23.18067126695109,2018-09-24-04-15-46
1.0,113.33391858219068,23.180670336089456,2018-09-24-04-15-46
1.0,113.33791071969905,23.180662977374052,2018-09-24-04-15-46
1.0,113.33766118785896,23.180913338557033,2018-09-24-04-15-46
1.0,113.33791070262818,23.180912883748622,2018-09-24-04-15-46
1.0,113.34040658496448,23.170912155276998,2018-09-24-04-15-46
1.0,113.34365050018575,23.17090643100664,2018-09-24-04-15-46
1.0,113.34489821216914,23.17090427408604,2018-09-24-04-15-46
1.0,113.34514775829389,23.170903845907194,2018-09-24-04-15-46
1.0,113.3453973056909,23.170903418824047,2018-09-24-04-15-46
1.0,113.34664506220076,23.170901300250822,2018-09-24-04-15-46
1.0,113.34015704351428,23.171162506858085,2018-09-24-04-15-46
1.0,113.34340094434312,23.171156770335305,2018-09-24-04-15-46
1.0,113.34390002305247,23.171155902345998,2018-09-24-04-15-46
1.0,113.34439910659705,23.171155038505315,2018-09-24-04-15-46
1.0,113.34714415705203,23.17115036571832,2018-09-24-04-15-46
1.0,113.33940845935707,23.171413757102172,2018-09-24-04-15-46
1.0,113.33965798072445,23.171413307802116,2018-09-24-04-15-46
1.0,113.34340092725789,23.171406675195442,2018-09-24-04-15-46
1.0,113.34689458330006,23.171400689666097,2018-09-24-04-15-46
1.0,113.33890940247053,23.171664563058613,2018-09-24-04-15-46
1.0,113.34240276685836,23.171658328142232,2018-09-24-04-15-46
1.0,113.34290183620001,23.171657452138327,2018-09-24-04-15-46
1.0,113.33591522268463,23.171919938046855,2018-09-24-04-15-46
1.0,113.33816083277644,23.17191582554317,2018-09-24-04-15-46
1.0,113.33841034938958,23.171915372249206,2018-09-24-04-15-46
1.0,113.34215321681107,23.171908672537644,2018-09-24-04-15-46
1.0,113.34464859894449,23.171904322866364,2018-09-24-04-15-46
1.0,113.33766178520658,23.172166639384322,2018-09-24-04-15-46
1.0,113.33791130000948,23.172166184577378,2018-09-24-04-15-46
1.0,113.34789276689341,23.17214873530009,2018-09-24-04-15-46
1.0,113.33741225422533,23.172416999946346,2018-09-24-04-15-46
1.0,113.34639540567558,23.172401151188918,2018-09-24-04-15-46
1.0,113.33491714377475,23.172671498386933,2018-09-24-04-15-46
1.0,113.336414190084,23.17266873432357,2018-09-24-04-15-46
1.0,113.33666370059188,23.17266827594652,2018-09-24-04-15-46
1.0,113.33691321193203,23.172667818259164,2018-09-24-04-15-46
1.0,113.34290176786413,23.172657072123908,2018-09-24-04-15-46
1.0,113.34614583597288,23.172651478827593,2018-09-24-04-15-46
1.0,113.34190361664314,23.172908733091827,2018-09-24-04-15-46
1.0,113.34564671762224,23.172902232504793,2018-09-24-04-15-46
1.0,113.34589626759441,23.172901807647627,2018-09-24-04-15-46
1.0,113.34614581887668,23.172901383921047,2018-09-24-04-15-46
1.0,113.34664492542164,23.17290053990599,2018-09-24-04-15-46
1.0,113.34689448070938,23.172900119640627,2018-09-24-04-15-46
1.0,113.33716268999221,23.17316717150279,2018-09-24-04-15-46
1.0,113.34489805834836,23.17315341887644,2018-09-24-04-15-46
1.0,113.34514760446498,23.173152990697208,2018-09-24-04-15-46
1.0,113.34539715185387,23.173152563613673,2018-09-24-04-15-46
1.0,113.34564670052767,23.173152137637487,2018-09-24-04-15-46
1.0,113.3466449083235,23.173150445038512,2018-09-24-04-15-46
1.0,113.3473935782771,23.173149187784254,2018-09-24-04-15-46
1.0,113.33940832278896,23.173412997391104,2018-09-24-04-15-46
1.0,113.34240264728177,23.173407663527968,2018-09-24-04-15-46
1.0,113.34539713476003,23.173402468785625,2018-09-24-04-15-46
1.0,113.34664489122518,23.173400350210247,2018-09-24-04-15-46
1.0,113.33491707555822,23.173671119003526,2018-09-24-04-15-46
1.0,113.33516658134602,23.173670656744175,2018-09-24-04-15-46
1.0,113.33965782707601,23.173662453302903,2018-09-24-04-15-46
1.0,113.34240263019873,23.173657568739692,2018-09-24-04-15-46
1.0,113.34489802416412,23.173653229259774,2018-09-24-04-15-46
1.0,113.34614576758709,23.173651099436565,2018-09-24-04-15-46
1.0,113.33566557813623,23.173919639339356,2018-09-24-04-15-46
1.0,113.33816069624385,23.173915066459404,2018-09-24-04-15-46
1.0,113.33965781000313,23.17391235855441,2018-09-24-04-15-46
1.0,113.34190354831875,23.17390835386065,2018-09-24-04-15-46
1.0,113.3441493762371,23.173904425505864,2018-09-24-04-15-46
1.0,113.34464846221746,23.173903563773777,2018-09-24-04-15-46
1.0,113.34514755318567,23.17390270633103,2018-09-24-04-15-46
1.0,113.34539710057184,23.17390227924737,2018-09-24-04-15-46
1.0,113.34589619921154,23.173901428413718,2018-09-24-04-15-46
1.0,113.34714396895664,23.173899321317307,2018-09-24-04-15-46
1.0,113.33791116348323,23.174165425807406,2018-09-24-04-15-46
1.0,113.33816067917653,23.17416497175054,2018-09-24-04-15-46
1.0,113.33990731527668,23.174161815379687,2018-09-24-04-15-46
1.0,113.34439890151944,23.17415389939958,2018-09-24-04-15-46
1.0,113.34539708347751,23.174152184537274,2018-09-24-04-15-46
1.0,113.34689439521256,23.17414964569567,2018-09-24-04-15-46
1.0,113.34290164826992,23.174406408606153,2018-09-24-04-15-46
1.0,113.34315118466077,23.174405972082813,2018-09-24-04-15-46
1.0,113.34439888442854,23.17440380472908,2018-09-24-04-15-46
1.0,113.34489797288651,23.174402945129795,2018-09-24-04-15-46
1.0,113.34514751899862,23.17440251695035,2018-09-24-04-15-46
1.0,113.345397066383,23.174402089866604,2018-09-24-04-15-46
1.0,113.34639526889552,23.17440039272128,2018-09-24-04-15-46
1.0,113.34664482283026,23.174399971290367,2018-09-24-04-15-46
1.0,113.33841016164396,23.17466432915671,2018-09-24-04-15-46
1.0,113.34015680447557,23.174661178460944,2018-09-24-04-15-46
1.0,113.34290163118436,23.174656313975387,2018-09-24-04-15-46
1.0,113.34439886733749,23.17465371009806,2018-09-24-04-15-46
1.0,113.34464841094207,23.174653279762204,2018-09-24-04-15-46
1.0,113.34489795579364,23.17465285049869,2018-09-24-04-15-46
1.0,113.34514750190483,23.1746524223192,2018-09-24-04-15-46
1.0,113.34564659795672,23.174651569258966,2018-09-24-04-15-46
1.0,113.34614569919862,23.17465072067462,2018-09-24-04-15-46
1.0,113.34639525179726,23.174650298089915,2018-09-24-04-15-46
1.0,113.34789259586536,23.174647787213765,2018-09-24-04-15-46
1.0,113.33666354703954,23.174917423216268,2018-09-24-04-15-46
1.0,113.33841014457518,23.17491423456624,2018-09-24-04-15-46
1.0,113.34464839384994,23.174903185170677,2018-09-24-04-15-46
1.0,113.3448979387006,23.174902755907116,2018-09-24-04-15-46
1.0,113.34539703219347,23.174901900643754,2018-09-24-04-15-46
1.0,113.34564658086097,23.174901474667266,2018-09-24-04-15-46
1.0,113.34664478863179,23.174899782067087,2018-09-24-04-15-46
1.0,113.34689434391245,23.17489936180138,2018-09-24-04-15-46
1.0,113.33890916349364,23.175163235762287,2018-09-24-04-15-46
1.0,113.3396577246362,23.175161885403615,2018-09-24-04-15-46
1.0,113.34365020970141,23.175154818279367,2018-09-24-04-15-46
1.0,113.34539701509846,23.175151806091684,2018-09-24-04-15-46
1.0,113.34664477153231,23.175149687514804,2018-09-24-04-15-46
1.0,113.34689432681208,23.17514926724905,2018-09-24-04-15-46
1.0,113.34764300086245,23.175148013558708,2018-09-24-04-15-46
1.0,113.33541596848772,23.175419532695575,2018-09-24-04-15-46
1.0,113.33865962796114,23.17541359298419,2018-09-24-04-15-46
1.0,113.34115485691393,23.175409113041198,2018-09-24-04-15-46
1.0,113.34240251061277,23.175406906325694,2018-09-24-04-15-46
1.0,113.34389973254973,23.175404290284554,2018-09-24-04-15-46
1.0,113.34464835966517,23.175402996106435,2018-09-24-04-15-46
1.0,113.34489790451403,23.17540256684279,2018-09-24-04-15-46
1.0,113.34564654666897,23.175401285602682,2018-09-24-04-15-46
1.0,113.34789254455369,23.175397503556315,2018-09-24-04-15-46
1.0,113.33591496680776,23.175668516836517,2018-09-24-04-15-46
1.0,113.3389091293514,23.175663046779334,2018-09-24-04-15-46
1.0,113.34015673617279,23.17566080033563,2018-09-24-04-15-46
1.0,113.34090531234986,23.17565946268046,2018-09-24-04-15-46
1.0,113.34265202761196,23.17565637336176,2018-09-24-04-15-46
1.0,113.34290156284044,23.17565593584821,2018-09-24-04-15-46
1.0,113.34489788742049,23.175652472370146,2018-09-24-04-15-46
1.0,113.34589607953504,23.17565076627227,2018-09-24-04-15-46
1.0,113.33516642784024,23.175919805436482,2018-09-24-04-15-46
1.0,113.33691299011726,23.175916587564085,2018-09-24-04-15-46
1.0,113.33791104401399,23.175914763952584,2018-09-24-04-15-46
1.0,113.33865959382048,23.17591340408077,2018-09-24-04-15-46
1.0,113.33965767341404,23.175911601988407,2018-09-24-04-15-46
1.0,113.34165388093693,23.17590803864669,2018-09-24-04-15-46
1.0,113.33691297305342,23.176166493172346,2018-09-24-04-15-46
1.0,113.3389090952085,23.17616285795538,2018-09-24-04-15-46
1.0,113.3466447031327,23.17614930970262,2018-09-24-04-15-46
1.0,113.33766149509188,23.176415030016283,2018-09-24-04-15-46
1.0,113.33816052556307,23.176414121151385,2018-09-24-04-15-46
1.0,113.33915859754495,23.176412312668546,2018-09-24-04-15-46
1.0,113.33965763926508,23.176411413243862,2018-09-24-04-15-46
1.0,113.3443987476954,23.17640304879089,2018-09-24-04-15-46
1.0,113.34489783613884,23.17640218919092,2018-09-24-04-15-46
1.0,113.3458960282426,23.17640048309253,2018-09-24-04-15-46
1.0,113.3376614780248,23.176664935704192,2018-09-24-04-15-46
17.0,113.33816050849407,23.176664026839205,2018-09-24-04-15-46
1.0,113.33915858047213,23.1766622183562,2018-09-24-04-15-46
1.0,113.33990714452747,23.176660870465405,2018-09-24-04-15-46
1.0,113.34090524403308,23.176659085190636,2018-09-24-04-15-46
1.0,113.34265195926908,23.176655995870746,2018-09-24-04-15-46
1.0,113.3374119470579,23.17691529697809,2018-09-24-04-15-46
1.0,113.33841000801887,23.176913479272184,2018-09-24-04-15-46
1.0,113.33915856339914,23.176912124083813,2018-09-24-04-15-46
1.0,113.3429014774068,23.176905464084005,2018-09-24-04-15-46
1.0,113.34664465183123,23.1768990267618,2018-09-24-04-15-46
1.0,113.34714376373856,23.176898187406508,2018-09-24-04-15-46
1.0,113.33641388298324,23.17716703207042,2018-09-24-04-15-46
1.0,113.33816047435558,23.177163838334796,2018-09-24-04-15-46
1.0,113.33915854632599,23.177162029851452,2018-09-24-04-15-46
1.0,113.33990711037563,23.177160681960405,2018-09-24-04-15-46
1.0,113.34015663371358,23.17716023434123,2018-09-24-04-15-46
1.0,113.34115473735241,23.17715845257377,2018-09-24-04-15-46
1.0,113.33691288773169,23.177416021812594,2018-09-24-04-15-46
1.0,113.33840997387811,23.177413290847785,2018-09-24-04-15-46
1.0,113.3386594913945,23.177412838327513,2018-09-24-04-15-46
1.0,113.3394080496206,23.17741148553521,2018-09-24-04-15-46
1.0,113.34789240771516,23.17739674888702,2018-09-24-04-15-46
1.0,113.33791092453656,23.177664104048127,2018-09-24-04-15-46
1.0,113.33990707622311,23.177660493615694,2018-09-24-04-15-46
1.0,113.34140423173496,23.177657821023846,2018-09-24-04-15-46
1.0,113.33666334228202,23.177916291237434,2018-09-24-04-15-46
1.0,113.33741187879112,23.177914920290462,2018-09-24-04-15-46
1.0,113.3384099397367,23.177913102583883,2018-09-24-04-15-46
1.0,113.33890897570308,23.17791219832988,2018-09-24-04-15-46
1.0,113.34764281271819,23.177896976109892,2018-09-24-04-15-46
1.0,113.34015656540409,23.178159857812364,2018-09-24-04-15-46
1.0,113.3421527897332,23.17815630878485,2018-09-24-04-15-46
1.0,113.34240232267541,23.178155869326392,2018-09-24-04-15-46
1.0,113.34365000462451,23.17815368676559,2018-09-24-04-15-46
1.0,113.33591477914085,23.178417480289472,2018-09-24-04-15-46
1.0,113.33666330815342,23.17841610313506,2018-09-24-04-15-46
1.0,113.33741184465671,23.178414732187836,2018-09-24-04-15-46
1.0,113.3396575026626,23.178410659866437,2018-09-24-04-15-46
1.0,113.34240230558919,23.178405775294376,2018-09-24-04-15-46
1.0,113.34664454922377,23.17839846196211,2018-09-24-04-15-46
1.0,113.33641378060429,23.178666467522415,2018-09-24-04-15-46
1.0,113.33666329108888,23.178666009144358,2018-09-24-04-15-46
1.0,113.3371623145682,23.178665094469494,2018-09-24-04-15-46
1.0,113.34664453212193,23.178648367969714,2018-09-24-04-15-46
1.0,113.33666327402416,23.17891591519405,2018-09-24-04-15-46
1.0,113.3369127853401,23.178915457505646,2018-09-24-04-15-46
1.0,113.33716229750155,23.178915000519105,2018-09-24-04-15-46
1.0,113.33766130734486,23.179163994790176,2018-09-24-04-15-46
1.0,113.3381603377949,23.17916308592435,2018-09-24-04-15-46
1.0,113.33915840973471,23.17916127743966,2018-09-24-04-15-46
1.0,113.34240225432953,23.179155493440597,2018-09-24-04-15-46
1.0,113.33791080505094,23.17941344611249,2018-09-24-04-15-46
1.0,113.33840983730843,23.179412538759518,2018-09-24-04-15-46
1.0,113.33666322282902,23.17966563358603,2018-09-24-04-15-46
1.0,113.3374117593178,23.179664262638177,2018-09-24-04-15-46
1.0,113.3379107879809,23.17966335228348,2018-09-24-04-15-46
1.0,113.33741174224953,23.179914168849855,2018-09-24-04-15-46
1.0,113.3379107709107,23.179913258495073,2018-09-24-04-15-46
1.0,113.33840980316434,23.179912351141933,2018-09-24-04-15-46
1.0,113.33890883911542,23.179911446887257,2018-09-24-04-15-46
1.0,113.33965740020373,23.179910096526186,2018-09-24-04-15-46
1.0,113.34340034626065,23.179903463897883,2018-09-24-04-15-46
1.0,113.33691270000918,23.180164988361692,2018-09-24-04-15-46
1.0,113.34315079162936,23.180153805671715,2018-09-24-04-15-46
1.0,113.34340032916957,23.180153370149213,2018-09-24-04-15-46
1.0,113.33791071969905,23.180662977374052,2018-09-24-04-15-46
1.0,113.33816023536737,23.180662523316094,2018-09-24-04-15-46
1.0,113.33840975194695,23.18066207002066,2018-09-24-04-15-46
1.0,113.34315075744853,23.180653618296656,2018-09-24-04-15-46
1.0,113.33766118785896,23.180913338557033,2018-09-24-04-15-46
1.0,113.33791070262818,23.180912883748622,2018-09-24-04-15-46
15.0,113.35038855718973,23.170645220264625,2018-09-24-04-15-46
1.0,113.34489821216914,23.17090427408604,2018-09-24-04-15-46
1.0,113.34514775829389,23.170903845907194,2018-09-24-04-15-46
1.0,113.3453973056909,23.170903418824047,2018-09-24-04-15-46
1.0,113.34664506220076,23.170901300250822,2018-09-24-04-15-46
1.0,113.34839197826355,23.170898383510817,2018-09-24-04-15-46
1.0,113.34714415705203,23.17115036571832,2018-09-24-04-15-46
1.0,113.35038852297025,23.171145029866203,2018-09-24-04-15-46
1.0,113.34689458330006,23.171400689666097,2018-09-24-04-15-46
1.0,113.34464859894449,23.171904322866364,2018-09-24-04-15-46
1.0,113.34789276689341,23.17214873530009,2018-09-24-04-15-46
1.0,113.34639540567558,23.172401151188918,2018-09-24-04-15-46
1.0,113.34614583597288,23.172651478827593,2018-09-24-04-15-46
1.0,113.34889099012803,23.172646895753896,2018-09-24-04-15-46
1.0,113.35188590565416,23.172642071539666,2018-09-24-04-15-46
1.0,113.34564671762224,23.172902232504793,2018-09-24-04-15-46
1.0,113.34589626759441,23.172901807647627,2018-09-24-04-15-46
1.0,113.34614581887668,23.172901383921047,2018-09-24-04-15-46
1.0,113.34664492542164,23.17290053990599,2018-09-24-04-15-46
1.0,113.34689448070938,23.172900119640627,2018-09-24-04-15-46
1.0,113.35438182708187,23.172888109889662,2018-09-24-04-15-46
1.0,113.34489805834836,23.17315341887644,2018-09-24-04-15-46
1.0,113.34514760446498,23.173152990697208,2018-09-24-04-15-46
1.0,113.34539715185387,23.173152563613673,2018-09-24-04-15-46
1.0,113.34564670052767,23.173152137637487,2018-09-24-04-15-46
1.0,113.3466449083235,23.173150445038512,2018-09-24-04-15-46
1.0,113.3473935782771,23.173149187784254,2018-09-24-04-15-46
1.0,113.34914052389148,23.17314629671731,2018-09-24-04-15-46
1.0,113.34939009333833,23.17314588873517,2018-09-24-04-15-46
1.0,113.35038838608557,23.173144269827887,2018-09-24-04-15-46
1.0,113.35063796307323,23.173143868412584,2018-09-24-04-15-46
1.0,113.34539713476003,23.173402468785625,2018-09-24-04-15-46
1.0,113.34664489122518,23.173400350210247,2018-09-24-04-15-46
1.0,113.35113710458059,23.173392974805086,2018-09-24-04-15-46
1.0,113.34489802416412,23.173653229259774,2018-09-24-04-15-46
1.0,113.34614576758709,23.173651099436565,2018-09-24-04-15-46
1.0,113.34864135518922,23.173646926891,2018-09-24-04-15-46
1.0,113.34889092170356,23.17364651636097,2018-09-24-04-15-46
1.0,113.35088750737927,23.173643278725542,2018-09-24-04-15-46
1.0,113.34464846221746,23.173903563773777,2018-09-24-04-15-46
1.0,113.34514755318567,23.17390270633103,2018-09-24-04-15-46
1.0,113.34539710057184,23.17390227924737,2018-09-24-04-15-46
1.0,113.34589619921154,23.173901428413718,2018-09-24-04-15-46
1.0,113.34714396895664,23.173899321317307,2018-09-24-04-15-46
1.0,113.34814220938513,23.17389765696041,2018-09-24-04-15-46
1.0,113.3508874902659,23.173893183975117,2018-09-24-04-15-46
1.0,113.34539708347751,23.174152184537274,2018-09-24-04-15-46
1.0,113.34689439521256,23.17414964569567,2018-09-24-04-15-46
1.0,113.34489797288651,23.174402945129795,2018-09-24-04-15-46
1.0,113.34514751899862,23.17440251695035,2018-09-24-04-15-46
1.0,113.345397066383,23.174402089866604,2018-09-24-04-15-46
1.0,113.34639526889552,23.17440039272128,2018-09-24-04-15-46
1.0,113.34664482283026,23.174399971290367,2018-09-24-04-15-46
1.0,113.3486413038717,23.174396642759078,2018-09-24-04-15-46
1.0,113.34464841094207,23.174653279762204,2018-09-24-04-15-46
1.0,113.34489795579364,23.17465285049869,2018-09-24-04-15-46
1.0,113.34514750190483,23.1746524223192,2018-09-24-04-15-46
1.0,113.34564659795672,23.174651569258966,2018-09-24-04-15-46
1.0,113.34614569919862,23.17465072067462,2018-09-24-04-15-46
1.0,113.34639525179726,23.174650298089915,2018-09-24-04-15-46
1.0,113.34789259586536,23.174647787213765,2018-09-24-04-15-46
1.0,113.34464839384994,23.174903185170677,2018-09-24-04-15-46
1.0,113.3448979387006,23.174902755907116,2018-09-24-04-15-46
1.0,113.34539703219347,23.174901900643754,2018-09-24-04-15-46
1.0,113.34564658086097,23.174901474667266,2018-09-24-04-15-46
1.0,113.34664478863179,23.174899782067087,2018-09-24-04-15-46
1.0,113.34689434391245,23.17489936180138,2018-09-24-04-15-46
1.0,113.34839170459612,23.174896865322243,2018-09-24-04-15-46
1.0,113.34539701509846,23.175151806091684,2018-09-24-04-15-46
1.0,113.34664477153231,23.175149687514804,2018-09-24-04-15-46
1.0,113.34689432681208,23.17514926724905,2018-09-24-04-15-46
1.0,113.34764300086245,23.175148013558708,2018-09-24-04-15-46
1.0,113.34464835966517,23.175402996106435,2018-09-24-04-15-46
1.0,113.34489790451403,23.17540256684279,2018-09-24-04-15-46
1.0,113.34564654666897,23.175401285602682,2018-09-24-04-15-46
1.0,113.34789254455369,23.175397503556315,2018-09-24-04-15-46
1.0,113.34489788742049,23.175652472370146,2018-09-24-04-15-46
1.0,113.34589607953504,23.17565076627227,2018-09-24-04-15-46
1.0,113.34988904848036,23.175894035706065,2018-09-24-04-15-46
1.0,113.3466447031327,23.17614930970262,2018-09-24-04-15-46
1.0,113.34489783613884,23.17640218919092,2018-09-24-04-15-46
1.0,113.3458960282426,23.17640048309253,2018-09-24-04-15-46
1.0,113.34664465183123,23.1768990267618,2018-09-24-04-15-46
1.0,113.34714376373856,23.176898187406508,2018-09-24-04-15-46
1.0,113.34789240771516,23.17739674888702,2018-09-24-04-15-46
1.0,113.34764281271819,23.177896976109892,2018-09-24-04-15-46
1.0,113.34664454922377,23.17839846196211,2018-09-24-04-15-46
1.0,113.34664453212193,23.178648367969714,2018-09-24-04-15-46
1.0,113.34814176462412,23.180395207439073,2018-09-24-04-15-46
