count,wgs_lng,wgs_lat,time
1.0,113.32543830571424,23.143950560364775,2018-09-23-03-18-28
1.0,113.32593728031809,23.143949607388393,2018-09-23-03-18-28
1.0,113.33142609280364,23.14393918875439,2018-09-23-03-18-28
1.0,113.33217458479862,23.143937781308182,2018-09-23-03-18-28
1.0,113.33242408329887,23.143937313081434,2018-09-23-03-18-28
1.0,113.33267358240565,23.1439368453362,2018-09-23-03-18-28
1.0,113.33292308213228,23.14393637808479,2018-09-23-03-18-28
1.0,113.33392108750384,23.143934514263236,2018-09-23-03-18-28
1.0,113.32468982851972,23.14420189177734,2018-09-23-03-18-28
1.0,113.32643623895542,23.144198556014594,2018-09-23-03-18-28
1.0,113.32793317314146,23.144195703848823,2018-09-23-03-18-28
1.0,113.33092708390937,23.144190030193837,2018-09-23-03-18-28
1.0,113.3316755725425,23.14418862011708,2018-09-23-03-18-28
1.0,113.3356676068045,23.144181175383547,2018-09-23-03-18-28
1.0,113.32468981152583,23.144451792771385,2018-09-23-03-18-28
1.0,113.32768366626819,23.14444607962716,2018-09-23-03-18-28
1.0,113.33491906978844,23.144432461277447,2018-09-23-03-18-28
1.0,113.33741416427326,23.144427867940013,2018-09-23-03-18-28
1.0,113.32593722932121,23.14469931036996,2018-09-23-03-18-28
1.0,113.3306775547327,23.144690303069957,2018-09-23-03-18-28
1.0,113.3309270498711,23.14468983221269,2018-09-23-03-18-28
1.0,113.3354180653087,23.14468143841011,2018-09-23-03-18-28
1.0,113.33566757272877,23.14468097740082,2018-09-23-03-18-28
1.0,113.33691512178243,23.144678682212348,2018-09-23-03-18-28
1.0,113.32618670000096,23.14494873517559,2018-09-23-03-18-28
1.0,113.32943006945543,23.144942564096933,2018-09-23-03-18-28
1.0,113.32967956216139,23.1449420913869,2018-09-23-03-18-28
1.0,113.33716461703233,23.144928126289244,2018-09-23-03-18-28
1.0,113.33766364420656,23.144927214481765,2018-09-23-03-18-28
1.0,113.32468976054315,23.145201495950754,2018-09-23-03-18-28
1.0,113.32668565918588,23.14519768429077,2018-09-23-03-18-28
1.0,113.33192500177559,23.145187755132806,2018-09-23-03-18-28
1.0,113.33317249735136,23.14518541646713,2018-09-23-03-18-28
1.0,113.33591704684976,23.145180319181218,2018-09-23-03-18-28
1.0,113.33042800905467,23.145440477597823,2018-09-23-03-18-28
1.0,113.33392098531672,23.145433920514435,2018-09-23-03-18-28
1.0,113.33342196429334,23.145684752521653,2018-09-23-03-18-28
1.0,113.33392096828496,23.14568382167169,2018-09-23-03-18-28
1.0,113.33417047130378,23.145683357073445,2018-09-23-03-18-28
1.0,113.33616652175867,23.145679661746613,2018-09-23-03-18-28
1.0,113.3261866319981,23.14594833974374,2018-09-23-03-18-28
1.0,113.32668560817741,23.145947387766203,2018-09-23-03-18-28
1.0,113.32893101732134,23.145943115071454,2018-09-23-03-18-28
1.0,113.33242394709542,23.14593652168226,2018-09-23-03-18-28
1.0,113.33317244626492,23.145935119939324,2018-09-23-03-18-28
1.0,113.33342194726336,23.14593465371211,2018-09-23-03-18-28
1.0,113.33367144892162,23.145934188015598,2018-09-23-03-18-28
1.0,113.33417045427086,23.145933258263778,2018-09-23-03-18-28
1.0,113.3344199579884,23.145932794233005,2018-09-23-03-18-28
1.0,113.33516847347214,23.145931405668318,2018-09-23-03-18-28
1.0,113.3354179801213,23.1459309440301,2018-09-23-03-18-28
1.0,113.33591699573098,23.145930022652035,2018-09-23-03-18-28
1.0,113.33766357602144,23.14592681904226,2018-09-23-03-18-28
1.0,113.32793303708057,23.146194912719444,2018-09-23-03-18-28
1.0,113.3284320179097,23.146193963939535,2018-09-23-03-18-28
1.0,113.33042795800051,23.146190181170745,2018-09-23-03-18-28
1.0,113.33616648767703,23.146179464159783,2018-09-23-03-18-28
1.0,113.32868149189507,23.146443391227127,2018-09-23-03-18-28
1.0,113.33292291185651,23.146435389165607,2018-09-23-03-18-28
1.0,113.33342191320293,23.146434456192605,2018-09-23-03-18-28
1.0,113.33367141485921,23.146433990496007,2018-09-23-03-18-28
1.0,113.33566745345843,23.14643028550034,2018-09-23-03-18-28
1.0,113.32693504569556,23.146696615841375,2018-09-23-03-18-28
1.0,113.32992893621447,23.14669092736077,2018-09-23-03-18-28
1.0,113.33641596338451,23.14667880765566,2018-09-23-03-18-28
1.0,113.32543810174207,23.14694937407433,2018-09-23-03-18-28
1.0,113.32618656399256,23.146947944842694,2018-09-23-03-18-28
1.0,113.32668554016381,23.146946992864827,2018-09-23-03-18-28
1.0,113.33017841282813,23.146940356678527,2018-09-23-03-18-28
1.0,113.3306774015612,23.146939413789877,2018-09-23-03-18-28
1.0,113.3339208831236,23.14693332795587,2018-09-23-03-18-28
1.0,113.33541791196839,23.146930549122906,2018-09-23-03-18-28
1.0,113.32518859780893,23.147199752130984,2018-09-23-03-18-28
1.0,113.32543808474331,23.147199275432552,2018-09-23-03-18-28
1.0,113.32568757190948,23.147198798869805,2018-09-23-03-18-28
1.0,113.32693501168607,23.147196418523922,2018-09-23-03-18-28
1.0,113.33067738454132,23.14718931514723,2018-09-23-03-18-28
1.0,113.33092687966973,23.14718884428955,2018-09-23-03-18-28
1.0,113.33242386196285,23.14718602813413,2018-09-23-03-18-28
1.0,113.33616641951177,23.147179069385352,2018-09-23-03-18-28
1.0,113.33691495134522,23.147177694279193,2018-09-23-03-18-28
1.0,113.33741397677203,23.14717678103078,2018-09-23-03-18-28
1.0,113.33566738530027,23.14742989085974,2018-09-23-03-18-28
1.0,113.33691493430058,23.147427595668965,2018-09-23-03-18-28
1.0,113.3319248315311,23.14768676787264,2018-09-23-03-18-28
1.0,113.3314258204496,23.14793760808191,2018-09-23-03-18-28
1.0,113.32967934095915,23.14819080817211,2018-09-23-03-18-28
1.0,113.33142580342606,23.14818750957331,2018-09-23-03-18-28
1.0,113.33766342259517,23.14817593124963,2018-09-23-03-18-28
1.0,113.32493902610678,23.14844973624727,2018-09-23-03-18-28
1.0,113.32967932394243,23.148440709697482,2018-09-23-03-18-28
1.0,113.33142578640235,23.148437411098392,2018-09-23-03-18-28
1.0,113.33641584408443,23.14842811762003,2018-09-23-03-18-28
1.0,113.3359168082826,23.14867893794445,2018-09-23-03-18-28
1.0,113.32643591590838,23.148946680565636,2018-09-23-03-18-28
1.0,113.32843183078646,23.148942879614328,2018-09-23-03-18-28
1.0,113.32942979721855,23.1489409855602,2018-09-23-03-18-28
1.0,113.33017827668034,23.148939568477996,2018-09-23-03-18-28
1.0,113.33491876313246,23.14893068480932,2018-09-23-03-18-28
1.0,113.32468948861023,23.149199917961464,2018-09-23-03-18-28
1.0,113.32518846182096,23.14919896420632,2018-09-23-03-18-28
1.0,113.32543794874722,23.149198487507558,2018-09-23-03-18-28
1.0,113.32967927289125,23.149190414476262,2018-09-23-03-18-28
1.0,113.32992876603973,23.14918994211137,2018-09-23-03-18-28
1.0,113.33516825197809,23.14918012417995,2018-09-23-03-18-28
1.0,113.3251884448217,23.14944886586773,2018-09-23-03-18-28
1.0,113.32893077913518,23.14944173525739,2018-09-23-03-18-28
1.0,113.32543791474653,23.149698290864265,2018-09-23-03-18-28
1.0,113.32568740190258,23.149697814301103,2018-09-23-03-18-28
1.0,113.32693484162864,23.149695433953156,2018-09-23-03-18-28
1.0,113.33417019875705,23.14968178013138,2018-09-23-03-18-28
1.0,113.32543789774594,23.149948192593623,2018-09-23-03-18-28
1.0,113.326685336107,23.149945811381638,2018-09-23-03-18-28
1.0,113.32868125371829,23.149942012355194,2018-09-23-03-18-28
1.0,113.33142568425659,23.149936820959386,2018-09-23-03-18-28
1.0,113.32768327508373,23.15019381165582,2018-09-23-03-18-28
1.0,113.33142566723171,23.150186722721823,2018-09-23-03-18-28
1.0,113.33142565020667,23.150436624518395,2018-09-23-03-18-28
1.0,113.33217414212417,23.150435217068946,2018-09-23-03-18-28
1.0,113.33367114233596,23.15043241517071,2018-09-23-03-18-28
1.0,113.32992866392689,23.150689352585722,2018-09-23-03-18-28
1.0,113.330427651644,23.150688408942383,2018-09-23-03-18-28
1.0,113.33142563318145,23.15068652634916,2018-09-23-03-18-28
1.0,113.33566716376785,23.15067861199975,2018-09-23-03-18-28
1.0,113.33616618091233,23.150677691914172,2018-09-23-03-18-28
1.0,113.33766325210567,23.15067494801504,2018-09-23-03-18-28
1.0,113.33042763462261,23.150938310807554,2018-09-23-03-18-28
1.0,113.33142561615608,23.150936428214166,2018-09-23-03-18-28
1.0,113.33417011357744,23.15093128911224,2018-09-23-03-18-28
1.0,113.33466912168632,23.150930361628802,2018-09-23-03-18-28
1.0,113.33491862682357,23.15092989876899,2018-09-23-03-18-28
1.0,113.33541763933002,23.150928974874386,2018-09-23-03-18-28
1.0,113.32818218708658,23.151192469737392,2018-09-23-03-18-28
1.0,113.32992862988796,23.151189156350537,2018-09-23-03-18-28
1.0,113.33017812350134,23.15118868434351,2018-09-23-03-18-28
1.0,113.3309266073129,23.151187270595102,2018-09-23-03-18-28
1.0,113.33516811566004,23.151179338412124,2018-09-23-03-18-28
1.0,113.32843166065692,23.151441897416618,2018-09-23-03-18-28
1.0,113.32992861286823,23.151439058284453,2018-09-23-03-18-28
1.0,113.33342157256189,23.151432488395386,2018-09-23-03-18-28
1.0,113.32992859584834,23.15168896025278,2018-09-23-03-18-28
1.0,113.32793264584616,23.151942650170056,2018-09-23-03-18-28
1.0,113.32918010078117,23.151940280376813,2018-09-23-03-18-28
1.0,113.32942959301293,23.151939807332127,2018-09-23-03-18-28
1.0,113.3281821190348,23.152192077680922,2018-09-23-03-18-28
1.0,113.328930591966,23.152190655780128,2018-09-23-03-18-28
1.0,113.32967906867161,23.152189236658298,2018-09-23-03-18-28
1.0,113.33192452504903,23.152184999301856,2018-09-23-03-18-28
105.0,113.33766314980396,23.152174359714472,2018-09-23-03-18-28
1.0,113.32818210202144,23.152441979753117,2018-09-23-03-18-28
1.0,113.32843159260044,23.152441505497972,2018-09-23-03-18-28
1.0,113.33516803045583,23.152428848422034,2018-09-23-03-18-28
1.0,113.33716410563665,23.15242517359508,2018-09-23-03-18-28
1.0,113.33741361875903,23.152424717327,2018-09-23-03-18-28
1.0,113.32693463753776,23.15269425696389,2018-09-23-03-18-28
1.0,113.33491850754453,23.152679212783546,2018-09-23-03-18-28
1.0,113.33541752003731,23.15267828888836,2018-09-23-03-18-28
1.0,113.32918003271132,23.15293988873433,2018-09-23-03-18-28
1.0,113.33217397183476,23.152934236923098,2018-09-23-03-18-28
1.0,113.32868103252493,23.153190737951274,2018-09-23-03-18-28
1.0,113.33167495964412,23.153185076950585,2018-09-23-03-18-28
1.0,113.32518817281114,23.1534472971077,2018-09-23-03-18-28
1.0,113.32868101550889,23.153440640162277,2018-09-23-03-18-28
1.0,113.33042746439956,23.153437331355132,2018-09-23-03-18-28
1.0,113.33067695898997,23.153436860101177,2018-09-23-03-18-28
1.0,113.32893048986524,23.153690068733255,2018-09-23-03-18-28
1.0,113.32992845968323,23.15368817724504,2018-09-23-03-18-28
1.0,113.33017795328662,23.1536877052376,2018-09-23-03-18-28
1.0,113.33142542886594,23.15368535100549,2018-09-23-03-18-28
1.0,113.33741353350699,23.153674228200973,2018-09-23-03-18-28
1.0,113.33042743035296,23.153937135881197,2018-09-23-03-18-28
1.0,113.33866177747485,23.143925795790597,2018-09-23-03-18-28
1.0,113.34115700761997,23.143921315900812,2018-09-23-03-18-28
1.0,113.34165606604188,23.143920430421417,2018-09-23-03-18-28
1.0,113.3356676068045,23.144181175383547,2018-09-23-03-18-28
1.0,113.34165604898136,23.144170331379843,2018-09-23-03-18-28
1.0,113.34190557982471,23.144169890030145,2018-09-23-03-18-28
1.0,113.33491906978844,23.144432461277447,2018-09-23-03-18-28
1.0,113.33741416427326,23.144427867940013,2018-09-23-03-18-28
1.0,113.34015886937073,23.144422899595902,2018-09-23-03-18-28
1.0,113.340408393848,23.1444224528412,2018-09-23-03-18-28
1.0,113.34240462777903,23.144418911161424,2018-09-23-03-18-28
1.0,113.3354180653087,23.14468143841011,2018-09-23-03-18-28
1.0,113.33566757272877,23.14468097740082,2018-09-23-03-18-28
1.0,113.33691512178243,23.144678682212348,2018-09-23-03-18-28
1.0,113.34015885231551,23.1446728006202,2018-09-23-03-18-28
1.0,113.34040837679183,23.14467235386546,2018-09-23-03-18-28
1.0,113.34365229328176,23.144666629653074,2018-09-23-03-18-28
1.0,113.34415137458963,23.144665763735375,2018-09-23-03-18-28
1.0,113.34739552668886,23.144660241711776,2018-09-23-03-18-28
1.0,113.33716461703233,23.144928126289244,2018-09-23-03-18-28
1.0,113.33766364420656,23.144927214481765,2018-09-23-03-18-28
1.0,113.33891122785501,23.14492494809514,2018-09-23-03-18-28
1.0,113.3399093118002,23.14492314929111,2018-09-23-03-18-28
1.0,113.33591704684976,23.145180319181218,2018-09-23-03-18-28
1.0,113.33990927769081,23.14542295150448,2018-09-23-03-18-28
1.0,113.34040832562233,23.1454220571358,2018-09-23-03-18-28
1.0,113.33616652175867,23.145679661746613,2018-09-23-03-18-28
1.0,113.33841214048917,23.1456755557084,2018-09-23-03-18-28
1.0,113.3344199579884,23.145932794233005,2018-09-23-03-18-28
1.0,113.33516847347214,23.145931405668318,2018-09-23-03-18-28
1.0,113.3354179801213,23.1459309440301,2018-09-23-03-18-28
1.0,113.33591699573098,23.145930022652035,2018-09-23-03-18-28
1.0,113.33766357602144,23.14592681904226,2018-09-23-03-18-28
1.0,113.3396597211271,23.145923202310925,2018-09-23-03-18-28
1.0,113.33616648767703,23.146179464159783,2018-09-23-03-18-28
1.0,113.33566745345843,23.14643028550034,2018-09-23-03-18-28
1.0,113.33916064507011,23.146423904203882,2018-09-23-03-18-28
1.0,113.33641596338451,23.14667880765566,2018-09-23-03-18-28
1.0,113.33891110849581,23.146674256422678,2018-09-23-03-18-28
1.0,113.33541791196839,23.146930549122906,2018-09-23-03-18-28
1.0,113.33990917535863,23.14692235893987,2018-09-23-03-18-28
1.0,113.33616641951177,23.147179069385352,2018-09-23-03-18-28
1.0,113.33691495134522,23.147177694279193,2018-09-23-03-18-28
1.0,113.33741397677203,23.14717678103078,2018-09-23-03-18-28
1.0,113.33816252148226,23.147175416634674,2018-09-23-03-18-28
1.0,113.34065773171639,23.147170920042182,2018-09-23-03-18-28
1.0,113.33566738530027,23.14742989085974,2018-09-23-03-18-28
1.0,113.33691493430058,23.147427595668965,2018-09-23-03-18-28
1.0,113.34140629744144,23.14741948912381,2018-09-23-03-18-28
1.0,113.34040815504649,23.14792107019455,2018-09-23-03-18-28
1.0,113.33766342259517,23.14817593124963,2018-09-23-03-18-28
1.0,113.33641584408443,23.14842811762003,2018-09-23-03-18-28
1.0,113.34165575892702,23.148418652734474,2018-09-23-03-18-28
1.0,113.3359168082826,23.14867893794445,2018-09-23-03-18-28
1.0,113.33916049158918,23.148673017011724,2018-09-23-03-18-28
1.0,113.33491876313246,23.14893068480932,2018-09-23-03-18-28
1.0,113.3394099950113,23.1489224684839,2018-09-23-03-18-28
1.0,113.33516825197809,23.14918012417995,2018-09-23-03-18-28
1.0,113.33940996090034,23.14942227176807,2018-09-23-03-18-28
1.0,113.34440059268888,23.149413458105904,2018-09-23-03-18-28
1.0,113.34315287539398,23.149665527130665,2018-09-23-03-18-28
1.0,113.34440054146542,23.150163163284486,2018-09-23-03-18-28
1.0,113.34714557566362,23.1504083923311,2018-09-23-03-18-28
1.0,113.33566716376785,23.15067861199975,2018-09-23-03-18-28
1.0,113.33616618091233,23.150677691914172,2018-09-23-03-18-28
1.0,113.33766325210567,23.15067494801504,2018-09-23-03-18-28
1.0,113.33466912168632,23.150930361628802,2018-09-23-03-18-28
1.0,113.33491862682357,23.15092989876899,2018-09-23-03-18-28
1.0,113.33541763933002,23.150928974874386,2018-09-23-03-18-28
1.0,113.3394098585635,23.150921682437527,2018-09-23-03-18-28
1.0,113.33516811566004,23.151179338412124,2018-09-23-03-18-28
1.0,113.33816224867101,23.15117384292086,2018-09-23-03-18-28
1.0,113.3451491079879,23.151161482900605,2018-09-23-03-18-28
1.0,113.346396824136,23.1516591625882,2018-09-23-03-18-28
1.0,113.34489951055937,23.151911616973546,2018-09-23-03-18-28
105.0,113.33766314980396,23.152174359714472,2018-09-23-03-18-28
1.0,113.34489949348156,23.15216151900835,2018-09-23-03-18-28
1.0,113.33516803045583,23.152428848422034,2018-09-23-03-18-28
1.0,113.33716410563665,23.15242517359508,2018-09-23-03-18-28
1.0,113.33741361875903,23.152424717327,2018-09-23-03-18-28
1.0,113.33491850754453,23.152679212783546,2018-09-23-03-18-28
1.0,113.33541752003731,23.15267828888836,2018-09-23-03-18-28
1.0,113.34165546882438,23.152666983839662,2018-09-23-03-18-28
1.0,113.33940968798873,23.15342070297006,2018-09-23-03-18-28
1.0,113.33741353350699,23.153674228200973,2018-09-23-03-18-28
1.0,113.33916015047203,23.153671055334076,2018-09-23-03-18-28
1.0,113.35213747651017,23.143652938727,2018-09-23-03-18-28
1.0,113.35463343270297,23.143649086663032,2018-09-23-03-18-28
1.0,113.35638068740384,23.143896381065012,2018-09-23-03-18-28
1.0,113.34764512035879,23.144160023003053,2018-09-23-03-18-28
1.0,113.35463339849176,23.144148888542652,2018-09-23-03-18-28
1.0,113.35488300345408,23.144148511530272,2018-09-23-03-18-28
1.0,113.35513261016214,23.144148136050845,2018-09-23-03-18-28
1.0,113.35563182886179,23.144147389733547,2018-09-23-03-18-28
1.0,113.35063992985604,23.144405021382017,2018-09-23-03-18-28
1.0,113.3571295109421,23.144395089665952,2018-09-23-03-18-28
1.0,113.34415137458963,23.144665763735375,2018-09-23-03-18-28
1.0,113.34739552668886,23.144660241711776,2018-09-23-03-18-28
1.0,113.35588140665665,23.144646820927253,2018-09-23-03-18-28
1.0,113.35213739102143,23.14490244367425,2018-09-23-03-18-28
1.0,113.3566302363803,23.144895619026812,2018-09-23-03-18-28
1.0,113.35613098623959,23.145146253827857,2018-09-23-03-18-28
2.0,113.3493919741866,23.145656547122563,2018-09-23-03-18-28
1.0,113.34939195709711,23.145906448310303,2018-09-23-03-18-28
1.0,113.34989110064093,23.145905636239387,2018-09-23-03-18-28
1.0,113.3526364663398,23.146401068626826,2018-09-23-03-18-28
1.0,113.34939188873749,23.146906053393575,2018-09-23-03-18-28
1.0,113.34964145975813,23.146905646706873,2018-09-23-03-18-28
1.0,113.35138849946304,23.14690283698836,2018-09-23-03-18-28
1.0,113.35363480772888,23.146899324402703,2018-09-23-03-18-28
1.0,113.35413395428297,23.1476482639786,2018-09-23-03-18-28
1.0,113.35712928844946,23.147643805525156,2018-09-23-03-18-28
1.0,113.35288595513649,23.147900087960778,2018-09-23-03-18-28
1.0,113.35513231931284,23.14839645736563,2018-09-23-03-18-28
1.0,113.35712920286781,23.14889331312874,2018-09-23-03-18-28
1.0,113.34440059268888,23.149413458105904,2018-09-23-03-18-28
1.0,113.35588108153553,23.149394946650965,2018-09-23-03-18-28
1.0,113.35288583541386,23.14964939908424,2018-09-23-03-18-28
1.0,113.34989082715897,23.149904059792025,2018-09-23-03-18-28
1.0,113.34440054146542,23.150163163284486,2018-09-23-03-18-28
1.0,113.34714557566362,23.1504083923311,2018-09-23-03-18-28
1.0,113.3451491079879,23.151161482900605,2018-09-23-03-18-28
1.0,113.35038989122668,23.151152762111238,2018-09-23-03-18-28
1.0,113.3503898741301,23.15140266404168,2018-09-23-03-18-28
1.0,113.35113860995905,23.151401463859344,2018-09-23-03-18-28
1.0,113.346396824136,23.1516591625882,2018-09-23-03-18-28
1.0,113.34789416869124,23.151656651735873,2018-09-23-03-18-28
1.0,113.35088901269856,23.15165176453045,2018-09-23-03-18-28
1.0,113.34489951055937,23.151911616973546,2018-09-23-03-18-28
1.0,113.34939154689914,23.151904086898323,2018-09-23-03-18-28
1.0,113.3501402644091,23.151902870753275,2018-09-23-03-18-28
1.0,113.350639416996,23.151902066594275,2018-09-23-03-18-28
1.0,113.34489949348156,23.15216151900835,2018-09-23-03-18-28
1.0,113.35563124706127,23.152644042110644,2018-09-23-03-18-28
1.0,113.34839317505407,23.153405139169216,2018-09-23-03-18-28
1.0,113.34864274019179,23.153404727385812,2018-09-23-03-18-28
1.0,113.34839315796283,23.15365504141175,2018-09-23-03-18-28
2.0,113.3486427230997,23.1536546296283,2018-09-23-03-18-28
1.0,113.32918003271132,23.15293988873433,2018-09-23-03-18-28
1.0,113.33217397183476,23.152934236923098,2018-09-23-03-18-28
1.0,113.32868103252493,23.153190737951274,2018-09-23-03-18-28
1.0,113.33167495964412,23.153185076950585,2018-09-23-03-18-28
1.0,113.32518817281114,23.1534472971077,2018-09-23-03-18-28
1.0,113.32868101550889,23.153440640162277,2018-09-23-03-18-28
1.0,113.33042746439956,23.153437331355132,2018-09-23-03-18-28
1.0,113.33067695898997,23.153436860101177,2018-09-23-03-18-28
1.0,113.32893048986524,23.153690068733255,2018-09-23-03-18-28
1.0,113.32992845968323,23.15368817724504,2018-09-23-03-18-28
1.0,113.33017795328662,23.1536877052376,2018-09-23-03-18-28
1.0,113.33142542886594,23.15368535100549,2018-09-23-03-18-28
1.0,113.33741353350699,23.153674228200973,2018-09-23-03-18-28
1.0,113.33042743035296,23.153937135881197,2018-09-23-03-18-28
1.0,113.32917994762025,23.154189399963514,2018-09-23-03-18-28
1.0,113.33017791924168,23.154187509833637,2018-09-23-03-18-28
1.0,113.3304274133294,23.15418703819666,2018-09-23-03-18-28
1.0,113.33566692516293,23.154177241241786,2018-09-23-03-18-28
1.0,113.33541740073642,23.15442760460233,2018-09-23-03-18-28
1.0,113.33616592523377,23.154426223504572,2018-09-23-03-18-28
1.0,113.33666494557211,23.154425306079066,2018-09-23-03-18-28
1.0,113.33691445698292,23.15442484839477,2018-09-23-03-18-28
1.0,113.33741348235377,23.15442393514392,2018-09-23-03-18-28
1.0,113.3256870618389,23.154695855425985,2018-09-23-03-18-28
1.0,113.3344193616968,23.154679357195825,2018-09-23-03-18-28
1.0,113.33516787707777,23.154677968626753,2018-09-23-03-18-28
1.0,113.33741346530235,23.15467383752833,2018-09-23-03-18-28
1.0,113.33766297928774,23.154673381986033,2018-09-23-03-18-28
1.0,113.32493858411164,23.154947187934273,2018-09-23-03-18-28
1.0,113.32568704483397,23.154945757847493,2018-09-23-03-18-28
1.0,113.32568702782888,23.155195660304198,2018-09-23-03-18-28
1.0,113.32917987954438,23.15518900957705,2018-09-23-03-18-28
1.0,113.33192432069765,23.15518382645916,2018-09-23-03-18-28
1.0,113.3251880367899,23.155446516060056,2018-09-23-03-18-28
1.0,113.32593649820157,23.155445086380077,2018-09-23-03-18-28
1.0,113.32568699381818,23.155695465323415,2018-09-23-03-18-28
1.0,113.33766291107659,23.155672991875477,2018-09-23-03-18-28
1.0,113.33766289402338,23.15592289443611,2018-09-23-03-18-28
1.0,113.32593644718175,23.156194794067893,2018-09-23-03-18-28
1.0,113.32618593481527,23.156194317812098,2018-09-23-03-18-28
1.0,113.32693439940145,23.156192890130765,2018-09-23-03-18-28
4.0,113.3279323566163,23.156190989551387,2018-09-23-03-18-28
1.0,113.33142525858467,23.156184375389238,2018-09-23-03-18-28
1.0,113.3351677748182,23.15617738367539,2018-09-23-03-18-28
1.0,113.32493848209678,23.156446603205133,2018-09-23-03-18-28
2.0,113.32768284978339,23.156441366971354,2018-09-23-03-18-28
1.0,113.33192423554416,23.156433339267398,2018-09-23-03-18-28
1.0,113.33466874680335,23.156428211424537,2018-09-23-03-18-28
1.0,113.3254374386671,23.156695552350985,2018-09-23-03-18-28
1.0,113.3259364131677,23.156694599370386,2018-09-23-03-18-28
2.0,113.3276828327692,23.156691269640078,2018-09-23-03-18-28
1.0,113.33042724308469,23.156686063287122,2018-09-23-03-18-28
1.0,113.32768281575486,23.156941172344386,2018-09-23-03-18-28
1.0,113.33516772368617,23.156927091677876,2018-09-23-03-18-28
1.0,113.32668484287082,23.15719297657801,2018-09-23-03-18-28
1.0,113.32743330927788,23.157191550118235,2018-09-23-03-18-28
1.0,113.32768279874035,23.157191075084338,2018-09-23-03-18-28
1.0,113.32818177873592,23.157190125769777,2018-09-23-03-18-28
1.0,113.33117569431269,23.15718445616478,2018-09-23-03-18-28
2.0,113.33591622876907,23.157175611394653,2018-09-23-03-18-28
1.0,113.3366647580293,23.157174234250917,2018-09-23-03-18-28
1.0,113.33691426942946,23.157173776566157,2018-09-23-03-18-28
1.0,113.32493841408356,23.157446214095586,2018-09-23-03-18-28
1.0,113.32568687477551,23.157444784007566,2018-09-23-03-18-28
1.0,113.32593636214537,23.157444307591167,2018-09-23-03-18-28
2.0,113.3274332922642,23.157441452893927,2018-09-23-03-18-28
1.0,113.33092618166998,23.157434829391658,2018-09-23-03-18-28
1.0,113.33566670357192,23.15742597453942,2018-09-23-03-18-28
1.0,113.33591621172162,23.15742551416893,2018-09-23-03-18-28
2.0,113.3271837861289,23.15769183097394,2018-09-23-03-18-28
2.0,113.32743327525037,23.157691355705367,2018-09-23-03-18-28
1.0,113.32768276471083,23.15769088067139,2018-09-23-03-18-28
1.0,113.33067666955557,23.157685203061945,2018-09-23-03-18-28
1.0,113.32493838007595,23.15794601975511,2018-09-23-03-18-28
1.0,113.32693428032105,23.157942209312072,2018-09-23-03-18-28
1.0,113.33117564322605,23.157934164597304,2018-09-23-03-18-28
1.0,113.33591617762625,23.1579253198248,2018-09-23-03-18-28
1.0,113.32568682375472,23.158194492550248,2018-09-23-03-18-28
1.0,113.32593631112155,23.158194016133724,2018-09-23-03-18-28
1.0,113.32618579874698,23.158193539877598,2018-09-23-03-18-28
1.0,113.33392011648382,23.158178922932905,2018-09-23-03-18-28
1.0,113.33616566951765,23.158174762989027,2018-09-23-03-18-28
1.0,113.3289301665066,23.158438218101796,2018-09-23-03-18-28
1.0,113.32818167663328,23.158689542960587,2018-09-23-03-18-28
1.0,113.33641512811214,23.15892401279749,2018-09-23-03-18-28
1.0,113.33691415006675,23.15892309673769,2018-09-23-03-18-28
1.0,113.32643521860224,23.159192675687123,2018-09-23-03-18-28
1.0,113.33142505422515,23.159183209337346,2018-09-23-03-18-28
1.0,113.33591609238489,23.15917483459307,2018-09-23-03-18-28
1.0,113.32493827804913,23.1594454375962,2018-09-23-03-18-28
1.0,113.33092604544224,23.159434052884325,2018-09-23-03-18-28
1.0,113.33167453389316,23.15943264279997,2018-09-23-03-18-28
1.0,113.33192401412558,23.159682076743273,2018-09-23-03-18-28
1.0,113.32718363300597,23.159940957895365,2018-09-23-03-18-28
1.0,113.32768261156974,23.15994000759207,2018-09-23-03-18-28
1.0,113.33217349493574,23.159931511179632,2018-09-23-03-18-28
1.0,113.32543720057846,23.160194193480173,2018-09-23-03-18-28
1.0,113.32668463873215,23.160191812259715,2018-09-23-03-18-28
1.0,113.33092599435409,23.160183762289805,2018-09-23-03-18-28
1.0,113.33292197504178,23.16018001111937,2018-09-23-03-18-28
1.0,113.33466849115503,23.160176755199796,2018-09-23-03-18-28
1.0,113.32618564565743,23.160442667450564,2018-09-23-03-18-28
1.0,113.32693411019207,23.16044123976712,2018-09-23-03-18-28
1.0,113.33391996311533,23.160428050494296,2018-09-23-03-18-28
1.0,113.32518767968347,23.1606944766347,2018-09-23-03-18-28
1.0,113.32543716656313,23.160693999934036,2018-09-23-03-18-28
1.0,113.32643511653399,23.160692094611807,2018-09-23-03-18-28
1.0,113.33391994607356,23.160677953738027,2018-09-23-03-18-28
1.0,113.3341694490334,23.16067748913728,2018-09-23-03-18-28
1.0,113.32668458769373,23.160941521994573,2018-09-23-03-18-28
1.0,113.327183564947,23.160940570802047,2018-09-23-03-18-28
1.0,113.32743305405535,23.16094009553294,2018-09-23-03-18-28
1.0,113.3264350825099,23.16119190121124,2018-09-23-03-18-28
1.0,113.32568660264737,23.16144323332342,2018-09-23-03-18-28
1.0,113.3286804709077,23.161437529625363,2018-09-23-03-18-28
1.0,113.32942894620354,23.161436109535533,2018-09-23-03-18-28
1.0,113.33391989494723,23.161427663688286,2018-09-23-03-18-28
1.0,113.32843096295176,23.16168790698882,2018-09-23-03-18-28
1.0,113.32942892917899,23.16168601292624,2018-09-23-03-18-28
1.0,113.33516738276757,23.161925153297798,2018-09-23-03-18-28
1.0,113.33466835479389,23.16217598188011,2018-09-23-03-18-28
1.0,113.32843091188917,23.162437617381823,2018-09-23-03-18-28
1.0,113.334668337748,23.162425885380195,2018-09-23-03-18-28
1.0,113.32618547554212,23.162941701548686,2018-09-23-03-18-28
1.0,113.32668445158397,23.162940749565525,2018-09-23-03-18-28
1.0,113.32693394004643,23.162940273864002,2018-09-23-03-18-28
1.0,113.33940968798873,23.15342070297006,2018-09-23-03-18-28
1.0,113.33741353350699,23.153674228200973,2018-09-23-03-18-28
1.0,113.33916015047203,23.153671055334076,2018-09-23-03-18-28
1.0,113.33566692516293,23.154177241241786,2018-09-23-03-18-28
1.0,113.33791252826445,23.154173122448462,2018-09-23-03-18-28
1.0,113.33816204403453,23.15417266839496,2018-09-23-03-18-28
1.0,113.33541740073642,23.15442760460233,2018-09-23-03-18-28
1.0,113.33616592523377,23.154426223504572,2018-09-23-03-18-28
1.0,113.33666494557211,23.154425306079066,2018-09-23-03-18-28
1.0,113.33691445698292,23.15442484839477,2018-09-23-03-18-28
1.0,113.33741348235377,23.15442393514392,2018-09-23-03-18-28
1.0,113.33791251121129,23.154423024797705,2018-09-23-03-18-28
1.0,113.33516787707777,23.154677968626753,2018-09-23-03-18-28
1.0,113.33741346530235,23.15467383752833,2018-09-23-03-18-28
1.0,113.33766297928774,23.154673381986033,2018-09-23-03-18-28
1.0,113.34714528519858,23.15465672810433,2018-09-23-03-18-28
1.0,113.34614703229032,23.155158216332048,2018-09-23-03-18-28
1.0,113.34664613896167,23.155157372323103,2018-09-23-03-18-28
1.0,113.34714525102304,23.15515653297532,2018-09-23-03-18-28
1.0,113.34614701520584,23.15540811882056,2018-09-23-03-18-28
1.0,113.33766291107659,23.155672991875477,2018-09-23-03-18-28
1.0,113.3461469981212,23.155658021344387,2018-09-23-03-18-28
1.0,113.34689566013792,23.155656757072876,2018-09-23-03-18-28
1.0,113.33766289402338,23.15592289443611,2018-09-23-03-18-28
1.0,113.33791240888877,23.155922439631897,2018-09-23-03-18-28
1.0,113.34315244859592,23.155913080642435,2018-09-23-03-18-28
1.0,113.3463965337019,23.155907501322098,2018-09-23-03-18-28
1.0,113.34689564305044,23.155906659631935,2018-09-23-03-18-28
1.0,113.3351677748182,23.15617738367539,2018-09-23-03-18-28
1.0,113.33841142427035,23.156171434882747,2018-09-23-03-18-28
1.0,113.33891046040303,23.15617053063607,2018-09-23-03-18-28
1.0,113.33965902176247,23.156169180287012,2018-09-23-03-18-28
1.0,113.34589741260928,23.156158250221875,2018-09-23-03-18-28
1.0,113.34639651661604,23.15615740391666,2018-09-23-03-18-28
1.0,113.34664607061566,23.156156982488888,2018-09-23-03-18-28
1.0,113.3468956259628,23.15615656222641,2018-09-23-03-18-28
1.0,113.34739474074959,23.15615572524343,2018-09-23-03-18-28
1.0,113.33466874680335,23.156428211424537,2018-09-23-03-18-28
8.0,113.34664605352874,23.156406885118884,2018-09-23-03-18-28
5.0,113.346895608875,23.156406464856364,2018-09-23-03-18-28
1.0,113.34464964113566,23.156660190862922,2018-09-23-03-18-28
2.0,113.34664603644165,23.156656787784414,2018-09-23-03-18-28
1.0,113.33516772368617,23.156927091677876,2018-09-23-03-18-28
1.0,113.34290284384316,23.156913127756347,2018-09-23-03-18-28
1.0,113.34489916897147,23.156909664303903,2018-09-23-03-18-28
2.0,113.33591622876907,23.157175611394653,2018-09-23-03-18-28
1.0,113.3366647580293,23.157174234250917,2018-09-23-03-18-28
1.0,113.33691426942946,23.157173776566157,2018-09-23-03-18-28
1.0,113.33566670357192,23.15742597453942,2018-09-23-03-18-28
1.0,113.33591621172162,23.15742551416893,2018-09-23-03-18-28
1.0,113.33866083952127,23.15767039868828,2018-09-23-03-18-28
1.0,113.34265325732612,23.157663273586174,2018-09-23-03-18-28
1.0,113.33591617762625,23.1579253198248,2018-09-23-03-18-28
1.0,113.33616566951765,23.158174762989027,2018-09-23-03-18-28
1.0,113.33641512811214,23.15892401279749,2018-09-23-03-18-28
1.0,113.33691415006675,23.15892309673769,2018-09-23-03-18-28
1.0,113.34040740431422,23.1589167683572,2018-09-23-03-18-28
1.0,113.33591609238489,23.15917483459307,2018-09-23-03-18-28
1.0,113.3411559155296,23.159915045675646,2018-09-23-03-18-28
1.0,113.33466849115503,23.160176755199796,2018-09-23-03-18-28
1.0,113.34040731898327,23.160166283843967,2018-09-23-03-18-28
1.0,113.33940921029048,23.16041797918542,2018-09-23-03-18-28
1.0,113.3411558301812,23.16116456188849,2018-09-23-03-18-28
1.0,113.34065675908987,23.161415354353178,2018-09-23-03-18-28
1.0,113.34365114932874,23.161410075990435,2018-09-23-03-18-28
1.0,113.34390068931712,23.161409642510144,2018-09-23-03-18-28
1.0,113.33516738276757,23.161925153297798,2018-09-23-03-18-28
1.0,113.33466835479389,23.16217598188011,2018-09-23-03-18-28
1.0,113.33891005095698,23.162168203706567,2018-09-23-03-18-28
1.0,113.34090623436444,23.162164619625933,2018-09-23-03-18-28
1.0,113.334668337748,23.162425885380195,2018-09-23-03-18-28
1.0,113.33891003389463,23.162418107205937,2018-09-23-03-18-28
1.0,113.34090621729453,23.16241452312497,2018-09-23-03-18-28
1.0,113.34165480311222,23.162413193530274,2018-09-23-03-18-28
1.0,113.35563124706127,23.152644042110644,2018-09-23-03-18-28
1.0,113.34839317505407,23.153405139169216,2018-09-23-03-18-28
1.0,113.34864274019179,23.153404727385812,2018-09-23-03-18-28
1.0,113.34839315796283,23.15365504141175,2018-09-23-03-18-28
2.0,113.3486427230997,23.1536546296283,2018-09-23-03-18-28
1.0,113.34839314087145,23.153904943689195,2018-09-23-03-18-28
1.0,113.34864267182242,23.15440433656549,2018-09-23-03-18-28
1.0,113.34714528519858,23.15465672810433,2018-09-23-03-18-28
1.0,113.34789396362046,23.154655478024022,2018-09-23-03-18-28
1.0,113.34914178934898,23.154653419162766,2018-09-23-03-18-28
1.0,113.34814350880612,23.15490496617847,2018-09-23-03-18-28
1.0,113.3483930725042,23.154904553149283,2018-09-23-03-18-28
1.0,113.35637993435337,23.15489205487943,2018-09-23-03-18-28
1.0,113.34614703229032,23.155158216332048,2018-09-23-03-18-28
1.0,113.34664613896167,23.155157372323103,2018-09-23-03-18-28
1.0,113.34714525102304,23.15515653297532,2018-09-23-03-18-28
1.0,113.34614701520584,23.15540811882056,2018-09-23-03-18-28
1.0,113.3461469981212,23.155658021344387,2018-09-23-03-18-28
1.0,113.34689566013792,23.155656757072876,2018-09-23-03-18-28
1.0,113.3463965337019,23.155907501322098,2018-09-23-03-18-28
1.0,113.34689564305044,23.155906659631935,2018-09-23-03-18-28
1.0,113.34589741260928,23.156158250221875,2018-09-23-03-18-28
1.0,113.34639651661604,23.15615740391666,2018-09-23-03-18-28
1.0,113.34664607061566,23.156156982488888,2018-09-23-03-18-28
1.0,113.3468956259628,23.15615656222641,2018-09-23-03-18-28
1.0,113.34739474074959,23.15615572524343,2018-09-23-03-18-28
8.0,113.34664605352874,23.156406885118884,2018-09-23-03-18-28
5.0,113.346895608875,23.156406464856364,2018-09-23-03-18-28
1.0,113.34464964113566,23.156660190862922,2018-09-23-03-18-28
2.0,113.34664603644165,23.156656787784414,2018-09-23-03-18-28
1.0,113.34489916897147,23.156909664303903,2018-09-23-03-18-28
1.0,113.3511382166332,23.15714921786794,2018-09-23-03-18-28
1.0,113.35088861938817,23.157399519347003,2018-09-23-03-18-28
1.0,113.35138778124053,23.1573987233015,2018-09-23-03-18-28
1.0,113.3476440438398,23.1599038517493,2018-09-23-03-18-28
1.0,113.35138755887363,23.160647462606413,2018-09-23-03-18-28
1.0,113.35637950633901,23.161139626869712,2018-09-23-03-18-28
1.0,113.3508883286235,23.16164787198169,2018-09-23-03-18-28
1.0,113.35363378116227,23.16189346674892,2018-09-23-03-18-28
1.0,113.34939084592101,23.162150099245324,2018-09-23-03-18-28
1.0,113.35038912171447,23.16239838384311,2018-09-23-03-18-28
1.0,113.3506386987385,23.162397982429688,2018-09-23-03-18-28
1.0,113.34914124223675,23.162650314257643,2018-09-23-03-18-28
1.0,113.3496403826864,23.162649499587882,2018-09-23-03-18-28
1.0,113.3501395291195,23.162648690126662,2018-09-23-03-18-28
1.0,113.35063868163354,23.162647885963903,2018-09-23-03-18-28
1.0,113.33516738276757,23.161925153297798,2018-09-23-03-18-28
1.0,113.33466835479389,23.16217598188011,2018-09-23-03-18-28
1.0,113.32843091188917,23.162437617381823,2018-09-23-03-18-28
1.0,113.334668337748,23.162425885380195,2018-09-23-03-18-28
1.0,113.32618547554212,23.162941701548686,2018-09-23-03-18-28
1.0,113.32668445158397,23.162940749565525,2018-09-23-03-18-28
1.0,113.32693394004643,23.162940273864002,2018-09-23-03-18-28
1.0,113.32518750960699,23.1631935111017,2018-09-23-03-18-28
1.0,113.32593597092449,23.163192081417876,2018-09-23-03-18-28
1.0,113.32643494640689,23.16319112907674,2018-09-23-03-18-28
1.0,113.32668443456951,23.163190653177683,2018-09-23-03-18-28
1.0,113.32693392303095,23.163190177476118,2018-09-23-03-18-28
2.0,113.32743290090386,23.163189226714934,2018-09-23-03-18-28
1.0,113.32768239034213,23.163188751680043,2018-09-23-03-18-28
1.0,113.32793188013282,23.163188276892107,2018-09-23-03-18-28
1.0,113.32618544151707,23.16344150881019,2018-09-23-03-18-28
1.0,113.32693388899949,23.16368998481148,2018-09-23-03-18-28
1.0,113.3271833777711,23.163689509319692,2018-09-23-03-18-28
1.0,113.32693387198351,23.16393988853484,2018-09-23-03-18-28
1.0,113.32718336075412,23.16393941304301,2018-09-23-03-18-28
1.0,113.32793182907328,23.16393798795033,2018-09-23-03-18-28
1.0,113.33766234823254,23.16391979538076,2018-09-23-03-18-28
1.0,113.32618539047823,23.16419121998069,2018-09-23-03-18-28
1.0,113.32668436650997,23.164190267997114,2018-09-23-03-18-28
1.0,113.32768232226644,23.164188366498813,2018-09-23-03-18-28
1.0,113.3279318120531,23.16418789171071,2018-09-23-03-18-28
1.0,113.3379118460075,23.164169244333916,2018-09-23-03-18-28
2.0,113.32718332671965,23.164439220601267,2018-09-23-03-18-28
1.0,113.32793177801224,23.164687699343272,2018-09-23-03-18-28
1.0,113.33441867997044,23.164675482000387,2018-09-23-03-18-28
1.0,113.32768227120792,23.164938078003775,2018-09-23-03-18-28
1.0,113.32793176099156,23.164937603215552,2018-09-23-03-18-28
1.0,113.32643477626316,23.1656901672442,2018-09-23-03-18-28
1.0,113.33466811613623,23.165674634255584,2018-09-23-03-18-28
1.0,113.3351671270348,23.165673709135294,2018-09-23-03-18-28
1.0,113.32693373584969,23.165939119665172,2018-09-23-03-18-28
1.0,113.33516710998461,23.165923613156345,2018-09-23-03-18-28
1.0,113.33741269781605,23.165919482040962,2018-09-23-03-18-28
1.0,113.33766221175811,23.165919026496777,2018-09-23-03-18-28
1.0,113.3349175871171,23.166173979473125,2018-09-23-03-18-28
1.0,113.33516709293426,23.166173517215025,2018-09-23-03-18-28
1.0,113.32593574976069,23.16644083176686,2018-09-23-03-18-28
1.0,113.3314245602572,23.16643041305085,2018-09-23-03-18-28
1.0,113.33466806499104,23.166424346431928,2018-09-23-03-18-28
1.0,113.33491757006756,23.166423883569525,2018-09-23-03-18-28
1.0,113.33516707588373,23.166423421311386,2018-09-23-03-18-28
1.0,113.3346680479423,23.166674250566114,2018-09-23-03-18-28
1.0,113.33491755301785,23.166673787703672,2018-09-23-03-18-28
1.0,113.3359155808491,23.166671942418798,2018-09-23-03-18-28
1.0,113.33441852654522,23.1669246181926,2018-09-23-03-18-28
1.0,113.33466803089341,23.166924154738098,2018-09-23-03-18-28
1.0,113.33491753596797,23.166923691875613,2018-09-23-03-18-28
1.0,113.32543672430336,23.167191497271283,2018-09-23-03-18-28
1.0,113.33416900586306,23.167174986436784,2018-09-23-03-18-28
1.0,113.33441850949714,23.16717452240247,2018-09-23-03-18-28
1.0,113.33491751891793,23.167173596085398,2018-09-23-03-18-28
1.0,113.3274326115809,23.167437593829238,2018-09-23-03-18-28
1.0,113.33441849244889,23.167424426650243,2018-09-23-03-18-28
1.0,113.32543669027872,23.167691305807775,2018-09-23-03-18-28
1.0,113.33416897176835,23.167674794970377,2018-09-23-03-18-28
1.0,113.32618513526157,23.16793978089096,2018-09-23-03-18-28
1.0,113.3349174677668,23.1679233089424,2018-09-23-03-18-28
1.0,113.33566598746972,23.16792192402893,2018-09-23-03-18-28
1.0,113.33416893767298,23.168174603656016,2018-09-23-03-18-28
1.0,113.33541646308768,23.16817228940376,2018-09-23-03-18-28
1.0,113.33416892062505,23.168424508055995,2018-09-23-03-18-28
1.0,113.33466792859653,23.168423580566717,2018-09-23-03-18-28
1.0,113.33641448007391,23.168420353644883,2018-09-23-03-18-28
1.0,113.33516692242154,23.16867255988349,2018-09-23-03-18-28
1.0,113.3356659363083,23.168671637228165,2018-09-23-03-18-28
1.0,113.33666397354042,23.168669799706276,2018-09-23-03-18-28
1.0,113.32618506719747,23.16893939857264,2018-09-23-03-18-28
1.0,113.33416888652869,23.168924316970532,2018-09-23-03-18-28
2.0,113.33441839015589,23.168923852935922,2018-09-23-03-18-28
1.0,113.33616493625658,23.16892062161261,2018-09-23-03-18-28
1.0,113.33067588613864,23.16918077196949,2018-09-23-03-18-28
1.0,113.33117487674637,23.169179830654397,2018-09-23-03-18-28
1.0,113.33491738251158,23.169172831132812,2018-09-23-03-18-28
1.0,113.33516688831699,23.169172368874214,2018-09-23-03-18-28
1.0,113.33566590219985,23.16917144621872,2018-09-23-03-18-28
1.0,113.33716296297706,23.169168694024822,2018-09-23-03-18-28
1.0,113.33541637782184,23.169421811784908,2018-09-23-03-18-28
1.0,113.33566588514537,23.16942135077148,2018-09-23-03-18-28
1.0,113.32768194780249,23.169686258748374,2018-09-23-03-18-28
1.0,113.33167383543604,23.169678700164187,2018-09-23-03-18-28
1.0,113.33541636076818,23.169671716376104,2018-09-23-03-18-28
1.0,113.32568600721852,23.17018987421319,2018-09-23-03-18-28
1.0,113.33142430470151,23.170178979065007,2018-09-23-03-18-28
1.0,113.33292129340511,23.17017616836921,2018-09-23-03-18-28
1.0,113.32768189673298,23.17043597275674,2018-09-23-03-18-28
1.0,113.32768187970947,23.17068587750335,2018-09-23-03-18-28
1.0,113.33017679538463,23.17068114276459,2018-09-23-03-18-28
1.0,113.33366976203173,23.17067457914035,2018-09-23-03-18-28
1.0,113.32793135244525,23.170935307499406,2018-09-23-03-18-28
1.0,113.3306757668921,23.170930104652832,2018-09-23-03-18-28
1.0,113.33342024342441,23.17092494962531,2018-09-23-03-18-28
1.0,113.33366974498409,23.17092448392463,2018-09-23-03-18-28
1.0,113.33067574985621,23.17118000947633,2018-09-23-03-18-28
1.0,113.3334202263776,23.171174854448353,2018-09-23-03-18-28
1.0,113.3336697279363,23.17117438874763,2018-09-23-03-18-28
1.0,113.33791135120406,23.171416469760988,2018-09-23-03-18-28
1.0,113.32793130137021,23.17168502208765,2018-09-23-03-18-28
1.0,113.32643435083098,23.171937779221413,2018-09-23-03-18-28
1.0,113.33317067434037,23.171925035381893,2018-09-23-03-18-28
1.0,113.33342017523616,23.17192456915035,2018-09-23-03-18-28
1.0,113.33516738276757,23.161925153297798,2018-09-23-03-18-28
1.0,113.33891005095698,23.162168203706567,2018-09-23-03-18-28
1.0,113.34090623436444,23.162164619625933,2018-09-23-03-18-28
1.0,113.33891003389463,23.162418107205937,2018-09-23-03-18-28
1.0,113.34090621729453,23.16241452312497,2018-09-23-03-18-28
1.0,113.34165480311222,23.162413193530274,2018-09-23-03-18-28
1.0,113.34040713124045,23.162915221124543,2018-09-23-03-18-28
1.0,113.33841092956634,23.16341862582169,2018-09-23-03-18-28
1.0,113.34215379746914,23.163411926131683,2018-09-23-03-18-28
1.0,113.34340147390205,23.163409738633526,2018-09-23-03-18-28
1.0,113.33841091250507,23.163668529505998,2018-09-23-03-18-28
1.0,113.34390053558633,23.16365877433024,2018-09-23-03-18-28
1.0,113.33766234823254,23.16391979538076,2018-09-23-03-18-28
1.0,113.34240329631325,23.163911294080133,2018-09-23-03-18-28
1.0,113.3379118460075,23.164169244333916,2018-09-23-03-18-28
1.0,113.33866039594913,23.164167884468032,2018-09-23-03-18-28
1.0,113.34240327923658,23.164161197838087,2018-09-23-03-18-28
1.0,113.3386603788864,23.16441778826387,2018-09-23-03-18-28
1.0,113.33816132761741,23.164668597907873,2018-09-23-03-18-28
1.0,113.34190418021718,23.164661885332563,2018-09-23-03-18-28
1.0,113.33841082719624,23.16491804848566,2018-09-23-03-18-28
1.0,113.34190416314185,23.164911789202502,2018-09-23-03-18-28
1.0,113.3351671270348,23.165673709135294,2018-09-23-03-18-28
1.0,113.34015741908031,23.1656646096368,2018-09-23-03-18-28
1.0,113.33516710998461,23.165923613156345,2018-09-23-03-18-28
1.0,113.33741269781605,23.165919482040962,2018-09-23-03-18-28
1.0,113.33766221175811,23.165919026496777,2018-09-23-03-18-28
1.0,113.3349175871171,23.166173979473125,2018-09-23-03-18-28
1.0,113.33516709293426,23.166173517215025,2018-09-23-03-18-28
1.0,113.33491757006756,23.166423883569525,2018-09-23-03-18-28
1.0,113.33516707588373,23.166423421311386,2018-09-23-03-18-28
1.0,113.34190406068639,23.16641121320969,2018-09-23-03-18-28
1.0,113.33491755301785,23.166673787703672,2018-09-23-03-18-28
1.0,113.3359155808491,23.166671942418798,2018-09-23-03-18-28
1.0,113.33491753596797,23.166923691875613,2018-09-23-03-18-28
1.0,113.3409059100075,23.16691279246396,2018-09-23-03-18-28
1.0,113.33491751891793,23.167173596085398,2018-09-23-03-18-28
1.0,113.34140491488408,23.16766161789105,2018-09-23-03-18-28
1.0,113.3349174677668,23.1679233089424,2018-09-23-03-18-28
1.0,113.33566598746972,23.16792192402893,2018-09-23-03-18-28
1.0,113.33541646308768,23.16817228940376,2018-09-23-03-18-28
1.0,113.34015724837852,23.1681636515388,2018-09-23-03-18-28
1.0,113.3416544103935,23.168160984289816,2018-09-23-03-18-28
1.0,113.33641448007391,23.168420353644883,2018-09-23-03-18-28
1.0,113.34115533507804,23.168411774176235,2018-09-23-03-18-28
1.0,113.34165439331676,23.168410888688534,2018-09-23-03-18-28
1.0,113.34190392406974,23.168410447334722,2018-09-23-03-18-28
1.0,113.33516692242154,23.16867255988349,2018-09-23-03-18-28
1.0,113.3356659363083,23.168671637228165,2018-09-23-03-18-28
1.0,113.33666397354042,23.168669799706276,2018-09-23-03-18-28
1.0,113.34140484658121,23.168661235409942,2018-09-23-03-18-28
1.0,113.34165437623986,23.168660793125422,2018-09-23-03-18-28
1.0,113.34215343885023,23.16865991136028,2018-09-23-03-18-28
1.0,113.34340111518615,23.168657723857653,2018-09-23-03-18-28
1.0,113.33616493625658,23.16892062161261,2018-09-23-03-18-28
1.0,113.34115530092781,23.16891158308842,2018-09-23-03-18-28
1.0,113.3421534217713,23.168909815835317,2018-09-23-03-18-28
1.0,113.34265248885643,23.168908937887867,2018-09-23-03-18-28
1.0,113.343151560521,23.168908063853063,2018-09-23-03-18-28
1.0,113.33491738251158,23.169172831132812,2018-09-23-03-18-28
1.0,113.33516688831699,23.169172368874214,2018-09-23-03-18-28
1.0,113.33566590219985,23.16917144621872,2018-09-23-03-18-28
1.0,113.33716296297706,23.169168694024822,2018-09-23-03-18-28
1.0,113.34015718009312,23.169163269363956,2018-09-23-03-18-28
1.0,113.34065622988952,23.169162376717125,2018-09-23-03-18-28
1.0,113.34090575634369,23.169161931712086,2018-09-23-03-18-28
1.0,113.33541637782184,23.169421811784908,2018-09-23-03-18-28
1.0,113.33566588514537,23.16942135077148,2018-09-23-03-18-28
1.0,113.34015716302135,23.16941317391596,2018-09-23-03-18-28
1.0,113.34040668740427,23.169412727157034,2018-09-23-03-18-28
1.0,113.34539740824138,23.169403990709196,2018-09-23-03-18-28
1.0,113.33541636076818,23.169671716376104,2018-09-23-03-18-28
1.0,113.34040667033139,23.169662631747393,2018-09-23-03-18-28
1.0,113.34290197286373,23.16965821403013,2018-09-23-03-18-28
1.0,113.34664514768227,23.169651776726546,2018-09-23-03-18-28
1.0,113.34040665325834,23.1699125363762,2018-09-23-03-18-28
1.0,113.34065617866806,23.169912090488122,2018-09-23-03-18-28
1.0,113.3426524205316,23.169908556171084,2018-09-23-03-18-28
1.0,113.3431514921888,23.16990768213594,2018-09-23-03-18-28
1.0,113.34639557663556,23.169902102784427,2018-09-23-03-18-28
1.0,113.34265240344999,23.170158460838007,2018-09-23-03-18-28
1.0,113.34315147510533,23.17015758680278,2018-09-23-03-18-28
1.0,113.34614600692561,23.17015243003464,2018-09-23-03-18-28
1.0,113.34689465169048,23.170401070460397,2018-09-23-03-18-28
1.0,113.34764332579111,23.170399816772516,2018-09-23-03-18-28
1.0,113.34365051727156,23.170656526224047,2018-09-23-03-18-28
1.0,113.34564687146585,23.170653088065997,2018-09-23-03-18-28
1.0,113.34489821216914,23.17090427408604,2018-09-23-03-18-28
1.0,113.34514775829389,23.170903845907194,2018-09-23-03-18-28
1.0,113.34539728859856,23.171153323645065,2018-09-23-03-18-28
1.0,113.33791135120406,23.171416469760988,2018-09-23-03-18-28
1.0,113.34065607622061,23.171411519071178,2018-09-23-03-18-28
1.0,113.34340092725789,23.171406675195442,2018-09-23-03-18-28
1.0,113.34165415422491,23.17190955430389,2018-09-23-03-18-28
1.0,113.34439905532992,23.171904753201748,2018-09-23-03-18-28
1.0,113.3508883286235,23.16164787198169,2018-09-23-03-18-28
1.0,113.35363378116227,23.16189346674892,2018-09-23-03-18-28
1.0,113.34939084592101,23.162150099245324,2018-09-23-03-18-28
1.0,113.35038912171447,23.16239838384311,2018-09-23-03-18-28
1.0,113.3506386987385,23.162397982429688,2018-09-23-03-18-28
1.0,113.34914124223675,23.162650314257643,2018-09-23-03-18-28
1.0,113.3496403826864,23.162649499587882,2018-09-23-03-18-28
1.0,113.3501395291195,23.162648690126662,2018-09-23-03-18-28
1.0,113.35063868163354,23.162647885963903,2018-09-23-03-18-28
1.0,113.34939079461886,23.16289980984868,2018-09-23-03-18-28
1.0,113.35288482599668,23.16439366096411,2018-09-23-03-18-28
1.0,113.35338401366637,23.164392887531427,2018-09-23-03-18-28
1.0,113.35737776418182,23.164386918722524,2018-09-23-03-18-28
1.0,113.35313433342472,23.1656427930464,2018-09-23-03-18-28
1.0,113.35687840039166,23.16613697036543,2018-09-23-03-18-28
1.0,113.35388307109847,23.16639135166473,2018-09-23-03-18-28
1.0,113.35263502927933,23.16739289830183,2018-09-23-03-18-28
1.0,113.35038876249259,23.167646365887922,2018-09-23-03-18-28
1.0,113.35038872827712,23.16814617456803,2018-09-23-03-18-28
1.0,113.35088786672117,23.168395277483295,2018-09-23-03-18-28
1.0,113.35263494370268,23.168642420095566,2018-09-23-03-18-28
1.0,113.34963995509261,23.168897100088028,2018-09-23-03-18-28
1.0,113.35388289990702,23.1688903946809,2018-09-23-03-18-28
1.0,113.35687821197823,23.168885917468856,2018-09-23-03-18-28
1.0,113.34814253433112,23.169149463880135,2018-09-23-03-18-28
1.0,113.34889122959252,23.169148228533093,2018-09-23-03-18-28
1.0,113.34939036704232,23.16914741129064,2018-09-23-03-18-28
1.0,113.34539740824138,23.169403990709196,2018-09-23-03-18-28
1.0,113.34914078047731,23.169397723822545,2018-09-23-03-18-28
1.0,113.34664514768227,23.169651776726546,2018-09-23-03-18-28
1.0,113.34914076337276,23.169647628411404,2018-09-23-03-18-28
1.0,113.34639557663556,23.169902102784427,2018-09-23-03-18-28
1.0,113.34939031572608,23.169897125057137,2018-09-23-03-18-28
1.0,113.35238526842979,23.169892333172996,2018-09-23-03-18-28
1.0,113.35463163570714,23.16988887281503,2018-09-23-03-18-28
1.0,113.34614600692561,23.17015243003464,2018-09-23-03-18-28
1.0,113.35063816840636,23.17014500940293,2018-09-23-03-18-28
1.0,113.34689465169048,23.170401070460397,2018-09-23-03-18-28
1.0,113.34764332579111,23.170399816772516,2018-09-23-03-18-28
1.0,113.35038857429923,23.17039531552186,2018-09-23-03-18-28
1.0,113.35113730993594,23.170394115329547,2018-09-23-03-18-28
1.0,113.35263482388834,23.170391752214037,2018-09-23-03-18-28
1.0,113.34564687146585,23.170653088065997,2018-09-23-03-18-28
1.0,113.34889112696891,23.170647656413138,2018-09-23-03-18-28
1.0,113.35013898172608,23.17064562301531,2018-09-23-03-18-28
1.0,113.35138687448999,23.170643622731745,2018-09-23-03-18-28
1.0,113.35438198119353,23.17063896546461,2018-09-23-03-18-28
1.0,113.35538040422149,23.170637460483523,2018-09-23-03-18-28
1.0,113.34489821216914,23.17090427408604,2018-09-23-03-18-28
1.0,113.34514775829389,23.170903845907194,2018-09-23-03-18-28
1.0,113.35662845576904,23.170885519087555,2018-09-23-03-18-28
1.0,113.34539728859856,23.171153323645065,2018-09-23-03-18-28
1.0,113.34864152623669,23.171147876544833,2018-09-23-03-18-28
1.0,113.35662843863896,23.1711354239066,2018-09-23-03-18-28
1.0,113.35013893039913,23.17139533747595,2018-09-23-03-18-28
1.0,113.35213557767368,23.171392153496594,2018-09-23-03-18-28
1.0,113.35637880416827,23.171385694827713,2018-09-23-03-18-28
1.0,113.35662842150872,23.171385328764423,2018-09-23-03-18-28
1.0,113.35712766168035,23.171384601469615,2018-09-23-03-18-28
1.0,113.35138680603687,23.171643242089306,2018-09-23-03-18-28
1.0,113.35213556055766,23.171642058394042,2018-09-23-03-18-28
1.0,113.35637878703862,23.171635599724404,2018-09-23-03-18-28
1.0,113.33067574985621,23.17118000947633,2018-09-23-03-18-28
1.0,113.3334202263776,23.171174854448353,2018-09-23-03-18-28
1.0,113.3336697279363,23.17117438874763,2018-09-23-03-18-28
1.0,113.33791135120406,23.171416469760988,2018-09-23-03-18-28
1.0,113.32793130137021,23.17168502208765,2018-09-23-03-18-28
1.0,113.32643435083098,23.171937779221413,2018-09-23-03-18-28
1.0,113.33317067434037,23.171925035381893,2018-09-23-03-18-28
1.0,113.33342017523616,23.17192456915035,2018-09-23-03-18-28
1.0,113.32743228816301,23.172185781833285,2018-09-23-03-18-28
1.0,113.33017669317981,23.17218057205566,2018-09-23-03-18-28
1.0,113.32618482895214,23.172438065305382,2018-09-23-03-18-28
1.0,113.32668380491711,23.17243711331908,2018-09-23-03-18-28
1.0,113.32693329334116,23.172436637615988,2018-09-23-03-18-28
1.0,113.32743227113934,23.17243568685174,2018-09-23-03-18-28
1.0,113.32768176054029,23.17243521181532,2018-09-23-03-18-28
1.0,113.32867972180253,23.172433314262847,2018-09-23-03-18-28
1.0,113.32892921309971,23.172432840584854,2018-09-23-03-18-28
1.0,113.32992718261677,23.17243094908421,2018-09-23-03-18-28
1.0,113.33267164038621,23.172425779384103,2018-09-23-03-18-28
1.0,113.33466765577546,23.172422056194076,2018-09-23-03-18-28
1.0,113.33716274118012,23.172417456217783,2018-09-23-03-18-28
1.0,113.32593532436664,23.172688446621617,2018-09-23-03-18-28
1.0,113.32668378789631,23.172687018376713,2018-09-23-03-18-28
1.0,113.32693327631935,23.172686542673578,2018-09-23-03-18-28
1.0,113.32818072338607,23.172684167553093,2018-09-23-03-18-28
1.0,113.33292112295422,23.17267521718454,2018-09-23-03-18-28
1.0,113.33591517151227,23.172669653098044,2018-09-23-03-18-28
1.0,113.32768172649045,23.17293502196935,2018-09-23-03-18-28
1.0,113.32818070635905,23.17293407264958,2018-09-23-03-18-28
1.0,113.3284301968555,23.172933598391037,2018-09-23-03-18-28
1.0,113.3291786707544,23.172932177369173,2018-09-23-03-18-28
1.0,113.32768170946528,23.17318492710507,2018-09-23-03-18-28
1.0,113.32818068933186,23.17318397778521,2018-09-23-03-18-28
1.0,113.32843017982732,23.173183503526634,2018-09-23-03-18-28
1.0,113.32867967071543,23.173183029552103,2018-09-23-03-18-28
1.0,113.32892914497921,23.17343246104871,2018-09-23-03-18-28
1.0,113.32967762142893,23.173431041916313,2018-09-23-03-18-28
1.0,113.33267157220581,23.173425399845463,2018-09-23-03-18-28
1.0,113.3349170926126,23.173421213790537,2018-09-23-03-18-28
1.0,113.32743218601854,23.173685212530824,2018-09-23-03-18-28
1.0,113.32843014577043,23.17368331391551,2018-09-23-03-18-28
1.0,113.32867963665655,23.173682839940895,2018-09-23-03-18-28
1.0,113.32917861966027,23.17368189289327,2018-09-23-03-18-28
1.0,113.326184726837,23.173937496239255,2018-09-23-03-18-28
1.0,113.32867961962684,23.17393274519424,2018-09-23-03-18-28
1.0,113.33017657393326,23.173929908003558,2018-09-23-03-18-28
1.0,113.33466755345654,23.173921487119483,2018-09-23-03-18-28
1.0,113.32693317418502,23.174185973842125,2018-09-23-03-18-28
1.0,113.32743215196905,23.1741850230773,2018-09-23-03-18-28
1.0,113.32818062122145,23.1741835987204,2018-09-23-03-18-28
1.0,113.32843011171288,23.174183124461653,2018-09-23-03-18-28
1.0,113.33591506916302,23.174169084257617,2018-09-23-03-18-28
1.0,113.32892907685607,23.17443208214078,2018-09-23-03-18-28
1.0,113.32942806070606,23.174431135722813,2018-09-23-03-18-28
1.0,113.3379111464167,23.174415331138007,2018-09-23-03-18-28
1.0,113.32793109705507,23.174683883954845,2018-09-23-03-18-28
1.0,113.32917855153242,23.17468151414277,2018-09-23-03-18-28
1.0,113.33566552696279,23.174669355332348,2018-09-23-03-18-28
1.0,113.32793108002772,23.17493378936613,2018-09-23-03-18-28
1.0,113.32843006062531,23.1749328405767,2018-09-23-03-18-28
1.0,113.32892904279349,23.174931892923475,2018-09-23-03-18-28
1.0,113.33616452686032,23.17491834064864,2018-09-23-03-18-28
1.0,113.32818055310838,23.175183220286403,2018-09-23-03-18-28
1.0,113.32618462471586,23.17543692859051,2018-09-23-03-18-28
1.0,113.32668360065657,23.175435976603215,2018-09-23-03-18-28
1.0,113.32693308906848,23.175435500899628,2018-09-23-03-18-28
1.0,113.32743206684242,23.175434550134387,2018-09-23-03-18-28
1.0,113.32818053607969,23.17543312577687,2018-09-23-03-18-28
1.0,113.32693307204467,23.17568540643,2018-09-23-03-18-28
1.0,113.32718256076781,23.175684930936225,2018-09-23-03-18-28
1.0,113.3274320498166,23.175684455664676,2018-09-23-03-18-28
1.0,113.32793102894469,23.175683505837714,2018-09-23-03-18-28
1.0,113.32892899169838,23.175681609394566,2018-09-23-03-18-28
1.0,113.33317041862543,23.175673614178443,2018-09-23-03-18-28
1.0,113.33591496680776,23.175668516836517,2018-09-23-03-18-28
1.0,113.3269330550207,23.17593531200012,2018-09-23-03-18-28
1.0,113.33267140174314,23.175924453754888,2018-09-23-03-18-28
1.0,113.33292090134313,23.175923986498148,2018-09-23-03-18-28
1.0,113.33541593437221,23.175919343793247,2018-09-23-03-18-28
1.0,113.33691299011726,23.175916587564085,2018-09-23-03-18-28
1.0,113.33791104401399,23.175914763952584,2018-09-23-03-18-28
1.0,113.332421885717,23.176174827114455,2018-09-23-03-18-28
1.0,113.33267138469596,23.176174359363856,2018-09-23-03-18-28
1.0,113.33691297305342,23.176166493172346,2018-09-23-03-18-28
1.0,113.33766151215879,23.17616512436829,2018-09-23-03-18-28
1.0,113.3309248870757,23.176427548947913,2018-09-23-03-18-28
1.0,113.33741198119029,23.176415485562234,2018-09-23-03-18-28
1.0,113.33766149509188,23.176415030016283,2018-09-23-03-18-28
1.0,113.33791100987843,23.17641457520863,2018-09-23-03-18-28
1.0,113.33516637666864,23.176669522381772,2018-09-23-03-18-28
1.0,113.33616440743495,23.176667679629485,2018-09-23-03-18-28
1.0,113.33791099281038,23.17666448089649,2018-09-23-03-18-28
1.0,113.32618452258875,23.176936362370807,2018-09-23-03-18-28
1.0,113.33192283843209,23.176925481114534,2018-09-23-03-18-28
1.0,113.33217233620807,23.176925012413093,2018-09-23-03-18-28
1.0,113.33591488150712,23.17691804507822,2018-09-23-03-18-28
1.0,113.33641390004581,23.17691712630232,2018-09-23-03-18-28
1.0,113.33716243403006,23.176915753250285,2018-09-23-03-18-28
1.0,113.3374119470579,23.17691529697809,2018-09-23-03-18-28
1.0,113.33766146095756,23.17691484143206,2018-09-23-03-18-28
1.0,113.33791097574218,23.17691438662432,2018-09-23-03-18-28
1.0,113.33641388298324,23.17716703207042,2018-09-23-03-18-28
1.0,113.3379109586738,23.177164292392163,2018-09-23-03-18-28
1.0,113.33366930168702,23.17742202206557,2018-09-23-03-18-28
1.0,113.33691288773169,23.177416021812594,2018-09-23-03-18-28
2.0,113.33092480187125,23.177677077793255,2018-09-23-03-18-28
2.0,113.33117429740446,23.177676607338086,2018-09-23-03-18-28
1.0,113.33366928463488,23.177671927914325,2018-09-23-03-18-28
1.0,113.33666334228202,23.177916291237434,2018-09-23-03-18-28
1.0,113.33766139268693,23.177914464744262,2018-09-23-03-18-28
1.0,113.33791090746769,23.177914009936355,2018-09-23-03-18-28
1.0,113.32743187954917,23.178183513162683,2018-09-23-03-18-28
1.0,113.33516627432093,23.17816895735286,2018-09-23-03-18-28
1.0,113.32693288477182,23.178434369899406,2018-09-23-03-18-28
1.0,113.3311742462768,23.178426325126896,2018-09-23-03-18-28
1.0,113.33566527107298,23.178417940663476,2018-09-23-03-18-28
1.0,113.3361642880014,23.178417020568606,2018-09-23-03-18-28
1.0,113.33666330815342,23.17841610313506,2018-09-23-03-18-28
1.0,113.3376613585506,23.17841427664155,2018-09-23-03-18-28
1.0,113.32568542860666,23.17868665628225,2018-09-23-03-18-28
1.0,113.32693286774601,23.178684275910328,2018-09-23-03-18-28
1.0,113.32718235645702,23.178683800416056,2018-09-23-03-18-28
1.0,113.32743184549368,23.17868332514401,2018-09-23-03-18-28
1.0,113.33641378060429,23.178666467522415,2018-09-23-03-18-28
1.0,113.3371623145682,23.178665094469494,2018-09-23-03-18-28
1.0,113.33741182758928,23.17866463819701,2018-09-23-03-18-28
1.0,113.32693285072004,23.17893418196164,2018-09-23-03-18-28
1.0,113.3296772466523,23.178928965786774,2018-09-23-03-18-28
1.0,113.33092471666264,23.1789266076431,2018-09-23-03-18-28
1.0,113.33192270206843,23.178924728390367,2018-09-23-03-18-28
1.0,113.33466721235007,23.178919600506273,2018-09-23-03-18-28
1.0,113.33666327402416,23.17891591519405,2018-09-23-03-18-28
1.0,113.33716229750155,23.178915000519105,2018-09-23-03-18-28
1.0,113.33741181052166,23.178914544246577,2018-09-23-03-18-28
1.0,113.33766132441362,23.178914088700207,2018-09-23-03-18-28
1.0,113.33192268502222,23.179174634481296,2018-09-23-03-18-28
1.0,113.33217218278925,23.179174165779482,2018-09-23-03-18-28
1.0,113.33491670031952,23.179169043732216,2018-09-23-03-18-28
1.0,113.33566521989052,23.179167658813107,2018-09-23-03-18-28
1.0,113.33616423681308,23.17916673871799,2018-09-23-03-18-28
53.0,113.33666325695928,23.179165821284187,2018-09-23-03-18-28
40.0,113.33691276827425,23.179165363595743,2018-09-23-03-18-28
1.0,113.33716228043474,23.17916490660916,2018-09-23-03-18-28
1.0,113.33766130734486,23.179163994790176,2018-09-23-03-18-28
1.0,113.33791082212082,23.17916353998206,2018-09-23-03-18-28
1.0,113.32718230537557,23.179433518691273,2018-09-23-03-18-28
1.0,113.32743179440921,23.179433043419102,2018-09-23-03-18-28
1.0,113.32917822788876,23.179429723774888,2018-09-23-03-18-28
1.0,113.33142367417037,23.179425479374785,2018-09-23-03-18-28
1.0,113.33317016287295,23.17942220191856,2018-09-23-03-18-28
1.0,113.33391866746464,23.17942080482455,2018-09-23-03-18-28
16.0,113.33666323989424,23.17941572741483,2018-09-23-03-18-28
6.0,113.33691275120823,23.179415269726345,2018-09-23-03-18-28
1.0,113.33741177638592,23.179414356467106,2018-09-23-03-18-28
1.0,113.32743177738071,23.17968294959184,2018-09-23-03-18-28
1.0,113.33666322282902,23.17966563358603,2018-09-23-03-18-28
1.0,113.3371622463006,23.179664718910832,2018-09-23-03-18-28
1.0,113.32718227132044,23.179933331077436,2018-09-23-03-18-28
1.0,113.32967717850242,23.179928590395225,2018-09-23-03-18-28
1.0,113.3344176398236,23.17991968856807,2018-09-23-03-18-28
1.0,113.33766125613762,23.17991371330332,2018-09-23-03-18-28
1.0,113.32518635264566,23.180187046471254,2018-09-23-03-18-28
1.0,113.3336691141043,23.180170988620645,2018-09-23-03-18-28
1.0,113.33766123906821,23.18016361955562,2018-09-23-03-18-28
1.0,113.33791075384032,23.180163164747334,2018-09-23-03-18-28
1.0,113.33192259978867,23.18042416554456,2018-09-23-03-18-28
1.0,113.33741170811246,23.18041398139526,2018-09-23-03-18-28
1.0,113.33791073676977,23.180413071040313,2018-09-23-03-18-28
1.0,113.3254358054043,23.180686382398243,2018-09-23-03-18-28
1.0,113.33292057739926,23.180672199935504,2018-09-23-03-18-28
1.0,113.33691266587564,23.180664800988744,2018-09-23-03-18-28
1.0,113.32518630158552,23.1809367654789,2018-09-23-03-18-28
1.0,113.32543578838306,23.18093628877489,2018-09-23-03-18-28
1.0,113.3266832261166,23.18093390753728,2018-09-23-03-18-28
1.0,113.33292056034792,23.180922106310906,2018-09-23-03-18-28
1.0,113.33317006056143,23.180921639559454,2018-09-23-03-18-28
1.0,113.34489821216914,23.17090427408604,2018-09-23-03-18-28
1.0,113.34514775829389,23.170903845907194,2018-09-23-03-18-28
1.0,113.34539728859856,23.171153323645065,2018-09-23-03-18-28
1.0,113.33791135120406,23.171416469760988,2018-09-23-03-18-28
1.0,113.34065607622061,23.171411519071178,2018-09-23-03-18-28
1.0,113.34340092725789,23.171406675195442,2018-09-23-03-18-28
1.0,113.34165415422491,23.17190955430389,2018-09-23-03-18-28
1.0,113.34439905532992,23.171904753201748,2018-09-23-03-18-28
1.0,113.33716274118012,23.172417456217783,2018-09-23-03-18-28
1.0,113.34240271561225,23.172408043073155,2018-09-23-03-18-28
1.0,113.34514765574279,23.17240327541627,2018-09-23-03-18-28
1.0,113.34564675181088,23.172402422356807,2018-09-23-03-18-28
1.0,113.34739362957899,23.172399472504477,2018-09-23-03-18-28
1.0,113.33591517151227,23.172669653098044,2018-09-23-03-18-28
1.0,113.3436503805804,23.172655765572035,2018-09-23-03-18-28
1.0,113.34414946168366,23.172654899644773,2018-09-23-03-18-28
1.0,113.34439900406126,23.17265446824863,2018-09-23-03-18-28
1.0,113.34539718604105,23.17265275338735,2018-09-23-03-18-28
1.0,113.339907400645,23.17291228931867,2018-09-23-03-18-28
1.0,113.34290175077975,23.17290697721792,2018-09-23-03-18-28
1.0,113.34664492542164,23.17290053990599,2018-09-23-03-18-28
1.0,113.34714403735731,23.17289970055208,2018-09-23-03-18-28
1.0,113.34190359956229,23.173158638225164,2018-09-23-03-18-28
1.0,113.34489805834836,23.17315341887644,2018-09-23-03-18-28
1.0,113.34514760446498,23.173152990697208,2018-09-23-03-18-28
1.0,113.34539715185387,23.173152563613673,2018-09-23-03-18-28
1.0,113.34589625049894,23.173151712780278,2018-09-23-03-18-28
1.0,113.3466449083235,23.173150445038512,2018-09-23-03-18-28
1.0,113.3473935782771,23.173149187784254,2018-09-23-03-18-28
1.0,113.3478926984842,23.173148355594613,2018-09-23-03-18-28
1.0,113.3349170926126,23.173421213790537,2018-09-23-03-18-28
1.0,113.33915880240578,23.17341344751438,2018-09-23-03-18-28
1.0,113.34040641421812,23.17341120524709,2018-09-23-03-18-28
1.0,113.34265218137368,23.173407225036634,2018-09-23-03-18-28
1.0,113.34489804125633,23.173403324048476,2018-09-23-03-18-28
1.0,113.34564668343293,23.173402042809396,2018-09-23-03-18-28
1.0,113.34639533728689,23.173400771640992,2018-09-23-03-18-28
1.0,113.34689444651116,23.1733999299448,2018-09-23-03-18-28
1.0,113.338160713311,23.173665161207644,2018-09-23-03-18-28
1.0,113.33841022991743,23.173664707913385,2018-09-23-03-18-28
1.0,113.33940830571719,23.17366290260334,2018-09-23-03-18-28
1.0,113.34365031223082,23.173655386182723,2018-09-23-03-18-28
1.0,113.34389985217436,23.173654952700343,2018-09-23-03-18-28
1.0,113.34439893570071,23.173654088858804,2018-09-23-03-18-28
1.0,113.34539711766602,23.17365237399684,2018-09-23-03-18-28
1.0,113.34589621630751,23.173651523163272,2018-09-23-03-18-28
1.0,113.34614576758709,23.173651099436565,2018-09-23-03-18-28
1.0,113.34664487412671,23.173650255421247,2018-09-23-03-18-28
1.0,113.34714398605706,23.173649416067082,2018-09-23-03-18-28
1.0,113.33890924884629,23.173913708912448,2018-09-23-03-18-28
1.0,113.34215308015753,23.17390791344847,2018-09-23-03-18-28
1.0,113.34240261311552,23.173907473990734,2018-09-23-03-18-28
1.0,113.34265214720557,23.173907035499315,2018-09-23-03-18-28
1.0,113.3441493762371,23.173904425505864,2018-09-23-03-18-28
1.0,113.34539710057184,23.17390227924737,2018-09-23-03-18-28
1.0,113.34564664924295,23.173901853271055,2018-09-23-03-18-28
1.0,113.34589619921154,23.173901428413718,2018-09-23-03-18-28
1.0,113.34614575049022,23.173901004686968,2018-09-23-03-18-28
1.0,113.34639530309154,23.17390058210239,2018-09-23-03-18-28
1.0,113.34689441231225,23.173899740406025,2018-09-23-03-18-28
1.0,113.33591506916302,23.174169084257617,2018-09-23-03-18-28
1.0,113.33816067917653,23.17416497175054,2018-09-23-03-18-28
1.0,113.33865971330985,23.174164065936473,2018-09-23-03-18-28
1.0,113.33940827157315,23.17416271314581,2018-09-23-03-18-28
1.0,113.34215306307509,23.174157818738927,2018-09-23-03-18-28
1.0,113.34365027805502,23.174155196723756,2018-09-23-03-18-28
1.0,113.34389981799673,23.17415476324129,2018-09-23-03-18-28
1.0,113.34539708347751,23.174152184537274,2018-09-23-03-18-28
1.0,113.3456466321477,23.174151758560914,2018-09-23-03-18-28
1.0,113.34614573339319,23.174150909976742,2018-09-23-03-18-28
1.0,113.34689439521256,23.17414964569567,2018-09-23-03-18-28
1.0,113.3379111464167,23.174415331138007,2018-09-23-03-18-28
1.0,113.34389980090766,23.174404668570876,2018-09-23-03-18-28
1.0,113.3441493420573,23.174404236125525,2018-09-23-03-18-28
1.0,113.34439888442854,23.17440380472908,2018-09-23-03-18-28
1.0,113.34489797288651,23.174402945129795,2018-09-23-03-18-28
1.0,113.34514751899862,23.17440251695035,2018-09-23-03-18-28
1.0,113.3468943781127,23.174399551024745,2018-09-23-03-18-28
1.0,113.34714393475531,23.174399131935942,2018-09-23-03-18-28
1.0,113.34789261296892,23.174397881845387,2018-09-23-03-18-28
1.0,113.33566552696279,23.174669355332348,2018-09-23-03-18-28
1.0,113.34065585423048,23.17466028581225,2018-09-23-03-18-28
1.0,113.34389978381843,23.17465457393994,2018-09-23-03-18-28
1.0,113.34439886733749,23.17465371009806,2018-09-23-03-18-28
1.0,113.34464841094207,23.174653279762204,2018-09-23-03-18-28
1.0,113.34489795579364,23.17465285049869,2018-09-23-03-18-28
1.0,113.34589614792262,23.1746511444015,2018-09-23-03-18-28
1.0,113.34639525179726,23.174650298089915,2018-09-23-03-18-28
1.0,113.34664480573112,23.174649876658957,2018-09-23-03-18-28
1.0,113.33616452686032,23.17491834064864,2018-09-23-03-18-28
1.0,113.33865966210112,23.174913782046392,2018-09-23-03-18-28
1.0,113.33965774170991,23.174911979954707,2018-09-23-03-18-28
1.0,113.34414930787685,23.174904046903105,2018-09-23-03-18-28
1.0,113.34439885024626,23.174903615506576,2018-09-23-03-18-28
1.0,113.3451474848109,23.174902327727587,2018-09-23-03-18-28
1.0,113.34539703219347,23.174901900643754,2018-09-23-03-18-28
1.0,113.34764301796547,23.174898108111165,2018-09-23-03-18-28
1.0,113.34015677032451,23.175160989319007,2018-09-23-03-18-28
1.0,113.34290159701274,23.175156124832515,2018-09-23-03-18-28
1.0,113.34464837675763,23.175153090618736,2018-09-23-03-18-28
1.0,113.3448979216074,23.175152661355135,2018-09-23-03-18-28
1.0,113.34514746771679,23.17515223317556,2018-09-23-03-18-28
1.0,113.34539701509846,23.175151806091684,2018-09-23-03-18-28
1.0,113.34564656376506,23.175151380115157,2018-09-23-03-18-28
1.0,113.34589611372917,23.175150955257603,2018-09-23-03-18-28
1.0,113.34639521760025,23.17515010894585,2018-09-23-03-18-28
1.0,113.3384101104371,23.175414045504123,2018-09-23-03-18-28
1.0,113.33890914642261,23.17541314125096,2018-09-23-03-18-28
1.0,113.33915866583457,23.17541269031651,2018-09-23-03-18-28
1.0,113.33990722990417,23.17541134242635,2018-09-23-03-18-28
1.0,113.34015675324873,23.17541089480747,2018-09-23-03-18-28
1.0,113.34464835966517,23.175402996106435,2018-09-23-03-18-28
1.0,113.34589609663219,23.175400860745086,2018-09-23-03-18-28
1.0,113.33591496680776,23.175668516836517,2018-09-23-03-18-28
1.0,113.33816057676906,23.175664404327176,2018-09-23-03-18-28
1.0,113.33841009336781,23.17566395103258,2018-09-23-03-18-28
1.0,113.33865961089089,23.175663498512606,2018-09-23-03-18-28
1.0,113.3389091293514,23.175663046779334,2018-09-23-03-18-28
1.0,113.33915864876242,23.17566259584484,2018-09-23-03-18-28
1.0,113.33990721282916,23.175661247954555,2018-09-23-03-18-28
1.0,113.34015673617279,23.17566080033563,2018-09-23-03-18-28
1.0,113.34115483983422,23.17565901856919,2018-09-23-03-18-28
1.0,113.3414043683862,23.175658575364736,2018-09-23-03-18-28
1.0,113.34489788742049,23.175652472370146,2018-09-23-03-18-28
1.0,113.34714384924902,23.175648659174357,2018-09-23-03-18-28
1.0,113.33541593437221,23.175919343793247,2018-09-23-03-18-28
1.0,113.33691299011726,23.175916587564085,2018-09-23-03-18-28
1.0,113.33791104401399,23.175914763952584,2018-09-23-03-18-28
1.0,113.33816055970055,23.175914309895425,2018-09-23-03-18-28
1.0,113.34489787032678,23.17590237793725,2018-09-23-03-18-28
1.0,113.34539696381242,23.17590152267354,2018-09-23-03-18-28
1.0,113.33691297305342,23.176166493172346,2018-09-23-03-18-28
1.0,113.33766151215879,23.17616512436829,2018-09-23-03-18-28
1.0,113.3381605426319,23.176164215503473,2018-09-23-03-18-28
1.0,113.33865957674989,23.176163309688736,2018-09-23-03-18-28
1.0,113.33965765633964,23.176161507596206,2018-09-23-03-18-28
1.0,113.33990717867866,23.176161059130262,2018-09-23-03-18-28
1.0,113.34140433422439,23.17615838653994,2018-09-23-03-18-28
1.0,113.34165386385502,23.176157944254147,2018-09-23-03-18-28
1.0,113.33741198119029,23.176415485562234,2018-09-23-03-18-28
1.0,113.33766149509188,23.176415030016283,2018-09-23-03-18-28
1.0,113.33791100987843,23.17641457520863,2018-09-23-03-18-28
1.0,113.33816052556307,23.176414121151385,2018-09-23-03-18-28
1.0,113.33865955967916,23.176413215336563,2018-09-23-03-18-28
1.0,113.34065573468563,23.176409624509546,2018-09-23-03-18-28
1.0,113.34115478859407,23.17640873539188,2018-09-23-03-18-28
1.0,113.34489783613884,23.17640218919092,2018-09-23-03-18-28
1.0,113.33516637666864,23.176669522381772,2018-09-23-03-18-28
1.0,113.33616440743495,23.176667679629485,2018-09-23-03-18-28
1.0,113.33791099281038,23.17666448089649,2018-09-23-03-18-28
1.0,113.33816050849407,23.176664026839205,2018-09-23-03-18-28
1.0,113.33890906106494,23.17666266929086,2018-09-23-03-18-28
1.0,113.33965762219036,23.176661318931433,2018-09-23-03-18-28
1.0,113.33990714452747,23.176660870465405,2018-09-23-03-18-28
1.0,113.3401566678673,23.176660422846314,2018-09-23-03-18-28
1.0,113.34165382969067,23.176657755588696,2018-09-23-03-18-28
1.0,113.34464827420031,23.176652524141453,2018-09-23-03-18-28
1.0,113.34489781904463,23.176652094877596,2018-09-23-03-18-28
1.0,113.34514736514859,23.176651666697765,2018-09-23-03-18-28
1.0,113.34614556241364,23.176649965051812,2018-09-23-03-18-28
1.0,113.34639511500515,23.176649542466762,2018-09-23-03-18-28
1.0,113.34689422420632,23.17664870076945,2018-09-23-03-18-28
1.0,113.33591488150712,23.17691804507822,2018-09-23-03-18-28
1.0,113.33641390004581,23.17691712630232,2018-09-23-03-18-28
1.0,113.33716243403006,23.176915753250285,2018-09-23-03-18-28
1.0,113.3374119470579,23.17691529697809,2018-09-23-03-18-28
1.0,113.33766146095756,23.17691484143206,2018-09-23-03-18-28
1.0,113.33791097574218,23.17691438662432,2018-09-23-03-18-28
1.0,113.3381604914249,23.17691393256699,2018-09-23-03-18-28
1.0,113.3389090439929,23.176912575018516,2018-09-23-03-18-28
1.0,113.33915856339914,23.176912124083813,2018-09-23-03-18-28
1.0,113.33965760511548,23.176911224658962,2018-09-23-03-18-28
1.0,113.34040617514512,23.176909881813568,2018-09-23-03-18-28
1.0,113.34439871351043,23.176902860204375,2018-09-23-03-18-28
1.0,113.33641388298324,23.17716703207042,2018-09-23-03-18-28
1.0,113.3379109586738,23.177164292392163,2018-09-23-03-18-28
1.0,113.33816047435558,23.177163838334796,2018-09-23-03-18-28
1.0,113.33840999094858,23.177163385039947,2018-09-23-03-18-28
1.0,113.33865950846591,23.177162932519717,2018-09-23-03-18-28
1.0,113.33890902692069,23.177162480786198,2018-09-23-03-18-28
1.0,113.33915854632599,23.177162029851452,2018-09-23-03-18-28
1.0,113.33990711037563,23.177160681960405,2018-09-23-03-18-28
1.0,113.34564642699173,23.177150625129887,2018-09-23-03-18-28
1.0,113.33691288773169,23.177416021812594,2018-09-23-03-18-28
1.0,113.33840997387811,23.177413290847785,2018-09-23-03-18-28
1.0,113.33890900984832,23.177412386593947,2018-09-23-03-18-28
1.0,113.33915852925266,23.17741193565916,2018-09-23-03-18-28
1.0,113.33965757096519,23.17741103623414,2018-09-23-03-18-28
1.0,113.33990709329946,23.177410587767987,2018-09-23-03-18-28
1.0,113.34040614098916,23.177409693388494,2018-09-23-03-18-28
1.0,113.34464822291939,23.177402241441612,2018-09-23-03-18-28
1.0,113.33890899277579,23.177662292441823,2018-09-23-03-18-28
1.0,113.33915851217917,23.177661841506993,2018-09-23-03-18-28
1.0,113.34190329207846,23.177656937382416,2018-09-23-03-18-28
1.0,113.33666334228202,23.177916291237434,2018-09-23-03-18-28
1.0,113.33766139268693,23.177914464744262,2018-09-23-03-18-28
1.0,113.33791090746769,23.177914009936355,2018-09-23-03-18-28
1.0,113.33890897570308,23.17791219832988,2018-09-23-03-18-28
1.0,113.33965753681423,23.17791084796982,2018-09-23-03-18-28
1.0,113.33516627432093,23.17816895735286,2018-09-23-03-18-28
1.0,113.33990704206992,23.178160305431707,2018-09-23-03-18-28
1.0,113.3421527897332,23.17815630878485,2018-09-23-03-18-28
1.0,113.34240232267541,23.178155869326392,2018-09-23-03-18-28
1.0,113.34265185674971,23.178155430834252,2018-09-23-03-18-28
1.0,113.34789235639795,23.17814646654664,2018-09-23-03-18-28
1.0,113.33566527107298,23.178417940663476,2018-09-23-03-18-28
1.0,113.3361642880014,23.178417020568606,2018-09-23-03-18-28
1.0,113.33666330815342,23.17841610313506,2018-09-23-03-18-28
1.0,113.3376613585506,23.17841427664155,2018-09-23-03-18-28
1.0,113.3421527726479,23.178406214752876,2018-09-23-03-18-28
1.0,113.33641378060429,23.178666467522415,2018-09-23-03-18-28
1.0,113.3371623145682,23.178665094469494,2018-09-23-03-18-28
1.0,113.33741182758928,23.17866463819701,2018-09-23-03-18-28
1.0,113.33915844388353,23.17866146530067,2018-09-23-03-18-28
1.0,113.33666327402416,23.17891591519405,2018-09-23-03-18-28
1.0,113.33716229750155,23.178915000519105,2018-09-23-03-18-28
1.0,113.33741181052166,23.178914544246577,2018-09-23-03-18-28
1.0,113.33766132441362,23.178914088700207,2018-09-23-03-18-28
1.0,113.33816035486556,23.178913179834467,2018-09-23-03-18-28
1.0,113.33840987145186,23.178912726539323,2018-09-23-03-18-28
1.0,113.33965746851032,23.178910471924418,2018-09-23-03-18-28
1.0,113.33491670031952,23.179169043732216,2018-09-23-03-18-28
1.0,113.33566521989052,23.179167658813107,2018-09-23-03-18-28
1.0,113.33616423681308,23.17916673871799,2018-09-23-03-18-28
53.0,113.33666325695928,23.179165821284187,2018-09-23-03-18-28
40.0,113.33691276827425,23.179165363595743,2018-09-23-03-18-28
1.0,113.33716228043474,23.17916490660916,2018-09-23-03-18-28
1.0,113.33766130734486,23.179163994790176,2018-09-23-03-18-28
1.0,113.33791082212082,23.17916353998206,2018-09-23-03-18-28
1.0,113.3381603377949,23.17916308592435,2018-09-23-03-18-28
1.0,113.3386593718899,23.179162180108605,2018-09-23-03-18-28
16.0,113.33666323989424,23.17941572741483,2018-09-23-03-18-28
6.0,113.33691275120823,23.179415269726345,2018-09-23-03-18-28
1.0,113.33741177638592,23.179414356467106,2018-09-23-03-18-28
1.0,113.33840983730843,23.179412538759518,2018-09-23-03-18-28
1.0,113.33666322282902,23.17966563358603,2018-09-23-03-18-28
1.0,113.3371622463006,23.179664718910832,2018-09-23-03-18-28
1.0,113.33865933774423,23.179661992409773,2018-09-23-03-18-28
1.0,113.33890885618946,23.17966154067583,2018-09-23-03-18-28
1.0,113.3394078959446,23.179660639616333,2018-09-23-03-18-28
1.0,113.33766125613762,23.17991371330332,2018-09-23-03-18-28
1.0,113.33890883911542,23.179911446887257,2018-09-23-03-18-28
1.0,113.33965740020373,23.179910096526186,2018-09-23-03-18-28
1.0,113.33766123906821,23.18016361955562,2018-09-23-03-18-28
1.0,113.33791075384032,23.180163164747334,2018-09-23-03-18-28
1.0,113.34364986789319,23.180152935640326,2018-09-23-03-18-28
1.0,113.33741170811246,23.18041398139526,2018-09-23-03-18-28
1.0,113.33791073676977,23.180413071040313,2018-09-23-03-18-28
1.0,113.33691266587564,23.180664800988744,2018-09-23-03-18-28
1.0,113.33865926945089,23.18066161749984,2018-09-23-03-18-28
1.0,113.3389087878923,23.18066116576573,2018-09-23-03-18-28
1.0,113.33816021829553,23.180912429690622,2018-09-23-03-18-28
1.0,113.33865925237713,23.180911523874283,2018-09-23-03-18-28
1.0,113.33915829020856,23.180910621204752,2018-09-23-03-18-28
1.0,113.34564687146585,23.170653088065997,2018-09-23-03-18-28
1.0,113.34889112696891,23.170647656413138,2018-09-23-03-18-28
1.0,113.35013898172608,23.17064562301531,2018-09-23-03-18-28
1.0,113.35138687448999,23.170643622731745,2018-09-23-03-18-28
1.0,113.35438198119353,23.17063896546461,2018-09-23-03-18-28
1.0,113.35538040422149,23.170637460483523,2018-09-23-03-18-28
1.0,113.34489821216914,23.17090427408604,2018-09-23-03-18-28
1.0,113.34514775829389,23.170903845907194,2018-09-23-03-18-28
1.0,113.35662845576904,23.170885519087555,2018-09-23-03-18-28
1.0,113.34539728859856,23.171153323645065,2018-09-23-03-18-28
1.0,113.34864152623669,23.171147876544833,2018-09-23-03-18-28
1.0,113.35662843863896,23.1711354239066,2018-09-23-03-18-28
1.0,113.35013893039913,23.17139533747595,2018-09-23-03-18-28
1.0,113.35213557767368,23.171392153496594,2018-09-23-03-18-28
1.0,113.35637880416827,23.171385694827713,2018-09-23-03-18-28
1.0,113.35662842150872,23.171385328764423,2018-09-23-03-18-28
1.0,113.35712766168035,23.171384601469615,2018-09-23-03-18-28
1.0,113.35138680603687,23.171643242089306,2018-09-23-03-18-28
1.0,113.35213556055766,23.171642058394042,2018-09-23-03-18-28
1.0,113.35637878703862,23.171635599724404,2018-09-23-03-18-28
1.0,113.35513071021177,23.171887358714752,2018-09-23-03-18-28
1.0,113.34839189274709,23.172147908001612,2018-09-23-03-18-28
1.0,113.35238511438112,23.172141476552824,2018-09-23-03-18-28
1.0,113.3548810864662,23.17213763917391,2018-09-23-03-18-28
1.0,113.34514765574279,23.17240327541627,2018-09-23-03-18-28
1.0,113.34564675181088,23.172402422356807,2018-09-23-03-18-28
1.0,113.34739362957899,23.172399472504477,2018-09-23-03-18-28
1.0,113.34914057521166,23.172396581438445,2018-09-23-03-18-28
1.0,113.34539718604105,23.17265275338735,2018-09-23-03-18-28
1.0,113.34664492542164,23.17290053990599,2018-09-23-03-18-28
1.0,113.34714403735731,23.17289970055208,2018-09-23-03-18-28
1.0,113.34489805834836,23.17315341887644,2018-09-23-03-18-28
1.0,113.34514760446498,23.173152990697208,2018-09-23-03-18-28
1.0,113.34539715185387,23.173152563613673,2018-09-23-03-18-28
1.0,113.34589625049894,23.173151712780278,2018-09-23-03-18-28
1.0,113.3466449083235,23.173150445038512,2018-09-23-03-18-28
1.0,113.3473935782771,23.173149187784254,2018-09-23-03-18-28
1.0,113.3478926984842,23.173148355594613,2018-09-23-03-18-28
1.0,113.3483918243309,23.173147528295786,2018-09-23-03-18-28
1.0,113.34889095591613,23.173146705979015,2018-09-23-03-18-28
1.0,113.35038838608557,23.173144269827887,2018-09-23-03-18-28
1.0,113.35113712169445,23.17314306963413,2018-09-23-03-18-28
1.0,113.34489804125633,23.173403324048476,2018-09-23-03-18-28
1.0,113.34564668343293,23.173402042809396,2018-09-23-03-18-28
1.0,113.34639533728689,23.173400771640992,2018-09-23-03-18-28
1.0,113.34689444651116,23.1733999299448,2018-09-23-03-18-28
1.0,113.34839180722645,23.17339743346722,2018-09-23-03-18-28
1.0,113.3496396471602,23.17339538721511,2018-09-23-03-18-28
1.0,113.35113710458059,23.173392974805086,2018-09-23-03-18-28
1.0,113.35213544074075,23.173391393767982,2018-09-23-03-18-28
1.0,113.34539711766602,23.17365237399684,2018-09-23-03-18-28
1.0,113.34589621630751,23.173651523163272,2018-09-23-03-18-28
1.0,113.34614576758709,23.173651099436565,2018-09-23-03-18-28
1.0,113.34664487412671,23.173650255421247,2018-09-23-03-18-28
1.0,113.34714398605706,23.173649416067082,2018-09-23-03-18-28
1.0,113.34814222648906,23.173647751710355,2018-09-23-03-18-28
1.0,113.34864135518922,23.173646926891,2018-09-23-03-18-28
1.0,113.34539710057184,23.17390227924737,2018-09-23-03-18-28
1.0,113.34564664924295,23.173901853271055,2018-09-23-03-18-28
1.0,113.34589619921154,23.173901428413718,2018-09-23-03-18-28
1.0,113.34614575049022,23.173901004686968,2018-09-23-03-18-28
1.0,113.34639530309154,23.17390058210239,2018-09-23-03-18-28
1.0,113.34689441231225,23.173899740406025,2018-09-23-03-18-28
1.0,113.35138665200753,23.173892387923832,2018-09-23-03-18-28
1.0,113.34539708347751,23.174152184537274,2018-09-23-03-18-28
1.0,113.3456466321477,23.174151758560914,2018-09-23-03-18-28
1.0,113.34614573339319,23.174150909976742,2018-09-23-03-18-28
1.0,113.34689439521256,23.17414964569567,2018-09-23-03-18-28
1.0,113.34489797288651,23.174402945129795,2018-09-23-03-18-28
1.0,113.34514751899862,23.17440251695035,2018-09-23-03-18-28
1.0,113.3468943781127,23.174399551024745,2018-09-23-03-18-28
1.0,113.34714393475531,23.174399131935942,2018-09-23-03-18-28
1.0,113.34789261296892,23.174397881845387,2018-09-23-03-18-28
1.0,113.3486413038717,23.174396642759078,2018-09-23-03-18-28
1.0,113.34464841094207,23.174653279762204,2018-09-23-03-18-28
1.0,113.34489795579364,23.17465285049869,2018-09-23-03-18-28
1.0,113.34589614792262,23.1746511444015,2018-09-23-03-18-28
1.0,113.34639525179726,23.174650298089915,2018-09-23-03-18-28
1.0,113.34664480573112,23.174649876658957,2018-09-23-03-18-28
1.0,113.3451474848109,23.174902327727587,2018-09-23-03-18-28
1.0,113.34539703219347,23.174901900643754,2018-09-23-03-18-28
1.0,113.34764301796547,23.174898108111165,2018-09-23-03-18-28
1.0,113.34464837675763,23.175153090618736,2018-09-23-03-18-28
1.0,113.3448979216074,23.175152661355135,2018-09-23-03-18-28
1.0,113.34514746771679,23.17515223317556,2018-09-23-03-18-28
1.0,113.34539701509846,23.175151806091684,2018-09-23-03-18-28
1.0,113.34564656376506,23.175151380115157,2018-09-23-03-18-28
1.0,113.34589611372917,23.175150955257603,2018-09-23-03-18-28
1.0,113.34639521760025,23.17515010894585,2018-09-23-03-18-28
1.0,113.34464835966517,23.175402996106435,2018-09-23-03-18-28
1.0,113.34589609663219,23.175400860745086,2018-09-23-03-18-28
1.0,113.34489788742049,23.175652472370146,2018-09-23-03-18-28
1.0,113.34714384924902,23.175648659174357,2018-09-23-03-18-28
1.0,113.34489787032678,23.17590237793725,2018-09-23-03-18-28
1.0,113.34539696381242,23.17590152267354,2018-09-23-03-18-28
1.0,113.34489783613884,23.17640218919092,2018-09-23-03-18-28
1.0,113.34464827420031,23.176652524141453,2018-09-23-03-18-28
1.0,113.34489781904463,23.176652094877596,2018-09-23-03-18-28
1.0,113.34514736514859,23.176651666697765,2018-09-23-03-18-28
1.0,113.34614556241364,23.176649965051812,2018-09-23-03-18-28
1.0,113.34639511500515,23.176649542466762,2018-09-23-03-18-28
1.0,113.34689422420632,23.17664870076945,2018-09-23-03-18-28
1.0,113.34963942473077,23.176644158033564,2018-09-23-03-18-28
1.0,113.3481420041249,23.176896523047535,2018-09-23-03-18-28
1.0,113.34889069930551,23.17689528769646,2018-09-23-03-18-28
1.0,113.34564642699173,23.177150625129887,2018-09-23-03-18-28
1.0,113.34464822291939,23.177402241441612,2018-09-23-03-18-28
1.0,113.34789235639795,23.17814646654664,2018-09-23-03-18-28
