count,wgs_lng,wgs_lat,time
1.0,113.33566762384213,23.143931274424112,2018-10-03-06-00-25
1.0,113.33142607578277,23.144189089714533,2018-10-03-06-00-25
1.0,113.33292306510546,23.144186279044682,2018-10-03-06-00-25
1.0,113.3354180993825,23.144181636392755,2018-10-03-06-00-25
1.0,113.32468981152583,23.144451792771385,2018-10-03-06-00-25
1.0,113.33541808234568,23.144431537385014,2018-10-03-06-00-25
1.0,113.33317253140815,23.144685614317456,2018-10-03-06-00-25
1.0,113.33392103641103,23.14468421724082,2018-10-03-06-00-25
1.0,113.33516855865466,23.14468190004812,2018-10-03-06-00-25
1.0,113.3354180653087,23.14468143841011,2018-10-03-06-00-25
1.0,113.33566757272877,23.14468097740082,2018-10-03-06-00-25
1.0,113.33591708092811,23.144680517032466,2018-10-03-06-00-25
1.0,113.32868159396084,23.14494398417856,2018-10-03-06-00-25
1.0,113.33317251437984,23.144935515375817,2018-10-03-06-00-25
1.0,113.33417052240154,23.144933653700935,2018-10-03-06-00-25
1.0,113.33566755569065,23.144930878458762,2018-10-03-06-00-25
1.0,113.32868157695029,23.14519388527062,2018-10-03-06-00-25
1.0,113.33516852458216,23.145181702197124,2018-10-03-06-00-25
1.0,113.33591704684976,23.145180319181218,2018-10-03-06-00-25
1.0,113.33641606563523,23.145179400415955,2018-10-03-06-00-25
1.0,113.32893105134528,23.145443312722165,2018-10-03-06-00-25
1.0,113.32992902129558,23.14544142123942,2018-10-03-06-00-25
1.0,113.32493921307089,23.14570082130279,2018-10-03-06-00-25
1.0,113.32843205192995,23.145694161523785,2018-10-03-06-00-25
1.0,113.3291805091444,23.145942641706625,2018-10-03-06-00-25
1.0,113.33142595663196,23.145938397356545,2018-10-03-06-00-25
1.0,113.33392095125302,23.14593372286206,2018-10-03-06-00-25
1.0,113.33666552512221,23.14592864551395,2018-10-03-06-00-25
1.0,113.32967947708693,23.146191597176987,2018-10-03-06-00-25
1.0,113.33117644341112,23.14618876861054,2018-10-03-06-00-25
1.0,113.32868149189507,23.146443391227127,2018-10-03-06-00-25
1.0,113.32893098329674,23.14644291755344,2018-10-03-06-00-25
1.0,113.32967946007153,23.14644149843447,2018-10-03-06-00-25
1.0,113.32468965857329,23.146700903202174,2018-10-03-06-00-25
1.0,113.33641596338451,23.14667880765566,2018-10-03-06-00-25
1.0,113.32992891919774,23.146940828684848,2018-10-03-06-00-25
1.0,113.33516840532313,23.146931010761293,2018-10-03-06-00-25
1.0,113.33092687966973,23.14718884428955,2018-10-03-06-00-25
1.0,113.33192486558133,23.147186965057912,2018-10-03-06-00-25
1.0,113.32918039004836,23.14769195097683,2018-10-03-06-00-25
1.0,113.3319248315311,23.14768676787264,2018-10-03-06-00-25
1.0,113.33591687644798,23.14767933191438,2018-10-03-06-00-25
1.0,113.32618649598437,23.147947550476065,2018-10-03-06-00-25
1.0,113.32693496067058,23.14794612279882,2018-10-03-06-00-25
1.0,113.3344198217112,23.147932004954374,2018-10-03-06-00-25
1.0,113.3359168594069,23.147929233371396,2018-10-03-06-00-25
1.0,113.32593699131603,23.148197928222803,2018-10-03-06-00-25
1.0,113.33317227596594,23.14843413367826,2018-10-03-06-00-25
1.0,113.33466929206098,23.148431344518443,2018-10-03-06-00-25
1.0,113.3359168253242,23.14842903638638,2018-10-03-06-00-25
1.0,113.33666535468633,23.14842765924704,2018-10-03-06-00-25
1.0,113.33691486612035,23.14842720156375,2018-10-03-06-00-25
1.0,113.3271843984858,23.148695351887056,2018-10-03-06-00-25
1.0,113.33491878017033,23.148680783217284,2018-10-03-06-00-25
1.0,113.33566730009883,23.148679398313472,2018-10-03-06-00-25
1.0,113.3359168082826,23.14867893794445,2018-10-03-06-00-25
1.0,113.33616631725887,23.14867847822856,2018-10-03-06-00-25
1.0,113.3364158270409,23.14867801917801,2018-10-03-06-00-25
1.0,113.32743387063557,23.148944778213256,2018-10-03-06-00-25
1.0,113.32967928990848,23.148940512849503,2018-10-03-06-00-25
1.0,113.33491876313246,23.14893068480932,2018-10-03-06-00-25
1.0,113.33516826901709,23.148930222554103,2018-10-03-06-00-25
1.0,113.33541777565455,23.148929760915383,2018-10-03-06-00-25
1.0,113.33566728305804,23.148929299905383,2018-10-03-06-00-25
1.0,113.33167523207007,23.149186646278018,2018-10-03-06-00-25
1.0,113.33417023282773,23.14918197677758,2018-10-03-06-00-25
1.0,113.33441973653251,23.149181512746267,2018-10-03-06-00-25
1.0,113.33466924095033,23.149181049294725,2018-10-03-06-00-25
1.0,113.33491874609443,23.149180586435207,2018-10-03-06-00-25
1.0,113.3374138403948,23.14917599308982,2018-10-03-06-00-25
1.0,113.32468947161301,23.14944981962296,2018-10-03-06-00-25
1.0,113.33117622212016,23.149437487567244,2018-10-03-06-00-25
1.0,113.33242370871372,23.14943514186006,2018-10-03-06-00-25
1.0,113.3326732077987,23.149434674113913,2018-10-03-06-00-25
1.0,113.33317220784168,23.149433740115377,2018-10-03-06-00-25
1.0,113.33342170882631,23.14943327388758,2018-10-03-06-00-25
1.0,113.33367121047078,23.149432808190486,2018-10-03-06-00-25
1.0,113.3339207127884,23.149432343036366,2018-10-03-06-00-25
1.0,113.33566724897597,23.149429103190812,2018-10-03-06-00-25
1.0,113.3329226904731,23.14968410855568,2018-10-03-06-00-25
1.0,113.3331721908102,23.149683641809432,2018-10-03-06-00-25
1.0,113.33566723193468,23.149679004884447,2018-10-03-06-00-25
1.0,113.32618635996002,23.149946763360497,2018-10-03-06-00-25
1.0,113.32768329209358,23.149943909892762,2018-10-03-06-00-25
1.0,113.32868125371829,23.149942012355194,2018-10-03-06-00-25
1.0,113.32967922183859,23.149940119560217,2018-10-03-06-00-25
1.0,113.33067719731154,23.149938232298734,2018-10-03-06-00-25
1.0,113.33142568425659,23.149936820959386,2018-10-03-06-00-25
1.0,113.33167518099344,23.149936351360974,2018-10-03-06-00-25
1.0,113.33292265641161,23.150183912045982,2018-10-03-06-00-25
1.0,113.32568735089728,23.150447519591335,2018-10-03-06-00-25
1.0,113.32643581388105,23.15044609083917,2018-10-03-06-00-25
1.0,113.32668530209521,23.15044561494222,2018-10-03-06-00-25
1.0,113.32992868094613,23.15043945075471,2018-10-03-06-00-25
1.0,113.33092665838306,23.150437564999773,2018-10-03-06-00-25
1.0,113.3366652183256,23.150426872660034,2018-10-03-06-00-25
1.0,113.32967917078443,23.150689824950863,2018-10-03-06-00-25
1.0,113.33092664135985,23.15068746683062,2018-10-03-06-00-25
1.0,113.33566716376785,23.15067861199975,2018-10-03-06-00-25
1.0,113.33367110826755,23.150932218865726,2018-10-03-06-00-25
1.0,113.33566714672573,23.15092851386405,2018-10-03-06-00-25
1.0,113.33691469565811,23.150926218670342,2018-10-03-06-00-25
1.0,113.32818217007389,23.1514423716716,2018-10-03-06-00-25
1.0,113.32893062599825,23.15169085173967,2018-10-03-06-00-25
1.0,113.33242355545109,23.15168425833711,2018-10-03-06-00-25
1.0,113.3249387711233,23.152198263219876,2018-10-03-06-00-25
1.0,113.32518825781902,23.152197786397295,2018-10-03-06-00-25
1.0,113.33192452504903,23.152184999301856,2018-10-03-06-00-25
1.0,113.3246892676334,23.152448642226204,2018-10-03-06-00-25
1.0,113.32593670226589,23.152446258791493,2018-10-03-06-00-25
1.0,113.3261861899146,23.152445782536322,2018-10-03-06-00-25
1.0,113.32893057494962,23.1524405578522,2018-10-03-06-00-25
1.0,113.33042753249077,23.152437722720894,2018-10-03-06-00-25
1.0,113.33541753707962,23.152428386782727,2018-10-03-06-00-25
1.0,113.3276830879644,23.15294273331464,2018-10-03-06-00-25
1.0,113.33766309865085,23.152924066030284,2018-10-03-06-00-25
1.0,113.33192445693457,23.153184607796206,2018-10-03-06-00-25
1.0,113.32743356446294,23.153443012735444,2018-10-03-06-00-25
1.0,113.33167494261609,23.15343497916109,2018-10-03-06-00-25
1.0,113.32693456950214,23.15369386573956,2018-10-03-06-00-25
1.0,113.33142542886594,23.15368535100549,2018-10-03-06-00-25
1.0,113.33192442287634,23.153684412251994,2018-10-03-06-00-25
1.0,113.33566762384213,23.143931274424112,2018-10-03-06-00-25
1.0,113.3354180993825,23.144181636392755,2018-10-03-06-00-25
1.0,113.33965984050276,23.144173894678577,2018-10-03-06-00-25
1.0,113.34040841090399,23.144172551849785,2018-10-03-06-00-25
1.0,113.33541808234568,23.144431537385014,2018-10-03-06-00-25
1.0,113.33516855865466,23.14468190004812,2018-10-03-06-00-25
1.0,113.3354180653087,23.14468143841011,2018-10-03-06-00-25
1.0,113.33566757272877,23.14468097740082,2018-10-03-06-00-25
1.0,113.33591708092811,23.144680517032466,2018-10-03-06-00-25
1.0,113.33566755569065,23.144930878458762,2018-10-03-06-00-25
1.0,113.33516852458216,23.145181702197124,2018-10-03-06-00-25
1.0,113.33591704684976,23.145180319181218,2018-10-03-06-00-25
1.0,113.33641606563523,23.145179400415955,2018-10-03-06-00-25
1.0,113.34340272029279,23.145166866302123,2018-10-03-06-00-25
1.0,113.34090736060902,23.145671067406923,2018-10-03-06-00-25
1.0,113.33666552512221,23.14592864551395,2018-10-03-06-00-25
1.0,113.34539899700306,23.146163024335063,2018-10-03-06-00-25
1.0,113.33941016555599,23.14642345408516,2018-10-03-06-00-25
1.0,113.33641596338451,23.14667880765566,2018-10-03-06-00-25
1.0,113.33941014850227,23.146673355374308,2018-10-03-06-00-25
1.0,113.33516840532313,23.146931010761293,2018-10-03-06-00-25
1.0,113.33990915830269,23.14717226029568,2018-10-03-06-00-25
1.0,113.33916057685803,23.14742350956093,2018-10-03-06-00-25
1.0,113.33591687644798,23.14767933191438,2018-10-03-06-00-25
1.0,113.3344198217112,23.147932004954374,2018-10-03-06-00-25
1.0,113.3359168594069,23.147929233371396,2018-10-03-06-00-25
1.0,113.34065766347962,23.148170525800044,2018-10-03-06-00-25
1.0,113.33466929206098,23.148431344518443,2018-10-03-06-00-25
1.0,113.3359168253242,23.14842903638638,2018-10-03-06-00-25
1.0,113.33666535468633,23.14842765924704,2018-10-03-06-00-25
1.0,113.33691486612035,23.14842720156375,2018-10-03-06-00-25
1.0,113.33491878017033,23.148680783217284,2018-10-03-06-00-25
1.0,113.33566730009883,23.148679398313472,2018-10-03-06-00-25
1.0,113.3359168082826,23.14867893794445,2018-10-03-06-00-25
1.0,113.33616631725887,23.14867847822856,2018-10-03-06-00-25
1.0,113.3364158270409,23.14867801917801,2018-10-03-06-00-25
1.0,113.33491876313246,23.14893068480932,2018-10-03-06-00-25
1.0,113.33516826901709,23.148930222554103,2018-10-03-06-00-25
1.0,113.33541777565455,23.148929760915383,2018-10-03-06-00-25
1.0,113.33566728305804,23.148929299905383,2018-10-03-06-00-25
1.0,113.33441973653251,23.149181512746267,2018-10-03-06-00-25
1.0,113.33466924095033,23.149181049294725,2018-10-03-06-00-25
1.0,113.33491874609443,23.149180586435207,2018-10-03-06-00-25
1.0,113.3374138403948,23.14917599308982,2018-10-03-06-00-25
1.0,113.33566724897597,23.149429103190812,2018-10-03-06-00-25
1.0,113.33566723193468,23.149679004884447,2018-10-03-06-00-25
1.0,113.33916040631615,23.149922525307414,2018-10-03-06-00-25
1.0,113.3379128010924,23.150174689586546,2018-10-03-06-00-25
1.0,113.3366652183256,23.150426872660034,2018-10-03-06-00-25
1.0,113.33566716376785,23.15067861199975,2018-10-03-06-00-25
1.0,113.34714555857877,23.150658294159204,2018-10-03-06-00-25
1.0,113.33566714672573,23.15092851386405,2018-10-03-06-00-25
1.0,113.33691469565811,23.150926218670342,2018-10-03-06-00-25
1.0,113.33541753707962,23.152428386782727,2018-10-03-06-00-25
1.0,113.33766309865085,23.152924066030284,2018-10-03-06-00-25
1.0,113.33916020164385,23.152921348706272,2018-10-03-06-00-25
1.0,113.34065730519266,23.153418464954274,2018-10-03-06-00-25
1.0,113.34614781799507,23.143662739060304,2018-10-03-06-00-25
1.0,113.3533854336621,23.14365099434277,2018-10-03-06-00-25
1.0,113.3566303048291,23.143896015006653,2018-10-03-06-00-25
1.0,113.35712954516922,23.143895287721726,2018-10-03-06-00-25
1.0,113.3558814408764,23.14414701891696,2018-10-03-06-00-25
1.0,113.34839377314148,23.144658582243043,2018-10-03-06-00-25
1.0,113.35588140665665,23.144646820927253,2018-10-03-06-00-25
1.0,113.34814419232323,23.14490889632627,2018-10-03-06-00-25
1.0,113.35538216730234,23.14489746518007,2018-10-03-06-00-25
1.0,113.3501407259442,23.145155528704873,2018-10-03-06-00-25
1.0,113.34539899700306,23.146163024335063,2018-10-03-06-00-25
1.0,113.3483936022803,23.1471575942903,2018-10-03-06-00-25
1.0,113.35388438871047,23.147148842718845,2018-10-03-06-00-25
1.0,113.3546331932104,23.147147702589677,2018-10-03-06-00-25
1.0,113.3543835728847,23.14739798251159,2018-10-03-06-00-25
1.0,113.3568796502569,23.147894069812903,2018-10-03-06-00-25
1.0,113.35638036226281,23.14864450488639,2018-10-03-06-00-25
1.0,113.35313544556936,23.149399109951194,2018-10-03-06-00-25
1.0,113.34714555857877,23.150658294159204,2018-10-03-06-00-25
1.0,113.35687942774364,23.151142791787578,2018-10-03-06-00-25
1.0,113.3478941857794,23.151406749770583,2018-10-03-06-00-25
1.0,113.34989067330652,23.152153176859255,2018-10-03-06-00-25
1.0,113.34864274019179,23.153404727385812,2018-10-03-06-00-25
1.0,113.34839315796283,23.15365504141175,2018-10-03-06-00-25
1.0,113.3276830879644,23.15294273331464,2018-10-03-06-00-25
1.0,113.33766309865085,23.152924066030284,2018-10-03-06-00-25
1.0,113.33192445693457,23.153184607796206,2018-10-03-06-00-25
1.0,113.32743356446294,23.153443012735444,2018-10-03-06-00-25
1.0,113.33167494261609,23.15343497916109,2018-10-03-06-00-25
1.0,113.32693456950214,23.15369386573956,2018-10-03-06-00-25
1.0,113.33142542886594,23.15368535100549,2018-10-03-06-00-25
1.0,113.33192442287634,23.153684412251994,2018-10-03-06-00-25
1.0,113.3304274133294,23.15418703819666,2018-10-03-06-00-25
1.0,113.33042739630568,23.154436940547157,2018-10-03-06-00-25
1.0,113.33217386965312,23.154433650499996,2018-10-03-06-00-25
1.0,113.33367086977002,23.154430848597762,2018-10-03-06-00-25
1.0,113.33691445698292,23.15442484839477,2018-10-03-06-00-25
1.0,113.32893042179472,23.154689678066276,2018-10-03-06-00-25
1.0,113.33716393513804,23.15492419621638,2018-10-03-06-00-25
1.0,113.32593651520784,23.155195183888168,2018-10-03-06-00-25
1.0,113.3321738015287,23.155433260252213,2018-10-03-06-00-25
1.0,113.33541733256081,23.15542721435238,2018-10-03-06-00-25
1.0,113.3351677748182,23.15617738367539,2018-10-03-06-00-25
1.0,113.33167473826663,23.15643380842232,2018-10-03-06-00-25
1.0,113.32518793476697,23.156945931755708,2018-10-03-06-00-25
1.0,113.32593636214537,23.157444307591167,2018-10-03-06-00-25
1.0,113.32643533767431,23.15744335525193,2018-10-03-06-00-25
1.0,113.32893023458709,23.157438606641943,2018-10-03-06-00-25
1.0,113.33042719200803,23.157435771505664,2018-10-03-06-00-25
1.0,113.3271837861289,23.15769183097394,2018-10-03-06-00-25
1.0,113.32818174470238,23.15768993135666,2018-10-03-06-00-25
1.0,113.32693428032105,23.157942209312072,2018-10-03-06-00-25
1.0,113.3341696364946,23.157928555450578,2018-10-03-06-00-25
1.0,113.33616568656656,23.157924860107364,2018-10-03-06-00-25
1.0,113.3254373366331,23.158194969114817,2018-10-03-06-00-25
1.0,113.32493832906329,23.158695728513514,2018-10-03-06-00-25
1.0,113.33242307854763,23.158681527637736,2018-10-03-06-00-25
1.0,113.33242306151296,23.15893143062795,2018-10-03-06-00-25
1.0,113.32618571369889,23.159443054834124,2018-10-03-06-00-25
1.0,113.33666460457015,23.15942336051006,2018-10-03-06-00-25
1.0,113.33117552401805,23.159683485531033,2018-10-03-06-00-25
1.0,113.33416951720345,23.15967787638081,2018-10-03-06-00-25
1.0,113.33342099331905,23.15992917497075,2018-10-03-06-00-25
1.0,113.33516751914301,23.1599259269106,2018-10-03-06-00-25
1.0,113.32843106507244,23.160188487192077,2018-10-03-06-00-25
1.0,113.33367047788167,23.160178612442895,2018-10-03-06-00-25
1.0,113.32793205032048,23.160689242429655,2018-10-03-06-00-25
1.0,113.3259361240214,23.16094295023365,2018-10-03-06-00-25
1.0,113.33317140718177,23.161179157419856,2018-10-03-06-00-25
1.0,113.3261855776133,23.161442280649695,2018-10-03-06-00-25
1.0,113.3269340421358,23.161440852965757,2018-10-03-06-00-25
2.0,113.32942894620354,23.161436109535533,2018-10-03-06-00-25
1.0,113.32568658563794,23.16169313671475,2018-10-03-06-00-25
1.0,113.32693402512133,23.16169075635688,2018-10-03-06-00-25
1.0,113.33267237315688,23.161679898165996,2018-10-03-06-00-25
1.0,113.32493810799112,23.16194447023302,2018-10-03-06-00-25
1.0,113.32593605598,23.161942563725624,2018-10-03-06-00-25
1.0,113.33491787693377,23.161925615555184,2018-10-03-06-00-25
1.0,113.3284309289102,23.1621877138807,2018-10-03-06-00-25
1.0,113.33541683820776,23.162674402156828,2018-10-03-06-00-25
1.0,113.32568650058833,23.162942654222906,2018-10-03-06-00-25
1.0,113.33766309865085,23.152924066030284,2018-10-03-06-00-25
1.0,113.33916020164385,23.152921348706272,2018-10-03-06-00-25
1.0,113.34065730519266,23.153418464954274,2018-10-03-06-00-25
1.0,113.34190491429791,23.153916053532722,2018-10-03-06-00-25
1.0,113.34589754927723,23.154159030453307,2018-10-03-06-00-25
1.0,113.33691445698292,23.15442484839477,2018-10-03-06-00-25
1.0,113.34714528519858,23.15465672810433,2018-10-03-06-00-25
1.0,113.33716393513804,23.15492419621638,2018-10-03-06-00-25
1.0,113.34614703229032,23.155158216332048,2018-10-03-06-00-25
1.0,113.33541733256081,23.15542721435238,2018-10-03-06-00-25
1.0,113.346646104789,23.155657177335268,2018-10-03-06-00-25
1.0,113.3444001487022,23.155910913304496,2018-10-03-06-00-25
1.0,113.3351677748182,23.15617738367539,2018-10-03-06-00-25
1.0,113.3468956259628,23.15615656222641,2018-10-03-06-00-25
1.0,113.34015805053161,23.156418186839925,2018-10-03-06-00-25
1.0,113.34140568310693,23.156415961885322,2018-10-03-06-00-25
1.0,113.34365147380962,23.156661918510903,2018-10-03-06-00-25
1.0,113.34489918605246,23.15665976160249,2018-10-03-06-00-25
1.0,113.34390099673803,23.156911387733008,2018-10-03-06-00-25
1.0,113.34489916897147,23.156909664303903,2018-10-03-06-00-25
1.0,113.34564776007441,23.157658091391248,2018-10-03-06-00-25
1.0,113.33616568656656,23.157924860107364,2018-10-03-06-00-25
1.0,113.34090647332566,23.15866597447889,2018-10-03-06-00-25
1.0,113.33791218716938,23.15917117616298,2018-10-03-06-00-25
1.0,113.34464947032734,23.159159219488057,2018-10-03-06-00-25
1.0,113.33666460457015,23.15942336051006,2018-10-03-06-00-25
1.0,113.34265313780864,23.159412594254178,2018-10-03-06-00-25
1.0,113.33516751914301,23.1599259269106,2018-10-03-06-00-25
1.0,113.34065675908987,23.161415354353178,2018-10-03-06-00-25
1.0,113.33491787693377,23.161925615555184,2018-10-03-06-00-25
1.0,113.34115574482861,23.162414079015942,2018-10-03-06-00-25
1.0,113.33541683820776,23.162674402156828,2018-10-03-06-00-25
1.0,113.34340152514116,23.16266002780541,2018-10-03-06-00-25
1.0,113.3439006039128,23.162659159819004,2018-10-03-06-00-25
1.0,113.34864274019179,23.153404727385812,2018-10-03-06-00-25
1.0,113.34839315796283,23.15365504141175,2018-10-03-06-00-25
1.0,113.35288554462473,23.153897733076747,2018-10-03-06-00-25
1.0,113.34589754927723,23.154159030453307,2018-10-03-06-00-25
1.0,113.34839312377989,23.154154846001617,2018-10-03-06-00-25
1.0,113.34839310668815,23.15440474834907,2018-10-03-06-00-25
1.0,113.34714528519858,23.15465672810433,2018-10-03-06-00-25
1.0,113.34814350880612,23.15490496617847,2018-10-03-06-00-25
1.0,113.34614703229032,23.155158216332048,2018-10-03-06-00-25
1.0,113.35687913672196,23.15539112930387,2018-10-03-06-00-25
1.0,113.346646104789,23.155657177335268,2018-10-03-06-00-25
1.0,113.3531350179053,23.15564666255229,2018-10-03-06-00-25
1.0,113.3444001487022,23.155910913304496,2018-10-03-06-00-25
1.0,113.3468956259628,23.15615656222641,2018-10-03-06-00-25
1.0,113.34489918605246,23.15665976160249,2018-10-03-06-00-25
1.0,113.34489916897147,23.156909664303903,2018-10-03-06-00-25
1.0,113.34564776007441,23.157658091391248,2018-10-03-06-00-25
1.0,113.34464947032734,23.159159219488057,2018-10-03-06-00-25
1.0,113.35163724479327,23.159147647749062,2018-10-03-06-00-25
1.0,113.34864210767272,23.16265113404564,2018-10-03-06-00-25
1.0,113.32493810799112,23.16194447023302,2018-10-03-06-00-25
1.0,113.32593605598,23.161942563725624,2018-10-03-06-00-25
1.0,113.33491787693377,23.161925615555184,2018-10-03-06-00-25
1.0,113.3284309289102,23.1621877138807,2018-10-03-06-00-25
1.0,113.33541683820776,23.162674402156828,2018-10-03-06-00-25
1.0,113.32568650058833,23.162942654222906,2018-10-03-06-00-25
1.0,113.32568648357791,23.16319255783523,2018-10-03-06-00-25
1.0,113.32818137028936,23.163187802363495,2018-10-03-06-00-25
1.0,113.33491779169859,23.163175133239967,2018-10-03-06-00-25
1.0,113.33691384309645,23.163421356772393,2018-10-03-06-00-25
1.0,113.32818133624781,23.163687609698442,2018-10-03-06-00-25
1.0,113.3266843835251,23.163940364236527,2018-10-03-06-00-25
1.0,113.32768232226644,23.164188366498813,2018-10-03-06-00-25
1.0,113.3344187140631,23.164175674369986,2018-10-03-06-00-25
1.0,113.32493792090808,23.164693410380238,2018-10-03-06-00-25
1.0,113.32743279879537,23.164688649166592,2018-10-03-06-00-25
1.0,113.33367017112488,23.16467687579236,2018-10-03-06-00-25
1.0,113.33491768941084,23.164674555684147,2018-10-03-06-00-25
1.0,113.32518739054356,23.164942837428327,2018-10-03-06-00-25
1.0,113.33541668475931,23.164923535655983,2018-10-03-06-00-25
1.0,113.32518737353384,23.165192741338476,2018-10-03-06-00-25
1.0,113.33117513227711,23.165431266922013,2018-10-03-06-00-25
1.0,113.32743273071972,23.165688264880735,2018-10-03-06-00-25
1.0,113.33741271487497,23.16566957802029,2018-10-03-06-00-25
1.0,113.32693373584969,23.165939119665172,2018-10-03-06-00-25
1.0,113.33491757006756,23.166423883569525,2018-10-03-06-00-25
1.0,113.33566608978808,23.166422498656814,2018-10-03-06-00-25
1.0,113.33716315062932,23.166419746465678,2018-10-03-06-00-25
1.0,113.33766217763782,23.16641883465098,2018-10-03-06-00-25
1.0,113.33516705883305,23.16667332544549,2018-10-03-06-00-25
1.0,113.3359155808491,23.166671942418798,2018-10-03-06-00-25
1.0,113.33416902291016,23.166925082226875,2018-10-03-06-00-25
1.0,113.33441852654522,23.1669246181926,2018-10-03-06-00-25
1.0,113.3259356987189,23.167190544287212,2018-10-03-06-00-25
1.0,113.33441850949714,23.16717452240247,2018-10-03-06-00-25
1.0,113.33641456535588,23.167170832027555,2018-10-03-06-00-25
1.0,113.32568619437527,23.167440924954455,2018-10-03-06-00-25
1.0,113.33441849244889,23.167424426650243,2018-10-03-06-00-25
1.0,113.33641454829983,23.167420736274995,2018-10-03-06-00-25
1.0,113.32568617736186,23.16769082924164,2018-10-03-06-00-25
1.0,113.32768208398053,23.1676870230805,2018-10-03-06-00-25
1.0,113.33541646308768,23.16817228940376,2018-10-03-06-00-25
1.0,113.32518711836796,23.168941304517215,2018-10-03-06-00-25
1.0,113.33416888652869,23.168924316970532,2018-10-03-06-00-25
1.0,113.32643453803396,23.16918882700346,2018-10-03-06-00-25
1.0,113.33716291179566,23.169918407797585,2018-10-03-06-00-25
1.0,113.33267177673899,23.17042654033216,2018-10-03-06-00-25
1.0,113.32618488000745,23.17168835036631,2018-10-03-06-00-25
1.0,113.32718281612256,23.171936352124746,2018-10-03-06-00-25
1.0,113.33491787693377,23.161925615555184,2018-10-03-06-00-25
1.0,113.34115574482861,23.162414079015942,2018-10-03-06-00-25
1.0,113.33541683820776,23.162674402156828,2018-10-03-06-00-25
1.0,113.34340152514116,23.16266002780541,2018-10-03-06-00-25
1.0,113.3439006039128,23.162659159819004,2018-10-03-06-00-25
1.0,113.33491779169859,23.163175133239967,2018-10-03-06-00-25
1.0,113.33691384309645,23.163421356772393,2018-10-03-06-00-25
1.0,113.34315193630022,23.16341017415317,2018-10-03-06-00-25
1.0,113.34265281336273,23.164160759348327,2018-10-03-06-00-25
1.0,113.33491768941084,23.164674555684147,2018-10-03-06-00-25
1.0,113.33541668475931,23.164923535655983,2018-10-03-06-00-25
1.0,113.34165463237582,23.16491223055572,2018-10-03-06-00-25
1.0,113.33741271487497,23.16566957802029,2018-10-03-06-00-25
1.0,113.33491757006756,23.166423883569525,2018-10-03-06-00-25
1.0,113.33566608978808,23.166422498656814,2018-10-03-06-00-25
1.0,113.33716315062932,23.166419746465678,2018-10-03-06-00-25
1.0,113.33766217763782,23.16641883465098,2018-10-03-06-00-25
1.0,113.33516705883305,23.16667332544549,2018-10-03-06-00-25
1.0,113.3359155808491,23.166671942418798,2018-10-03-06-00-25
1.0,113.33641456535588,23.167170832027555,2018-10-03-06-00-25
1.0,113.33641454829983,23.167420736274995,2018-10-03-06-00-25
1.0,113.34015726544945,23.167913747177952,2018-10-03-06-00-25
1.0,113.33541646308768,23.16817228940376,2018-10-03-06-00-25
1.0,113.34090580756647,23.168412218286278,2018-10-03-06-00-25
1.0,113.34165439331676,23.168410888688534,2018-10-03-06-00-25
1.0,113.34140484658121,23.168661235409942,2018-10-03-06-00-25
1.0,113.34015716302135,23.16941317391596,2018-10-03-06-00-25
1.0,113.34564695692866,23.169403564733653,2018-10-03-06-00-25
1.0,113.33716291179566,23.169918407797585,2018-10-03-06-00-25
1.0,113.34040665325834,23.1699125363762,2018-10-03-06-00-25
1.0,113.34065617866806,23.169912090488122,2018-10-03-06-00-25
1.0,113.34589645563351,23.170152853760744,2018-10-03-06-00-25
1.0,113.34265236928624,23.170658270287593,2018-10-03-06-00-25
1.0,113.3458964214461,23.170652663209218,2018-10-03-06-00-25
1.0,113.34365050018575,23.17090643100664,2018-10-03-06-00-25
1.0,113.34489821216914,23.17090427408604,2018-10-03-06-00-25
1.0,113.34564685437279,23.170902992848248,2018-10-03-06-00-25
1.0,113.34589640435213,23.170902567991426,2018-10-03-06-00-25
1.0,113.34614595564155,23.17090214426519,2018-10-03-06-00-25
1.0,113.34514774120247,23.171153750728255,2018-10-03-06-00-25
1.0,113.34265231803937,23.171407984752108,2018-10-03-06-00-25
1.0,113.34439908950817,23.171404943365282,2018-10-03-06-00-25
1.0,113.34489817798793,23.171404083767023,2018-10-03-06-00-25
1.0,113.34165417130399,23.171659649365747,2018-10-03-06-00-25
1.0,113.34439907241912,23.171654848264073,2018-10-03-06-00-25
1.0,113.34564678599885,23.171902612365013,2018-10-03-06-00-25
1.0,113.34864210767272,23.16265113404564,2018-10-03-06-00-25
1.0,113.35388317380527,23.164891927670013,2018-10-03-06-00-25
1.0,113.35213600551985,23.16514454353853,2018-10-03-06-00-25
1.0,113.35288477465478,23.165143372568284,2018-10-03-06-00-25
1.0,113.35388315668789,23.165141831575287,2018-10-03-06-00-25
1.0,113.35463196101493,23.165140691436534,2018-10-03-06-00-25
1.0,113.35238557648636,23.16539405572994,2018-10-03-06-00-25
1.0,113.35263516619322,23.165393665402824,2018-10-03-06-00-25
1.0,113.35313433342472,23.1656427930464,2018-10-03-06-00-25
1.0,113.35712805566877,23.165636799455616,2018-10-03-06-00-25
1.0,113.35563030550259,23.166388712700343,2018-10-03-06-00-25
1.0,113.35238543957904,23.1673932886293,2018-10-03-06-00-25
1.0,113.35013913569783,23.168396481715536,2018-10-03-06-00-25
1.0,113.35338372268126,23.168641257769185,2018-10-03-06-00-25
1.0,113.35687822910755,23.168636012996387,2018-10-03-06-00-25
1.0,113.34988952753376,23.16889669469963,2018-10-03-06-00-25
1.0,113.34889122959252,23.169148228533093,2018-10-03-06-00-25
1.0,113.34914079758168,23.169147819272087,2018-10-03-06-00-25
1.0,113.34564695692866,23.169403564733653,2018-10-03-06-00-25
1.0,113.34914078047731,23.169397723822545,2018-10-03-06-00-25
1.0,113.34963992088058,23.169396909150436,2018-10-03-06-00-25
1.0,113.3503886085177,23.16989550615212,2018-10-03-06-00-25
1.0,113.34589645563351,23.170152853760744,2018-10-03-06-00-25
6.0,113.35038859140856,23.17014541081771,2018-10-03-06-00-25
1.0,113.34789288660306,23.170399401283806,2018-10-03-06-00-25
1.0,113.35238523419793,23.170392142542035,2018-10-03-06-00-25
1.0,113.3458964214461,23.170652663209218,2018-10-03-06-00-25
1.0,113.34814243172313,23.17064889176096,2018-10-03-06-00-25
1.0,113.35013898172608,23.17064562301531,2018-10-03-06-00-25
1.0,113.35238521708175,23.170642047284446,2018-10-03-06-00-25
1.0,113.35413237977271,23.170639345515433,2018-10-03-06-00-25
1.0,113.35438198119353,23.17063896546461,2018-10-03-06-00-25
1.0,113.34489821216914,23.17090427408604,2018-10-03-06-00-25
1.0,113.34564685437279,23.170902992848248,2018-10-03-06-00-25
1.0,113.34589640435213,23.170902567991426,2018-10-03-06-00-25
1.0,113.34614595564155,23.17090214426519,2018-10-03-06-00-25
1.0,113.34514774120247,23.171153750728255,2018-10-03-06-00-25
1.0,113.34489817798793,23.171404083767023,2018-10-03-06-00-25
1.0,113.35013893039913,23.17139533747595,2018-10-03-06-00-25
1.0,113.35113724148684,23.17139373453229,2018-10-03-06-00-25
1.0,113.32618488000745,23.17168835036631,2018-10-03-06-00-25
1.0,113.32718281612256,23.171936352124746,2018-10-03-06-00-25
1.0,113.32768177756496,23.172185306796905,2018-10-03-06-00-25
1.0,113.32668380491711,23.17243711331908,2018-10-03-06-00-25
1.0,113.32743227113934,23.17243568685174,2018-10-03-06-00-25
1.0,113.32768176054029,23.17243521181532,2018-10-03-06-00-25
1.0,113.32818074041292,23.17243426249571,2018-10-03-06-00-25
1.0,113.32992718261677,23.17243094908421,2018-10-03-06-00-25
1.0,113.33017667614509,23.17243047707366,2018-10-03-06-00-25
1.0,113.33317064024722,23.172424845377908,2018-10-03-06-00-25
1.0,113.33566568047863,23.17242020841495,2018-10-03-06-00-25
1.0,113.32643429977213,23.17268749427734,2018-10-03-06-00-25
1.0,113.32768174351546,23.172685116872785,2018-10-03-06-00-25
1.0,113.32867970477368,23.17268321932015,2018-10-03-06-00-25
1.0,113.33042615312391,23.172679910490665,2018-10-03-06-00-25
1.0,113.33491714377475,23.172671498386933,2018-10-03-06-00-25
1.0,113.33541615611114,23.17267057448506,2018-10-03-06-00-25
1.0,113.33691321193203,23.172667818259164,2018-10-03-06-00-25
1.0,113.32668377087535,23.172936923473443,2018-10-03-06-00-25
1.0,113.32768172649045,23.17293502196935,2018-10-03-06-00-25
1.0,113.32793121624182,23.172934547179803,2018-10-03-06-00-25
1.0,113.3291786707544,23.172932177369173,2018-10-03-06-00-25
1.0,113.32967765549553,23.172931231606327,2018-10-03-06-00-25
1.0,113.3354161390553,23.172920479580338,2018-10-03-06-00-25
1.0,113.32668375385423,23.173186828609328,2018-10-03-06-00-25
1.0,113.32693324227523,23.17318635290611,2018-10-03-06-00-25
1.0,113.33591513739651,23.173169463327586,2018-10-03-06-00-25
1.0,113.33691317780853,23.17316762848837,2018-10-03-06-00-25
1.0,113.33766171694865,23.173166259685825,2018-10-03-06-00-25
1.0,113.32718271398515,23.173435782587763,2018-10-03-06-00-25
1.0,113.32743220304303,23.173435307316588,2018-10-03-06-00-25
1.0,113.32793118218929,23.17343435749037,2018-10-03-06-00-25
1.0,113.32843016279895,23.173433408701438,2018-10-03-06-00-25
1.0,113.33466758756352,23.173421676654105,2018-10-03-06-00-25
1.0,113.33691316074652,23.173417533661762,2018-10-03-06-00-25
1.0,113.32768167541444,23.173684737494195,2018-10-03-06-00-25
1.0,113.328180655277,23.173683788174174,2018-10-03-06-00-25
1.0,113.32942811180472,23.17368141984498,2018-10-03-06-00-25
1.0,113.3371626558661,23.173666981888754,2018-10-03-06-00-25
1.0,113.32867961962684,23.17393274519424,2018-10-03-06-00-25
1.0,113.32892911091797,23.173932271515998,2018-10-03-06-00-25
1.0,113.33441804913582,23.173921950575156,2018-10-03-06-00-25
1.0,113.32668368576805,23.17418644954551,2018-10-03-06-00-25
1.0,113.32743215196905,23.1741850230773,2018-10-03-06-00-25
1.0,113.33591506916302,23.174169084257617,2018-10-03-06-00-25
1.0,113.33716262173931,23.174166792431986,2018-10-03-06-00-25
1.0,113.32718264589022,23.17443540368099,2018-10-03-06-00-25
1.0,113.32793111408225,23.174433978583103,2018-10-03-06-00-25
1.0,113.32843009468385,23.17443302979384,2018-10-03-06-00-25
1.0,113.32867958556695,23.174432555819102,2018-10-03-06-00-25
1.0,113.32892907685607,23.17443208214078,2018-10-03-06-00-25
1.0,113.32917856856464,23.17443160877123,2018-10-03-06-00-25
1.0,113.32818058716525,23.174683409424333,2018-10-03-06-00-25
1.0,113.32843007765466,23.174682935165503,2018-10-03-06-00-25
1.0,113.32793108002772,23.17493378936613,2018-10-03-06-00-25
1.0,113.32768157325792,23.17518416960692,2018-10-03-06-00-25
1.0,113.32793106300022,23.175183694817,2018-10-03-06-00-25
1.0,113.32818055310838,23.175183220286403,2018-10-03-06-00-25
1.0,113.32768155623125,23.17543407509747,2018-10-03-06-00-25
1.0,113.32818053607969,23.17543312577687,2018-10-03-06-00-25
1.0,113.33541596848772,23.175419532695575,2018-10-03-06-00-25
1.0,113.32643409552172,23.175686358034756,2018-10-03-06-00-25
1.0,113.33566545872918,23.175668977210062,2018-10-03-06-00-25
1.0,113.33591491562788,23.17641823366186,2018-10-03-06-00-25
1.0,113.33766149509188,23.176415030016283,2018-10-03-06-00-25
1.0,113.33791100987843,23.17641457520863,2018-10-03-06-00-25
1.0,113.32967736590815,23.17717962427718,2018-10-03-06-00-25
1.0,113.33691288773169,23.177416021812594,2018-10-03-06-00-25
1.0,113.33766142682258,23.177414653007908,2018-10-03-06-00-25
2.0,113.33117429740446,23.177676607338086,2018-10-03-06-00-25
1.0,113.33117428036208,23.177926513227437,2018-10-03-06-00-25
1.0,113.33791090746769,23.177914009936355,2018-10-03-06-00-25
1.0,113.32693288477182,23.178434369899406,2018-10-03-06-00-25
1.0,113.32718237348384,23.178433894405178,2018-10-03-06-00-25
1.0,113.32743186252151,23.178433419133174,2018-10-03-06-00-25
1.0,113.3311742462768,23.178426325126896,2018-10-03-06-00-25
1.0,113.3369128194713,23.17841564544674,2018-10-03-06-00-25
1.0,113.32743184549368,23.17868332514401,2018-10-03-06-00-25
1.0,113.3361642709388,23.17866692657799,2018-10-03-06-00-25
1.0,113.32693285072004,23.17893418196164,2018-10-03-06-00-25
1.0,113.33117421219086,23.178926137187723,2018-10-03-06-00-25
1.0,113.33541572966506,23.178918213737823,2018-10-03-06-00-25
1.0,113.33616425387602,23.178916832627767,2018-10-03-06-00-25
1.0,113.3369127853401,23.178915457505646,2018-10-03-06-00-25
1.0,113.33716229750155,23.178915000519105,2018-10-03-06-00-25
1.0,113.32718232240289,23.179183612559047,2018-10-03-06-00-25
1.0,113.32917824492414,23.179179817642996,2018-10-03-06-00-25
1.0,113.33691276827425,23.179165363595743,2018-10-03-06-00-25
1.0,113.33716228043474,23.17916490660916,2018-10-03-06-00-25
1.0,113.32743179440921,23.179433043419102,2018-10-03-06-00-25
1.0,113.3341681703507,23.179420340220673,2018-10-03-06-00-25
1.0,113.33466717823575,23.17941941272772,2018-10-03-06-00-25
1.0,113.33641372941256,23.179416185793013,2018-10-03-06-00-25
1.0,113.33691275120823,23.179415269726345,2018-10-03-06-00-25
1.0,113.33716226336774,23.17941481273972,2018-10-03-06-00-25
1.0,113.32743177738071,23.17968294959184,2018-10-03-06-00-25
1.0,113.33317014582144,23.17967210809034,2018-10-03-06-00-25
1.0,113.33466716117833,23.179669318899258,2018-10-03-06-00-25
1.0,113.3371622463006,23.179664718910832,2018-10-03-06-00-25
1.0,113.32842972000311,23.179930957185732,2018-10-03-06-00-25
1.0,113.3329206285523,23.179922481054017,2018-10-03-06-00-25
1.0,113.33317012876978,23.17992201430273,2018-10-03-06-00-25
1.0,113.3336691311581,23.179921082367674,2018-10-03-06-00-25
1.0,113.3344176398236,23.17991968856807,2018-10-03-06-00-25
1.0,113.3379107709107,23.179913258495073,2018-10-03-06-00-25
1.0,113.33292061150145,23.180172387307113,2018-10-03-06-00-25
1.0,113.32693274856071,23.18043361912081,2018-10-03-06-00-25
1.0,113.33366909705032,23.18042089491433,2018-10-03-06-00-25
1.0,113.33267107781809,23.180672667193033,2018-10-03-06-00-25
1.0,113.32643373802581,23.180934383439272,2018-10-03-06-00-25
1.0,113.33791070262818,23.180912883748622,2018-10-03-06-00-25
1.0,113.34365050018575,23.17090643100664,2018-10-03-06-00-25
1.0,113.34489821216914,23.17090427408604,2018-10-03-06-00-25
1.0,113.34564685437279,23.170902992848248,2018-10-03-06-00-25
1.0,113.34589640435213,23.170902567991426,2018-10-03-06-00-25
1.0,113.34614595564155,23.17090214426519,2018-10-03-06-00-25
1.0,113.34514774120247,23.171153750728255,2018-10-03-06-00-25
1.0,113.34265231803937,23.171407984752108,2018-10-03-06-00-25
1.0,113.34439908950817,23.171404943365282,2018-10-03-06-00-25
1.0,113.34489817798793,23.171404083767023,2018-10-03-06-00-25
1.0,113.34165417130399,23.171659649365747,2018-10-03-06-00-25
1.0,113.34439907241912,23.171654848264073,2018-10-03-06-00-25
1.0,113.34564678599885,23.171902612365013,2018-10-03-06-00-25
1.0,113.33566568047863,23.17242020841495,2018-10-03-06-00-25
1.0,113.33491714377475,23.172671498386933,2018-10-03-06-00-25
1.0,113.33541615611114,23.17267057448506,2018-10-03-06-00-25
1.0,113.33691321193203,23.172667818259164,2018-10-03-06-00-25
1.0,113.3354161390553,23.172920479580338,2018-10-03-06-00-25
1.0,113.34689448070938,23.172900119640627,2018-10-03-06-00-25
1.0,113.34714403735731,23.17289970055208,2018-10-03-06-00-25
1.0,113.33591513739651,23.173169463327586,2018-10-03-06-00-25
1.0,113.33691317780853,23.17316762848837,2018-10-03-06-00-25
1.0,113.33766171694865,23.173166259685825,2018-10-03-06-00-25
1.0,113.34265219845747,23.173157319864213,2018-10-03-06-00-25
1.0,113.34389988635132,23.173155142316663,2018-10-03-06-00-25
1.0,113.34564670052767,23.173152137637487,2018-10-03-06-00-25
1.0,113.33691316074652,23.173417533661762,2018-10-03-06-00-25
1.0,113.34215311432192,23.173408102985615,2018-10-03-06-00-25
1.0,113.34489804125633,23.173403324048476,2018-10-03-06-00-25
1.0,113.34589623340331,23.173401617952145,2018-10-03-06-00-25
1.0,113.34614578468378,23.17340119422548,2018-10-03-06-00-25
1.0,113.34639533728689,23.173400771640992,2018-10-03-06-00-25
1.0,113.3371626558661,23.173666981888754,2018-10-03-06-00-25
1.0,113.338160713311,23.173665161207644,2018-10-03-06-00-25
1.0,113.33841022991743,23.173664707913385,2018-10-03-06-00-25
1.0,113.33865974744816,23.173664255393746,2018-10-03-06-00-25
1.0,113.33890926591633,23.173663803660812,2018-10-03-06-00-25
1.0,113.34365031223082,23.173655386182723,2018-10-03-06-00-25
1.0,113.34489802416412,23.173653229259774,2018-10-03-06-00-25
1.0,113.34514757027894,23.173652801080458,2018-10-03-06-00-25
1.0,113.34564666633801,23.173651948020566,2018-10-03-06-00-25
1.0,113.33841021284931,23.173914613165103,2018-10-03-06-00-25
1.0,113.33965781000313,23.17391235855441,2018-10-03-06-00-25
1.0,113.34514755318567,23.17390270633103,2018-10-03-06-00-25
1.0,113.34589619921154,23.173901428413718,2018-10-03-06-00-25
1.0,113.34614575049022,23.173901004686968,2018-10-03-06-00-25
1.0,113.3473935269737,23.173898903416916,2018-10-03-06-00-25
1.0,113.33591506916302,23.174169084257617,2018-10-03-06-00-25
1.0,113.33716262173931,23.174166792431986,2018-10-03-06-00-25
1.0,113.34689439521256,23.17414964569567,2018-10-03-06-00-25
1.0,113.34090539774206,23.174409935436707,2018-10-03-06-00-25
1.0,113.34140445378779,23.174409048121404,2018-10-03-06-00-25
1.0,113.34564661505229,23.1744016638902,2018-10-03-06-00-25
1.0,113.3389091976352,23.1746634249038,2018-10-03-06-00-25
1.0,113.33940823742844,23.17466252384599,2018-10-03-06-00-25
1.0,113.33965775878347,23.174662074545385,2018-10-03-06-00-25
1.0,113.34015680447557,23.174661178460944,2018-10-03-06-00-25
1.0,113.34514750190483,23.1746524223192,2018-10-03-06-00-25
1.0,113.34564659795672,23.174651569258966,2018-10-03-06-00-25
1.0,113.34589614792262,23.1746511444015,2018-10-03-06-00-25
1.0,113.34689436101266,23.174649456393293,2018-10-03-06-00-25
1.0,113.34789259586536,23.174647787213765,2018-10-03-06-00-25
1.0,113.33940822035584,23.174912429255354,2018-10-03-06-00-25
1.0,113.33990726405366,23.174911531488977,2018-10-03-06-00-25
1.0,113.34464839384994,23.174903185170677,2018-10-03-06-00-25
1.0,113.34539703219347,23.174901900643754,2018-10-03-06-00-25
1.0,113.34564658086097,23.174901474667266,2018-10-03-06-00-25
1.0,113.34589613082598,23.17490104980976,2018-10-03-06-00-25
1.0,113.34614568210108,23.174900626082835,2018-10-03-06-00-25
1.0,113.34764301796547,23.174898108111165,2018-10-03-06-00-25
1.0,113.33890916349364,23.175163235762287,2018-10-03-06-00-25
1.0,113.3426520617824,23.175156562345983,2018-10-03-06-00-25
1.0,113.33541596848772,23.175419532695575,2018-10-03-06-00-25
1.0,113.33965770756231,23.175411790892163,2018-10-03-06-00-25
1.0,113.34015675324873,23.17541089480747,2018-10-03-06-00-25
1.0,113.34265204469726,23.175406467834023,2018-10-03-06-00-25
1.0,113.34315111631383,23.175405593797006,2018-10-03-06-00-25
1.0,113.34340065387154,23.17540515827531,2018-10-03-06-00-25
1.0,113.33566545872918,23.175668977210062,2018-10-03-06-00-25
1.0,113.33841009336781,23.17566395103258,2018-10-03-06-00-25
36.0,113.33940816913703,23.175662145721184,2018-10-03-06-00-25
1.0,113.34265202761196,23.17565637336176,2018-10-03-06-00-25
1.0,113.33865959382048,23.17591340408077,2018-10-03-06-00-25
2.0,113.33940815206375,23.175912051289224,2018-10-03-06-00-25
1.0,113.33965767341404,23.175911601988407,2018-10-03-06-00-25
1.0,113.34015671909667,23.175910705903544,2018-10-03-06-00-25
1.0,113.34564651247632,23.175901096696883,2018-10-03-06-00-25
1.0,113.3381605426319,23.176164215503473,2018-10-03-06-00-25
1.0,113.34015670202038,23.176160611511257,2018-10-03-06-00-25
1.0,113.34165386385502,23.176157944254147,2018-10-03-06-00-25
1.0,113.33591491562788,23.17641823366186,2018-10-03-06-00-25
1.0,113.33766149509188,23.176415030016283,2018-10-03-06-00-25
1.0,113.33791100987843,23.17641457520863,2018-10-03-06-00-25
1.0,113.34040620930041,23.176410070398724,2018-10-03-06-00-25
1.0,113.34065573468563,23.176409624509546,2018-10-03-06-00-25
1.0,113.34140431714323,23.1764082921873,2018-10-03-06-00-25
1.0,113.34514738224371,23.17640176101113,2018-10-03-06-00-25
1.0,113.34614557951235,23.17640005936535,2018-10-03-06-00-25
1.0,113.34664468603238,23.176399215349086,2018-10-03-06-00-25
1.0,113.33865954260824,23.176663121024298,2018-10-03-06-00-25
1.0,113.33890906106494,23.17666266929086,2018-10-03-06-00-25
1.0,113.33915858047213,23.1766622183562,2018-10-03-06-00-25
1.0,113.34489781904463,23.176652094877596,2018-10-03-06-00-25
1.0,113.33841000801887,23.176913479272184,2018-10-03-06-00-25
1.0,113.33865952553715,23.176913026751997,2018-10-03-06-00-25
1.0,113.33915856339914,23.176912124083813,2018-10-03-06-00-25
1.0,113.33816047435558,23.177163838334796,2018-10-03-06-00-25
1.0,113.33990711037563,23.177160681960405,2018-10-03-06-00-25
1.0,113.34589597694867,23.17715020027199,2018-10-03-06-00-25
1.0,113.33691288773169,23.177416021812594,2018-10-03-06-00-25
1.0,113.33766142682258,23.177414653007908,2018-10-03-06-00-25
1.0,113.34664461762941,23.17739883833459,2018-10-03-06-00-25
1.0,113.33890899277579,23.177662292441823,2018-10-03-06-00-25
1.0,113.33915851217917,23.177661841506993,2018-10-03-06-00-25
1.0,113.34539684413912,23.177650862760174,2018-10-03-06-00-25
1.0,113.3473932704341,23.177647486924556,2018-10-03-06-00-25
1.0,113.33791090746769,23.177914009936355,2018-10-03-06-00-25
1.0,113.3414042146528,23.17790772691148,2018-10-03-06-00-25
1.0,113.34165374427688,23.17790728462539,2018-10-03-06-00-25
1.0,113.34240233976146,23.177905963398693,2018-10-03-06-00-25
1.0,113.34265187383669,23.177905524906596,2018-10-03-06-00-25
1.0,113.34689413869692,23.177898229801656,2018-10-03-06-00-25
1.0,113.3421527897332,23.17815630878485,2018-10-03-06-00-25
1.0,113.34789235639795,23.17814646654664,2018-10-03-06-00-25
1.0,113.3369128194713,23.17841564544674,2018-10-03-06-00-25
1.0,113.33840990559462,23.17841291448092,2018-10-03-06-00-25
1.0,113.34389952745984,23.17840315925017,2018-10-03-06-00-25
1.0,113.3361642709388,23.17866692657799,2018-10-03-06-00-25
1.0,113.34439859385779,23.178652201414994,2018-10-03-06-00-25
1.0,113.33541572966506,23.178918213737823,2018-10-03-06-00-25
1.0,113.33616425387602,23.178916832627767,2018-10-03-06-00-25
1.0,113.3369127853401,23.178915457505646,2018-10-03-06-00-25
1.0,113.33716229750155,23.178915000519105,2018-10-03-06-00-25
1.0,113.33691276827425,23.179165363595743,2018-10-03-06-00-25
1.0,113.33716228043474,23.17916490660916,2018-10-03-06-00-25
1.0,113.3381603377949,23.17916308592435,2018-10-03-06-00-25
1.0,113.33840985438023,23.17916263262917,2018-10-03-06-00-25
1.0,113.33890889033705,23.179161728374744,2018-10-03-06-00-25
1.0,113.33940793009599,23.179160827315414,2018-10-03-06-00-25
1.0,113.33641372941256,23.179416185793013,2018-10-03-06-00-25
1.0,113.33691275120823,23.179415269726345,2018-10-03-06-00-25
1.0,113.33716226336774,23.17941481273972,2018-10-03-06-00-25
1.0,113.33840983730843,23.179412538759518,2018-10-03-06-00-25
1.0,113.33865935481715,23.179412086238912,2018-10-03-06-00-25
1.0,113.33915839266005,23.179411183569883,2018-10-03-06-00-25
1.0,113.33965743435736,23.17941028414419,2018-10-03-06-00-25
1.0,113.3371622463006,23.179664718910832,2018-10-03-06-00-25
1.0,113.3374117593178,23.179664262638177,2018-10-03-06-00-25
1.0,113.3379107709107,23.179913258495073,2018-10-03-06-00-25
1.0,113.33840980316434,23.179912351141933,2018-10-03-06-00-25
1.0,113.33940787886866,23.179910545827674,2018-10-03-06-00-25
1.0,113.33816026951055,23.180162710689462,2018-10-03-06-00-25
1.0,113.33890882204122,23.180161353139347,2018-10-03-06-00-25
1.0,113.33915834143507,23.180160902204097,2018-10-03-06-00-25
1.0,113.33890880496683,23.180411259432155,2018-10-03-06-00-25
1.0,113.33816023536737,23.180662523316094,2018-10-03-06-00-25
1.0,113.33865926945089,23.18066161749984,2018-10-03-06-00-25
1.0,113.3441489147534,23.180651882335102,2018-10-03-06-00-25
1.0,113.33791070262818,23.180912883748622,2018-10-03-06-00-25
1.0,113.33840973487415,23.180911976395144,2018-10-03-06-00-25
1.0,113.3458964214461,23.170652663209218,2018-10-03-06-00-25
1.0,113.34814243172313,23.17064889176096,2018-10-03-06-00-25
1.0,113.35013898172608,23.17064562301531,2018-10-03-06-00-25
1.0,113.35238521708175,23.170642047284446,2018-10-03-06-00-25
1.0,113.35413237977271,23.170639345515433,2018-10-03-06-00-25
1.0,113.35438198119353,23.17063896546461,2018-10-03-06-00-25
1.0,113.34489821216914,23.17090427408604,2018-10-03-06-00-25
1.0,113.34564685437279,23.170902992848248,2018-10-03-06-00-25
1.0,113.34589640435213,23.170902567991426,2018-10-03-06-00-25
1.0,113.34614595564155,23.17090214426519,2018-10-03-06-00-25
1.0,113.34514774120247,23.171153750728255,2018-10-03-06-00-25
1.0,113.34489817798793,23.171404083767023,2018-10-03-06-00-25
1.0,113.35013893039913,23.17139533747595,2018-10-03-06-00-25
1.0,113.35113724148684,23.17139373453229,2018-10-03-06-00-25
1.0,113.34564678599885,23.171902612365013,2018-10-03-06-00-25
1.0,113.35138678892316,23.171893147025774,2018-10-03-06-00-25
1.0,113.34814232910911,23.172148321033788,2018-10-03-06-00-25
1.0,113.34864145781971,23.172147496214954,2018-10-03-06-00-25
1.0,113.34689448070938,23.172900119640627,2018-10-03-06-00-25
1.0,113.34714403735731,23.17289970055208,2018-10-03-06-00-25
1.0,113.3493901104461,23.172895983603123,2018-10-03-06-00-25
1.0,113.34564670052767,23.173152137637487,2018-10-03-06-00-25
1.0,113.3501388106304,23.173144672579014,2018-10-03-06-00-25
1.0,113.34489804125633,23.173403324048476,2018-10-03-06-00-25
1.0,113.34589623340331,23.173401617952145,2018-10-03-06-00-25
1.0,113.34614578468378,23.17340119422548,2018-10-03-06-00-25
1.0,113.34639533728689,23.173400771640992,2018-10-03-06-00-25
1.0,113.35138668623745,23.17339257746417,2018-10-03-06-00-25
1.0,113.34489802416412,23.173653229259774,2018-10-03-06-00-25
1.0,113.34514757027894,23.173652801080458,2018-10-03-06-00-25
1.0,113.34564666633801,23.173651948020566,2018-10-03-06-00-25
1.0,113.35038835186273,23.17364408020932,2018-10-03-06-00-25
1.0,113.34514755318567,23.17390270633103,2018-10-03-06-00-25
1.0,113.34589619921154,23.173901428413718,2018-10-03-06-00-25
1.0,113.34614575049022,23.173901004686968,2018-10-03-06-00-25
1.0,113.3473935269737,23.173898903416916,2018-10-03-06-00-25
1.0,113.35138665200753,23.173892387923832,2018-10-03-06-00-25
1.0,113.34689439521256,23.17414964569567,2018-10-03-06-00-25
1.0,113.35138663489232,23.174142293212697,2018-10-03-06-00-25
1.0,113.34564661505229,23.1744016638902,2018-10-03-06-00-25
1.0,113.34514750190483,23.1746524223192,2018-10-03-06-00-25
1.0,113.34564659795672,23.174651569258966,2018-10-03-06-00-25
1.0,113.34589614792262,23.1746511444015,2018-10-03-06-00-25
1.0,113.34689436101266,23.174649456393293,2018-10-03-06-00-25
1.0,113.34789259586536,23.174647787213765,2018-10-03-06-00-25
1.0,113.34464839384994,23.174903185170677,2018-10-03-06-00-25
1.0,113.34539703219347,23.174901900643754,2018-10-03-06-00-25
1.0,113.34564658086097,23.174901474667266,2018-10-03-06-00-25
1.0,113.34589613082598,23.17490104980976,2018-10-03-06-00-25
1.0,113.34614568210108,23.174900626082835,2018-10-03-06-00-25
1.0,113.34764301796547,23.174898108111165,2018-10-03-06-00-25
1.0,113.34864121833917,23.175646169996195,2018-10-03-06-00-25
1.0,113.34564651247632,23.175901096696883,2018-10-03-06-00-25
1.0,113.34514738224371,23.17640176101113,2018-10-03-06-00-25
1.0,113.34614557951235,23.17640005936535,2018-10-03-06-00-25
1.0,113.34664468603238,23.176399215349086,2018-10-03-06-00-25
1.0,113.34988901425724,23.176393846958007,2018-10-03-06-00-25
1.0,113.34489781904463,23.176652094877596,2018-10-03-06-00-25
1.0,113.34589597694867,23.17715020027199,2018-10-03-06-00-25
1.0,113.34664461762941,23.17739883833459,2018-10-03-06-00-25
1.0,113.34539684413912,23.177650862760174,2018-10-03-06-00-25
1.0,113.3473932704341,23.177647486924556,2018-10-03-06-00-25
1.0,113.34963935628525,23.17764378117717,2018-10-03-06-00-25
1.0,113.34689413869692,23.177898229801656,2018-10-03-06-00-25
1.0,113.34789235639795,23.17814646654664,2018-10-03-06-00-25
1.0,113.34988879179053,23.179642624006195,2018-10-03-06-00-25
