count,wgs_lng,wgs_lat,time
1.0,113.33267358240565,23.1439368453362,2018-10-01-05-00-32
1.0,113.33442009425494,23.143933585634848,2018-10-01-05-00-32
1.0,113.33566762384213,23.143931274424112,2018-10-01-05-00-32
1.0,113.33591713204439,23.14393081405588,2018-10-01-05-00-32
1.0,113.33616664103911,23.143930354340792,2018-10-01-05-00-32
1.0,113.33666566145891,23.143929436918803,2018-10-01-05-00-32
1.0,113.32493931504284,23.144201414845107,2018-10-01-05-00-32
1.0,113.3354180993825,23.144181636392755,2018-10-01-05-00-32
1.0,113.3356676068045,23.144181175383547,2018-10-01-05-00-32
1.0,113.32493928105285,23.14470121686595,2018-10-01-05-00-32
1.0,113.32593722932121,23.14469931036996,2018-10-01-05-00-32
1.0,113.32943008646882,23.14469266303795,2018-10-01-05-00-32
1.0,113.33566757272877,23.14468097740082,2018-10-01-05-00-32
1.0,113.33591708092811,23.144680517032466,2018-10-01-05-00-32
1.0,113.32543823772619,23.144950164406232,2018-10-01-05-00-32
1.0,113.32693514772004,23.145197208592187,2018-10-01-05-00-32
1.0,113.33167550445334,23.14518822428586,2018-10-01-05-00-32
1.0,113.33566753865236,23.14518077954966,2018-10-01-05-00-32
1.0,113.33591704684976,23.145180319181218,2018-10-01-05-00-32
1.0,113.33691508769633,23.145178484360766,2018-10-01-05-00-32
1.0,113.33716459998821,23.145178027379888,2018-10-01-05-00-32
1.0,113.32643615394886,23.14544806131229,2018-10-01-05-00-32
1.0,113.32992902129558,23.14544142123942,2018-10-01-05-00-32
1.0,113.33591702981033,23.145430220305077,2018-10-01-05-00-32
1.0,113.32518869979295,23.14570034448128,2018-10-01-05-00-32
1.0,113.33417047130378,23.145683357073445,2018-10-01-05-00-32
1.0,113.33641603155233,23.145679202696563,2018-10-01-05-00-32
1.0,113.32543816973546,23.14594976897488,2018-10-01-05-00-32
1.0,113.3256876569067,23.14594929241234,2018-10-01-05-00-32
1.0,113.32967949410215,23.14594169595273,2018-10-01-05-00-32
1.0,113.32768354722137,23.146195387504562,2018-10-01-05-00-32
1.0,113.33417043723777,23.146183159487283,2018-10-01-05-00-32
1.0,113.32868149189507,23.146443391227127,2018-10-01-05-00-32
1.0,113.33092693073189,23.146439140317753,2018-10-01-05-00-32
1.0,113.33541794604518,23.146430746509925,2018-10-01-05-00-32
1.0,113.32493914508628,23.14670042626953,2018-10-01-05-00-32
1.0,113.32568758890926,23.146948897511624,2018-10-01-05-00-32
1.0,113.3276834961988,23.146945091377937,2018-10-01-05-00-32
1.0,113.33092689669063,23.146938942932238,2018-10-01-05-00-32
1.0,113.33142588854211,23.14693800245202,2018-10-01-05-00-32
1.0,113.33566741937969,23.14693008811324,2018-10-01-05-00-32
1.0,113.33591692757027,23.14692962774451,2018-10-01-05-00-32
1.0,113.32718450052433,23.147195943034863,2018-10-01-05-00-32
1.0,113.33017839581024,23.147190258035963,2018-10-01-05-00-32
1.0,113.33167536826704,23.147187434211297,2018-10-01-05-00-32
1.0,113.33317236111752,23.14718462639057,2018-10-01-05-00-32
1.0,113.33117634128034,23.147688176654416,2018-10-01-05-00-32
1.0,113.3344198217112,23.147932004954374,2018-10-01-05-00-32
1.0,113.33666538877485,23.147927856232307,2018-10-01-05-00-32
1.0,113.32967934095915,23.14819080817211,2018-10-01-05-00-32
1.0,113.3306773164601,23.14818892091179,2018-10-01-05-00-32
1.0,113.33142580342606,23.14818750957331,2018-10-01-05-00-32
1.0,113.33317227596594,23.14843413367826,2018-10-01-05-00-32
1.0,113.33392078092447,23.148432736599748,2018-10-01-05-00-32
1.0,113.33466929206098,23.148431344518443,2018-10-01-05-00-32
1.0,113.33641584408443,23.14842811762003,2018-10-01-05-00-32
1.0,113.33217426131684,23.148685905208634,2018-10-01-05-00-32
1.0,113.32543796574731,23.148948585880095,2018-10-01-05-00-32
1.0,113.32967928990848,23.148940512849503,2018-10-01-05-00-32
1.0,113.33541777565455,23.148929760915383,2018-10-01-05-00-32
1.0,113.32643589890425,23.149196582192936,2018-10-01-05-00-32
1.0,113.33117623914355,23.149187585906827,2018-10-01-05-00-32
1.0,113.32493895811484,23.14944934268986,2018-10-01-05-00-32
1.0,113.32693485863514,23.149445532258063,2018-10-01-05-00-32
1.0,113.33117622212016,23.149437487567244,2018-10-01-05-00-32
1.0,113.32543791474653,23.149698290864265,2018-10-01-05-00-32
1.0,113.32668535311265,23.149695909652486,2018-10-01-05-00-32
1.0,113.3331721908102,23.149683641809432,2018-10-01-05-00-32
1.0,113.33491871201788,23.14968038978876,2018-10-01-05-00-32
1.0,113.32768329209358,23.149943909892762,2018-10-01-05-00-32
1.0,113.32918021989703,23.15019096707825,2018-10-01-05-00-32
1.0,113.3296792048207,23.150190021322945,2018-10-01-05-00-32
1.0,113.32768325807372,23.15044371345302,2018-10-01-05-00-32
1.0,113.33117615402497,23.15043709454913,2018-10-01-05-00-32
1.0,113.33491864386276,23.150679996904568,2018-10-01-05-00-32
1.0,113.32668526808276,23.150945418639566,2018-10-01-05-00-32
1.0,113.33417011357744,23.15093128911224,2018-10-01-05-00-32
1.0,113.33491862682357,23.15092989876899,2018-10-01-05-00-32
1.0,113.32743371755599,23.15119389408287,2018-10-01-05-00-32
1.0,113.32818218708658,23.151192469737392,2018-10-01-05-00-32
1.0,113.33342158959553,23.151182586462053,2018-10-01-05-00-32
1.0,113.33466910464794,23.15118026352757,2018-10-01-05-00-32
1.0,113.32468933562927,23.15144903414237,2018-10-01-05-00-32
1.0,113.32967911972877,23.151439530649718,2018-10-01-05-00-32
1.0,113.33466908760938,23.151430165460695,2018-10-01-05-00-32
1.0,113.33541760524723,23.15142877870603,2018-10-01-05-00-32
1.0,113.32843164364306,23.151691799385194,2018-10-01-05-00-32
1.0,113.32967910270987,23.151689432618088,2018-10-01-05-00-32
1.0,113.33017808945972,23.15168848824567,2018-10-01-05-00-32
1.0,113.33591660377044,23.151677759293456,2018-10-01-05-00-32
1.0,113.33067706113178,23.151937447358122,2018-10-01-05-00-32
1.0,113.33392054243652,23.151931361513302,2018-10-01-05-00-32
1.0,113.32942957599471,23.152189709369537,2018-10-01-05-00-32
1.0,113.32967906867161,23.152189236658298,2018-10-01-05-00-32
1.0,113.3339205254004,23.152181263549963,2018-10-01-05-00-32
1.0,113.335168047497,23.152178946351004,2018-10-01-05-00-32
1.0,113.32493875412307,23.152448165292608,2018-10-01-05-00-32
1.0,113.3256872148758,23.152446735207068,2018-10-01-05-00-32
1.0,113.32468923363447,23.15294844647573,2018-10-01-05-00-32
1.0,113.3276830879644,23.15294273331464,2018-10-01-05-00-32
1.0,113.33192447396344,23.15293470562055,2018-10-01-05-00-32
1.0,113.33217397183476,23.152934236923098,2018-10-01-05-00-32
1.0,113.33392047429109,23.15293096986766,2018-10-01-05-00-32
1.0,113.3336709379155,23.1534312394079,2018-10-01-05-00-32
1.0,113.33292241796252,23.15368254032616,2018-10-01-05-00-32
1.0,113.33317191828381,23.153682073579244,2018-10-01-05-00-32
1.0,113.33442009425494,23.143933585634848,2018-10-01-05-00-32
1.0,113.33566762384213,23.143931274424112,2018-10-01-05-00-32
1.0,113.33591713204439,23.14393081405588,2018-10-01-05-00-32
1.0,113.33616664103911,23.143930354340792,2018-10-01-05-00-32
1.0,113.33666566145891,23.143929436918803,2018-10-01-05-00-32
1.0,113.33841225983033,23.143926248305227,2018-10-01-05-00-32
1.0,113.33916081558861,23.14392489313353,2018-10-01-05-00-32
1.0,113.34040842795982,23.14392265089115,2018-10-01-05-00-32
1.0,113.34090748001651,23.1439217600067,2018-10-01-05-00-32
1.0,113.34165606604188,23.143920430421417,2018-10-01-05-00-32
1.0,113.3354180993825,23.144181636392755,2018-10-01-05-00-32
1.0,113.3356676068045,23.144181175383547,2018-10-01-05-00-32
1.0,113.34490002281572,23.14441457173143,2018-10-01-05-00-32
1.0,113.33566757272877,23.14468097740082,2018-10-01-05-00-32
1.0,113.33591708092811,23.144680517032466,2018-10-01-05-00-32
1.0,113.33791317616105,23.144676858621835,2018-10-01-05-00-32
1.0,113.33566753865236,23.14518077954966,2018-10-01-05-00-32
1.0,113.33591704684976,23.145180319181218,2018-10-01-05-00-32
1.0,113.33691508769633,23.145178484360766,2018-10-01-05-00-32
1.0,113.33716459998821,23.145178027379888,2018-10-01-05-00-32
1.0,113.33591702981033,23.145430220305077,2018-10-01-05-00-32
1.0,113.34015880114883,23.145422503890668,2018-10-01-05-00-32
1.0,113.33641603155233,23.145679202696563,2018-10-01-05-00-32
1.0,113.34165594661475,23.145669737820747,2018-10-01-05-00-32
1.0,113.33990924358075,23.14592275385009,2018-10-01-05-00-32
1.0,113.3446503583479,23.1461643088472,2018-10-01-05-00-32
1.0,113.34589809584193,23.146162173510945,2018-10-01-05-00-32
1.0,113.33541794604518,23.146430746509925,2018-10-01-05-00-32
1.0,113.33941016555599,23.14642345408516,2018-10-01-05-00-32
1.0,113.34465034127486,23.146414210102165,2018-10-01-05-00-32
1.0,113.33566741937969,23.14693008811324,2018-10-01-05-00-32
1.0,113.33591692757027,23.14692962774451,2018-10-01-05-00-32
1.0,113.34689625809396,23.146910189386027,2018-10-01-05-00-32
1.0,113.34614757890503,23.147161355007754,2018-10-01-05-00-32
1.0,113.3463971316017,23.147160932427784,2018-10-01-05-00-32
1.0,113.33990914124657,23.147422161684943,2018-10-01-05-00-32
1.0,113.33965960174328,23.147672511568853,2018-10-01-05-00-32
1.0,113.34340254960702,23.147665879022615,2018-10-01-05-00-32
1.0,113.3344198217112,23.147932004954374,2018-10-01-05-00-32
1.0,113.33666538877485,23.147927856232307,2018-10-01-05-00-32
1.0,113.33866150466774,23.147924215098723,2018-10-01-05-00-32
1.0,113.33990910713383,23.14792196456407,2018-10-01-05-00-32
1.0,113.34065768053905,23.147920624310196,2018-10-01-05-00-32
1.0,113.3389110061814,23.148173664860273,2018-10-01-05-00-32
1.0,113.33466929206098,23.148431344518443,2018-10-01-05-00-32
1.0,113.33641584408443,23.14842811762003,2018-10-01-05-00-32
1.0,113.3436520201672,23.148665050544107,2018-10-01-05-00-32
1.0,113.33541777565455,23.148929760915383,2018-10-01-05-00-32
1.0,113.33491871201788,23.14968038978876,2018-10-01-05-00-32
1.0,113.34015851117599,23.14967082808869,2018-10-01-05-00-32
1.0,113.34539874084909,23.149911546678553,2018-10-01-05-00-32
1.0,113.33491864386276,23.150679996904568,2018-10-01-05-00-32
1.0,113.33491862682357,23.15092989876899,2018-10-01-05-00-32
1.0,113.3446500339313,23.150912438438475,2018-10-01-05-00-32
1.0,113.34664642940233,23.150909035367867,2018-10-01-05-00-32
1.0,113.34714554149377,23.15090819602155,2018-10-01-05-00-32
1.0,113.33466910464794,23.15118026352757,2018-10-01-05-00-32
1.0,113.3461473056191,23.151159781272174,2018-10-01-05-00-32
1.0,113.33466908760938,23.151430165460695,2018-10-01-05-00-32
1.0,113.33541760524723,23.15142877870603,2018-10-01-05-00-32
1.0,113.33591660377044,23.151677759293456,2018-10-01-05-00-32
1.0,113.335168047497,23.152178946351004,2018-10-01-05-00-32
1.0,113.34464994854848,23.152161948268013,2018-10-01-05-00-32
1.0,113.34714545606623,23.152157705848936,2018-10-01-05-00-32
1.0,113.3384116800966,23.152422899637568,2018-10-01-05-00-32
1.0,113.34739494581139,23.153156896436165,2018-10-01-05-00-32
1.0,113.34764512035879,23.144160023003053,2018-10-01-05-00-32
1.0,113.35238703046365,23.144152348859606,2018-10-01-05-00-32
1.0,113.35538221862753,23.14414776211505,2018-10-01-05-00-32
1.0,113.34490002281572,23.14441457173143,2018-10-01-05-00-32
1.0,113.3548829692406,23.144648313540927,2018-10-01-05-00-32
1.0,113.35663021926769,23.145145520114085,2018-10-01-05-00-32
1.0,113.3493919741866,23.145656547122563,2018-10-01-05-00-32
1.0,113.35538211597564,23.145647168541625,2018-10-01-05-00-32
1.0,113.34914238755653,23.145906856287702,2018-10-01-05-00-32
1.0,113.35712940825671,23.14589449628851,2018-10-01-05-00-32
1.0,113.3446503583479,23.1461643088472,2018-10-01-05-00-32
1.0,113.34589809584193,23.146162173510945,2018-10-01-05-00-32
1.0,113.35613091779362,23.14614585850792,2018-10-01-05-00-32
1.0,113.35638053339721,23.146145490852554,2018-10-01-05-00-32
1.0,113.35663015081553,23.146145124793794,2018-10-01-05-00-32
1.0,113.35687977005999,23.146144760342136,2018-10-01-05-00-32
1.0,113.3571293911419,23.146144397508056,2018-10-01-05-00-32
1.0,113.34465034127486,23.146414210102165,2018-10-01-05-00-32
1.0,113.35563167487464,23.14639649981935,2018-10-01-05-00-32
1.0,113.35588128688224,23.14639612900236,2018-10-01-05-00-32
1.0,113.35613090068172,23.146395759760875,2018-10-01-05-00-32
1.0,113.35663013370208,23.146395026046655,2018-10-01-05-00-32
1.0,113.35687975294577,23.146394661594954,2018-10-01-05-00-32
2.0,113.35488283238001,23.146647522903745,2018-10-01-05-00-32
1.0,113.3551324390802,23.14664714742387,2018-10-01-05-00-32
1.0,113.3553820475377,23.14664677348763,2018-10-01-05-00-32
1.0,113.35563165776412,23.14664640110568,2018-10-01-05-00-32
1.0,113.35663011658846,23.146644927332808,2018-10-01-05-00-32
1.0,113.34689625809396,23.146910189386027,2018-10-01-05-00-32
1.0,113.34939188873749,23.146906053393575,2018-10-01-05-00-32
1.0,113.34614757890503,23.147161355007754,2018-10-01-05-00-32
1.0,113.3463971316017,23.147160932427784,2018-10-01-05-00-32
1.0,113.3501405892058,23.14715473860519,2018-10-01-05-00-32
1.0,113.35388438871047,23.147148842718845,2018-10-01-05-00-32
1.0,113.35538201331772,23.147146576160473,2018-10-01-05-00-32
1.0,113.34889271695702,23.14740667337028,2018-10-01-05-00-32
1.0,113.35063972473013,23.14740383583527,2018-10-01-05-00-32
1.0,113.35488278105453,23.147397226963434,2018-10-01-05-00-32
1.0,113.34539874084909,23.149911546678553,2018-10-01-05-00-32
1.0,113.34989082715897,23.149904059792025,2018-10-01-05-00-32
1.0,113.35014040117298,23.149903655720333,2018-10-01-05-00-32
1.0,113.34889249478775,23.150655394480975,2018-10-01-05-00-32
1.0,113.3446500339313,23.150912438438475,2018-10-01-05-00-32
1.0,113.34664642940233,23.150909035367867,2018-10-01-05-00-32
1.0,113.34714554149377,23.15090819602155,2018-10-01-05-00-32
1.0,113.3461473056191,23.151159781272174,2018-10-01-05-00-32
1.0,113.34889246060536,23.151155198239366,2018-10-01-05-00-32
1.0,113.34864287692253,23.151405510696232,2018-10-01-05-00-32
1.0,113.34464994854848,23.152161948268013,2018-10-01-05-00-32
1.0,113.34714545606623,23.152157705848936,2018-10-01-05-00-32
1.0,113.35538167108102,23.152144610323926,2018-10-01-05-00-32
1.0,113.34789408324802,23.152906162080498,2018-10-01-05-00-32
1.0,113.34739494581139,23.153156896436165,2018-10-01-05-00-32
1.0,113.3276830879644,23.15294273331464,2018-10-01-05-00-32
1.0,113.33192447396344,23.15293470562055,2018-10-01-05-00-32
1.0,113.33217397183476,23.152934236923098,2018-10-01-05-00-32
1.0,113.33392047429109,23.15293096986766,2018-10-01-05-00-32
1.0,113.3336709379155,23.1534312394079,2018-10-01-05-00-32
1.0,113.33292241796252,23.15368254032616,2018-10-01-05-00-32
1.0,113.33317191828381,23.153682073579244,2018-10-01-05-00-32
1.0,113.32568709584827,23.15419605068834,2018-10-01-05-00-32
1.0,113.3304274133294,23.15418703819666,2018-10-01-05-00-32
1.0,113.33666496262046,23.15417540372961,2018-10-01-05-00-32
1.0,113.32967891549113,23.154438356557502,2018-10-01-05-00-32
1.0,113.33666491147493,23.154925110883276,2018-10-01-05-00-32
1.0,113.32818191486346,23.155190904845696,2018-10-01-05-00-32
1.0,113.33142532669918,23.155184765213157,2018-10-01-05-00-32
1.0,113.32593649820157,23.155445086380077,2018-10-01-05-00-32
1.0,113.33541733256081,23.15542721435238,2018-10-01-05-00-32
1.0,113.33167478935624,23.155684100631106,2018-10-01-05-00-32
1.0,113.32518798577918,23.156196223748243,2018-10-01-05-00-32
1.0,113.33142525858467,23.156184375389238,2018-10-01-05-00-32
1.0,113.32768284978339,23.156441366971354,2018-10-01-05-00-32
1.0,113.32493846509374,23.15669650587431,2018-10-01-05-00-32
1.0,113.3256869257948,23.156695075786665,2018-10-01-05-00-32
1.0,113.3259364131677,23.156694599370386,2018-10-01-05-00-32
1.0,113.32743332629137,23.15694164737824,2018-10-01-05-00-32
1.0,113.32893026862634,23.156938801126753,2018-10-01-05-00-32
1.0,113.33117571134123,23.15693455342541,2018-10-01-05-00-32
1.0,113.33641526451052,23.156924789886872,2018-10-01-05-00-32
1.0,113.3364152474613,23.157174692625368,2018-10-01-05-00-32
1.0,113.3286807091917,23.15793888597573,2018-10-01-05-00-32
1.0,113.33217363120595,23.157932287112132,2018-10-01-05-00-32
1.0,113.3249383630719,23.15819592263864,2018-10-01-05-00-32
1.0,113.32967866016034,23.158186896058197,2018-10-01-05-00-32
1.0,113.32493832906329,23.158695728513514,2018-10-01-05-00-32
1.0,113.32543728561386,23.1589446779809,2018-10-01-05-00-32
1.0,113.32643523561305,23.158942772659827,2018-10-01-05-00-32
1.0,113.33641512811214,23.15892401279749,2018-10-01-05-00-32
1.0,113.33042705579626,23.159434994998993,2018-10-01-05-00-32
1.0,113.33591605828718,23.159674640752986,2018-10-01-05-00-32
1.0,113.33342099331905,23.15992917497075,2018-10-01-05-00-32
1.0,113.327183564947,23.160940570802047,2018-10-01-05-00-32
1.0,113.32942896322791,23.16118620618147,2018-10-01-05-00-32
1.0,113.33591595599005,23.161174060104557,2018-10-01-05-00-32
1.0,113.32593609000104,23.161442756906357,2018-10-01-05-00-32
1.0,113.33042691957384,23.161434220808932,2018-10-01-05-00-32
1.0,113.32818147241,23.161688381245497,2018-10-01-05-00-32
1.0,113.33342082291682,23.16242820832406,2018-10-01-05-00-32
1.0,113.33367032451002,23.162427742624796,2018-10-01-05-00-32
1.0,113.32843089486798,23.162687520919803,2018-10-01-05-00-32
1.0,113.32768240736064,23.16293884806805,2018-10-01-05-00-32
1.0,113.32793189715234,23.162938373280156,2018-10-01-05-00-32
1.0,113.32892986011136,23.16293647684545,2018-10-01-05-00-32
1.0,113.34739494581139,23.153156896436165,2018-10-01-05-00-32
1.0,113.33666496262046,23.15417540372961,2018-10-01-05-00-32
1.0,113.33841154366061,23.15442211745314,2018-10-01-05-00-32
1.0,113.34689572848613,23.154657147189727,2018-10-01-05-00-32
1.0,113.33666491147493,23.154925110883276,2018-10-01-05-00-32
1.0,113.34689571139933,23.154907049607665,2018-10-01-05-00-32
1.0,113.34714526811089,23.154906630522227,2018-10-01-05-00-32
1.0,113.34664613896167,23.155157372323103,2018-10-01-05-00-32
1.0,113.34689569431235,23.1551569520608,2018-10-01-05-00-32
1.0,113.33541733256081,23.15542721435238,2018-10-01-05-00-32
1.0,113.34614701520584,23.15540811882056,2018-10-01-05-00-32
1.0,113.3461469981212,23.155658021344387,2018-10-01-05-00-32
1.0,113.34739474074959,23.15615572524343,2018-10-01-05-00-32
1.0,113.33641526451052,23.156924789886872,2018-10-01-05-00-32
1.0,113.3426533085454,23.156913565266706,2018-10-01-05-00-32
1.0,113.34464962405559,23.156910093564377,2018-10-01-05-00-32
1.0,113.3364152474613,23.157174692625368,2018-10-01-05-00-32
1.0,113.33641512811214,23.15892401279749,2018-10-01-05-00-32
1.0,113.33591605828718,23.159674640752986,2018-10-01-05-00-32
1.0,113.33990825409835,23.16041708142394,2018-10-01-05-00-32
1.0,113.33591595599005,23.161174060104557,2018-10-01-05-00-32
1.0,113.3406567420214,23.161665257742,2018-10-01-05-00-32
1.0,113.34340159345761,23.161660413884483,2018-10-01-05-00-32
1.0,113.34315203877141,23.161910752828927,2018-10-01-05-00-32
1.0,113.34165482018494,23.162163290031366,2018-10-01-05-00-32
1.0,113.3426529499789,23.162161530323274,2018-10-01-05-00-32
1.0,113.34015762390041,23.162665764309434,2018-10-01-05-00-32
1.0,113.34090620022445,23.162664426660857,2018-10-01-05-00-32
1.0,113.34290245110239,23.162660899846266,2018-10-01-05-00-32
1.0,113.34315198753656,23.16266046332493,2018-10-01-05-00-32
1.0,113.34789408324802,23.152906162080498,2018-10-01-05-00-32
1.0,113.34739494581139,23.153156896436165,2018-10-01-05-00-32
1.0,113.34889225549686,23.15415402369144,2018-10-01-05-00-32
1.0,113.35613037012922,23.154142715392794,2018-10-01-05-00-32
1.0,113.34689572848613,23.154657147189727,2018-10-01-05-00-32
1.0,113.34764440275332,23.154655893510007,2018-10-01-05-00-32
1.0,113.34814352589731,23.15465506376075,2018-10-01-05-00-32
1.0,113.34689571139933,23.154907049607665,2018-10-01-05-00-32
1.0,113.34714526811089,23.154906630522227,2018-10-01-05-00-32
1.0,113.35088879040357,23.154900493229576,2018-10-01-05-00-32
1.0,113.34664613896167,23.155157372323103,2018-10-01-05-00-32
1.0,113.34689569431235,23.1551569520608,2018-10-01-05-00-32
1.0,113.34614701520584,23.15540811882056,2018-10-01-05-00-32
1.0,113.3461469981212,23.155658021344387,2018-10-01-05-00-32
1.0,113.34739474074959,23.15615572524343,2018-10-01-05-00-32
1.0,113.34464962405559,23.156910093564377,2018-10-01-05-00-32
1.0,113.34914144742395,23.159651474264546,2018-10-01-05-00-32
1.0,113.35213636482962,23.159896569304298,2018-10-01-05-00-32
1.0,113.34939098271934,23.160150872585078,2018-10-01-05-00-32
1.0,113.35238591870767,23.160395983925575,2018-10-01-05-00-32
1.0,113.35088834572863,23.161397968594624,2018-10-01-05-00-32
1.0,113.35313457302345,23.162144140715252,2018-10-01-05-00-32
1.0,113.3523857818272,23.16239521087451,2018-10-01-05-00-32
1.0,113.33342082291682,23.16242820832406,2018-10-01-05-00-32
1.0,113.33367032451002,23.162427742624796,2018-10-01-05-00-32
1.0,113.32843089486798,23.162687520919803,2018-10-01-05-00-32
1.0,113.32768240736064,23.16293884806805,2018-10-01-05-00-32
1.0,113.32793189715234,23.162938373280156,2018-10-01-05-00-32
1.0,113.32892986011136,23.16293647684545,2018-10-01-05-00-32
1.0,113.32668443456951,23.163190653177683,2018-10-01-05-00-32
1.0,113.32793188013282,23.163188276892107,2018-10-01-05-00-32
1.0,113.33541680410929,23.163174209341268,2018-10-01-05-00-32
1.0,113.32618544151707,23.16344150881019,2018-10-01-05-00-32
1.0,113.32768237332346,23.163438655329056,2018-10-01-05-00-32
1.0,113.33691384309645,23.163421356772393,2018-10-01-05-00-32
1.0,113.32568644955656,23.163692365171006,2018-10-01-05-00-32
1.0,113.32618542450429,23.163691412496537,2018-10-01-05-00-32
1.0,113.32668440054007,23.163690460513127,2018-10-01-05-00-32
1.0,113.32743286686836,23.16368903405013,2018-10-01-05-00-32
1.0,113.32793184609329,23.16368808422714,2018-10-01-05-00-32
1.0,113.3266843835251,23.163940364236527,2018-10-01-05-00-32
1.0,113.32718336075412,23.16393941304301,2018-10-01-05-00-32
1.0,113.32768233928562,23.16393846273839,2018-10-01-05-00-32
1.0,113.32493795492468,23.16419360274669,2018-10-01-05-00-32
1.0,113.33641477001557,23.164171983999086,2018-10-01-05-00-32
1.0,113.32518742456251,23.164443029720207,2018-10-01-05-00-32
1.0,113.32718332671965,23.164439220601267,2018-10-01-05-00-32
1.0,113.32743281581386,23.16443874533158,2018-10-01-05-00-32
1.0,113.33466820137487,23.16442511471245,2018-10-01-05-00-32
1.0,113.3354167018098,23.16467363178495,2018-10-01-05-00-32
1.0,113.33691375781733,23.16467087556709,2018-10-01-05-00-32
1.0,113.33416915928095,23.16492584990553,2018-10-01-05-00-32
1.0,113.33441866292387,23.164925385871587,2018-10-01-05-00-32
1.0,113.33516717818435,23.16492399729738,2018-10-01-05-00-32
1.0,113.33541668475931,23.164923535655983,2018-10-01-05-00-32
1.0,113.32618532242411,23.16519083539638,2018-10-01-05-00-32
1.0,113.33541666770866,23.16517343956443,2018-10-01-05-00-32
1.0,113.32643477626316,23.1656901672442,2018-10-01-05-00-32
1.0,113.32693373584969,23.165939119665172,2018-10-01-05-00-32
1.0,113.33441859473588,23.165925001731058,2018-10-01-05-00-32
1.0,113.33491760416648,23.165924075414402,2018-10-01-05-00-32
1.0,113.3316740739651,23.166180039352756,2018-10-01-05-00-32
1.0,113.33541659950433,23.166173055573424,2018-10-01-05-00-32
1.0,113.32518728848271,23.166442261452293,2018-10-01-05-00-32
1.0,113.33491757006756,23.166423883569525,2018-10-01-05-00-32
1.0,113.33516707588373,23.166423421311386,2018-10-01-05-00-32
1.0,113.33566608978808,23.166422498656814,2018-10-01-05-00-32
1.0,113.33591559790271,23.166422038284818,2018-10-01-05-00-32
1.0,113.33741266369769,23.16641929019525,2018-10-01-05-00-32
1.0,113.33416903995709,23.16667517805481,2018-10-01-05-00-32
1.0,113.33491755301785,23.166673787703672,2018-10-01-05-00-32
1.0,113.33516705883305,23.16667332544549,2018-10-01-05-00-32
1.0,113.3251872544611,23.166942069761614,2018-10-01-05-00-32
1.0,113.33416902291016,23.166925082226875,2018-10-01-05-00-32
1.0,113.32818109793834,23.167186265226878,2018-10-01-05-00-32
1.0,113.32493773380493,23.16744235504743,2018-10-01-05-00-32
1.0,113.32543667326614,23.167941210133012,2018-10-01-05-00-32
1.0,113.33566598746972,23.16792192402893,2018-10-01-05-00-32
1.0,113.33541646308768,23.16817228940376,2018-10-01-05-00-32
1.0,113.33541642898184,23.16867209824147,2018-10-01-05-00-32
1.0,113.33616495331268,23.168670717136557,2018-10-01-05-00-32
1.0,113.32618506719747,23.16893939857264,2018-10-01-05-00-32
1.0,113.33192333266088,23.169678231007065,2018-10-01-05-00-32
1.0,113.33242232886379,23.169677294075797,2018-10-01-05-00-32
1.0,113.33342026047106,23.17067504484099,2018-10-01-05-00-32
1.0,113.32743237327881,23.170936257324794,2018-10-01-05-00-32
1.0,113.33342024342441,23.17092494962531,2018-10-01-05-00-32
1.0,113.33267172560795,23.171176254685548,2018-10-01-05-00-32
1.0,113.33716277530458,23.171917646223108,2018-10-01-05-00-32
1.0,113.34315203877141,23.161910752828927,2018-10-01-05-00-32
1.0,113.34165482018494,23.162163290031366,2018-10-01-05-00-32
1.0,113.3426529499789,23.162161530323274,2018-10-01-05-00-32
1.0,113.34015762390041,23.162665764309434,2018-10-01-05-00-32
1.0,113.34090620022445,23.162664426660857,2018-10-01-05-00-32
1.0,113.34290245110239,23.162660899846266,2018-10-01-05-00-32
1.0,113.34315198753656,23.16266046332493,2018-10-01-05-00-32
1.0,113.34140523928615,23.162913442922264,2018-10-01-05-00-32
1.0,113.33541680410929,23.163174209341268,2018-10-01-05-00-32
1.0,113.3424033475423,23.163161583029186,2018-10-01-05-00-32
1.0,113.33691384309645,23.163421356772393,2018-10-01-05-00-32
1.0,113.3414052051414,23.163413250178674,2018-10-01-05-00-32
1.0,113.34215379746914,23.163411926131683,2018-10-01-05-00-32
1.0,113.34340147390205,23.163409738633526,2018-10-01-05-00-32
1.0,113.34215376331814,23.163911733536168,2018-10-01-05-00-32
1.0,113.34714465284266,23.163903141439253,2018-10-01-05-00-32
1.0,113.33641477001557,23.164171983999086,2018-10-01-05-00-32
1.0,113.33866039594913,23.164167884468032,2018-10-01-05-00-32
1.0,113.34240327923658,23.164161197838087,2018-10-01-05-00-32
1.0,113.34190419729234,23.164411981499974,2018-10-01-05-00-32
1.0,113.3354167018098,23.16467363178495,2018-10-01-05-00-32
1.0,113.33691375781733,23.16467087556709,2018-10-01-05-00-32
1.0,113.33516717818435,23.16492399729738,2018-10-01-05-00-32
1.0,113.33541668475931,23.164923535655983,2018-10-01-05-00-32
1.0,113.33541666770866,23.16517343956443,2018-10-01-05-00-32
1.0,113.33491760416648,23.165924075414402,2018-10-01-05-00-32
1.0,113.33541659950433,23.166173055573424,2018-10-01-05-00-32
1.0,113.3404069093365,23.166163970956475,2018-10-01-05-00-32
1.0,113.33491757006756,23.166423883569525,2018-10-01-05-00-32
1.0,113.33516707588373,23.166423421311386,2018-10-01-05-00-32
1.0,113.33566608978808,23.166422498656814,2018-10-01-05-00-32
1.0,113.33591559790271,23.166422038284818,2018-10-01-05-00-32
1.0,113.33741266369769,23.16641929019525,2018-10-01-05-00-32
1.0,113.33491755301785,23.166673787703672,2018-10-01-05-00-32
1.0,113.33516705883305,23.16667332544549,2018-10-01-05-00-32
1.0,113.33566598746972,23.16792192402893,2018-10-01-05-00-32
1.0,113.33541646308768,23.16817228940376,2018-10-01-05-00-32
1.0,113.33541642898184,23.16867209824147,2018-10-01-05-00-32
1.0,113.33616495331268,23.168670717136557,2018-10-01-05-00-32
1.0,113.34315150927209,23.169657777507602,2018-10-01-05-00-32
1.0,113.3439001255713,23.169656473998092,2018-10-01-05-00-32
1.0,113.34414966673829,23.169656041553555,2018-10-01-05-00-32
1.0,113.34739381767301,23.1696505194741,2018-10-01-05-00-32
1.0,113.34589647272696,23.169902949094375,2018-10-01-05-00-32
1.0,113.3429019386988,23.170158023325396,2018-10-01-05-00-32
1.0,113.34315147510533,23.17015758680278,2018-10-01-05-00-32
1.0,113.34614600692561,23.17015243003464,2018-10-01-05-00-32
1.0,113.34614597273641,23.170652239483026,2018-10-01-05-00-32
1.0,113.34639552534932,23.170651816899014,2018-10-01-05-00-32
1.0,113.34514775829389,23.170903845907194,2018-10-01-05-00-32
1.0,113.34564685437279,23.170902992848248,2018-10-01-05-00-32
1.0,113.33940845935707,23.171413757102172,2018-10-01-05-00-32
1.0,113.34265231803937,23.171407984752108,2018-10-01-05-00-32
1.0,113.34514772411087,23.17140365558809,2018-10-01-05-00-32
1.0,113.34639547406158,23.1714015313616,2018-10-01-05-00-32
1.0,113.3476432573901,23.171399435977698,2018-10-01-05-00-32
1.0,113.34240276685836,23.171658328142232,2018-10-01-05-00-32
1.0,113.33716277530458,23.171917646223108,2018-10-01-05-00-32
1.0,113.34190368496485,23.171909112949486,2018-10-01-05-00-32
1.0,113.34215321681107,23.171908672537644,2018-10-01-05-00-32
1.0,113.35313457302345,23.162144140715252,2018-10-01-05-00-32
1.0,113.3523857818272,23.16239521087451,2018-10-01-05-00-32
1.0,113.35662898671816,23.163138488632487,2018-10-01-05-00-32
1.0,113.34714465284266,23.163903141439253,2018-10-01-05-00-32
1.0,113.35338399655093,23.164642791362024,2018-10-01-05-00-32
1.0,113.35213600551985,23.16514454353853,2018-10-01-05-00-32
1.0,113.35238559359901,23.165144151786937,2018-10-01-05-00-32
1.0,113.3526351833067,23.165143761459866,2018-10-01-05-00-32
1.0,113.35413275641524,23.165141450024727,2018-10-01-05-00-32
1.0,113.35313435054,23.16539288906601,2018-10-01-05-00-32
1.0,113.35587998594495,23.165388725734502,2018-10-01-05-00-32
1.0,113.35388307109847,23.16639135166473,2018-10-01-05-00-32
1.0,113.35363345595692,23.166641638836364,2018-10-01-05-00-32
1.0,113.34839225188807,23.166899911611914,2018-10-01-05-00-32
1.0,113.34939048677431,23.167398080508185,2018-10-01-05-00-32
1.0,113.34839220058674,23.16764962434816,2018-10-01-05-00-32
1.0,113.34839218348596,23.16789952866953,2018-10-01-05-00-32
1.0,113.34939036704232,23.16914741129064,2018-10-01-05-00-32
1.0,113.34963993798668,23.169147004600063,2018-10-01-05-00-32
1.0,113.34939034993707,23.16939731584106,2018-10-01-05-00-32
1.0,113.34739381767301,23.1696505194741,2018-10-01-05-00-32
1.0,113.34589647272696,23.169902949094375,2018-10-01-05-00-32
1.0,113.34988945910561,23.169896312977855,2018-10-01-05-00-32
1.0,113.35138692582808,23.169893908619766,2018-10-01-05-00-32
1.0,113.35438203256106,23.169889251354224,2018-10-01-05-00-32
1.0,113.34614600692561,23.17015243003464,2018-10-01-05-00-32
1.0,113.35063816840636,23.17014500940293,2018-10-01-05-00-32
1.0,113.35188607680531,23.17014302275671,2018-10-01-05-00-32
1.0,113.35363321629318,23.17014030066265,2018-10-01-05-00-32
1.0,113.35587966055911,23.170136907830994,2018-10-01-05-00-32
1.0,113.35238523419793,23.170392142542035,2018-10-01-05-00-32
1.0,113.35263482388834,23.170391752214037,2018-10-01-05-00-32
1.0,113.35513081296466,23.170387929682114,2018-10-01-05-00-32
1.0,113.34614597273641,23.170652239483026,2018-10-01-05-00-32
1.0,113.34639552534932,23.170651816899014,2018-10-01-05-00-32
1.0,113.34864156044416,23.170648066942643,2018-10-01-05-00-32
1.0,113.35063813418586,23.170644818849755,2018-10-01-05-00-32
1.0,113.34514775829389,23.170903845907194,2018-10-01-05-00-32
1.0,113.34564685437279,23.170902992848248,2018-10-01-05-00-32
1.0,113.35438196407068,23.170888870245335,2018-10-01-05-00-32
1.0,113.34814239751913,23.17114870136332,2018-10-01-05-00-32
1.0,113.35013894750828,23.171145432616978,2018-10-01-05-00-32
1.0,113.34514772411087,23.17140365558809,2018-10-01-05-00-32
1.0,113.34639547406158,23.1714015313616,2018-10-01-05-00-32
1.0,113.3476432573901,23.171399435977698,2018-10-01-05-00-32
1.0,113.35637880416827,23.171385694827713,2018-10-01-05-00-32
1.0,113.34814236331445,23.171648511120786,2018-10-01-05-00-32
1.0,113.35138680603687,23.171643242089306,2018-10-01-05-00-32
1.0,113.35163638928037,23.171642846129078,2018-10-01-05-00-32
1.0,113.33267172560795,23.171176254685548,2018-10-01-05-00-32
1.0,113.33716277530458,23.171917646223108,2018-10-01-05-00-32
1.0,113.32743228816301,23.172185781833285,2018-10-01-05-00-32
1.0,113.33441816850045,23.172172614632203,2018-10-01-05-00-32
1.0,113.33616471451221,23.17216938330509,2018-10-01-05-00-32
1.0,113.32768176054029,23.17243521181532,2018-10-01-05-00-32
1.0,113.32793125029367,23.172434737025853,2018-10-01-05-00-32
1.0,113.33641420714358,23.17241882926756,2018-10-01-05-00-32
1.0,113.32618481193336,23.172687970363096,2018-10-01-05-00-32
1.0,113.3271827650546,23.1726860671803,2018-10-01-05-00-32
1.0,113.32768174351546,23.172685116872785,2018-10-01-05-00-32
1.0,113.32818072338607,23.172684167553093,2018-10-01-05-00-32
1.0,113.32867970477368,23.17268321932015,2018-10-01-05-00-32
1.0,113.3294281799339,23.172681799224726,2018-10-01-05-00-32
1.0,113.32967767252858,23.17268132651009,2018-10-01-05-00-32
1.0,113.33042615312391,23.172679910490665,2018-10-01-05-00-32
1.0,113.33391912787202,23.172673353343825,2018-10-01-05-00-32
1.0,113.33466763872272,23.172671961250376,2018-10-01-05-00-32
1.0,113.33516664956646,23.17267103612775,2018-10-01-05-00-32
1.0,113.33691321193203,23.172667818259164,2018-10-01-05-00-32
1.0,113.32643428275217,23.172937399374113,2018-10-01-05-00-32
1.0,113.32668377087535,23.172936923473443,2018-10-01-05-00-32
1.0,113.32892917903979,23.172932650738474,2018-10-01-05-00-32
1.0,113.3291786707544,23.172932177369173,2018-10-01-05-00-32
1.0,113.33491712672087,23.172921403482295,2018-10-01-05-00-32
1.0,113.3351666325116,23.17292094122307,2018-10-01-05-00-32
1.0,113.3354161390553,23.172920479580338,2018-10-01-05-00-32
1.0,113.33666368353117,23.172918181041588,2018-10-01-05-00-32
1.0,113.33741222009829,23.17291681009713,2018-10-01-05-00-32
1.0,113.32668375385423,23.173186828609328,2018-10-01-05-00-32
1.0,113.33217259187607,23.173176430653076,2018-10-01-05-00-32
1.0,113.33491710966682,23.17317130861681,2018-10-01-05-00-32
1.0,113.33516661545657,23.173170846357543,2018-10-01-05-00-32
1.0,113.3366636664703,23.17316808617581,2018-10-01-05-00-32
1.0,113.33691317780853,23.17316762848837,2018-10-01-05-00-32
1.0,113.33716268999221,23.17316717150279,2018-10-01-05-00-32
1.0,113.33766171694865,23.173166259685825,2018-10-01-05-00-32
1.0,113.3379112317477,23.173165804878714,2018-10-01-05-00-32
1.0,113.32743220304303,23.173435307316588,2018-10-01-05-00-32
1.0,113.33217257483271,23.173426335827262,2018-10-01-05-00-32
1.0,113.32593525629393,23.173688067244186,2018-10-01-05-00-32
1.0,113.32967760439537,23.173680947130176,2018-10-01-05-00-32
1.0,113.33491707555822,23.173671119003526,2018-10-01-05-00-32
1.0,113.3359151032801,23.17366927371397,2018-10-01-05-00-32
1.0,113.33666363234806,23.17366789656194,2018-10-01-05-00-32
1.0,113.33691314368434,23.173667438874418,2018-10-01-05-00-32
1.0,113.32843012874174,23.173933219168894,2018-10-01-05-00-32
1.0,113.32867961962684,23.17393274519424,2018-10-01-05-00-32
1.0,113.33566557813623,23.173919639339356,2018-10-01-05-00-32
1.0,113.3371626388028,23.17391688714068,2018-10-01-05-00-32
1.0,113.3379111805496,23.17391552051623,2018-10-01-05-00-32
1.0,113.32693317418502,23.174185973842125,2018-10-01-05-00-32
1.0,113.32718266291421,23.1741854983486,2018-10-01-05-00-32
1.0,113.32843011171288,23.174183124461653,2018-10-01-05-00-32
1.0,113.32593520523766,23.174437783123757,2018-10-01-05-00-32
1.0,113.32718264589022,23.17443540368099,2018-10-01-05-00-32
1.0,113.32793111408225,23.174433978583103,2018-10-01-05-00-32
1.0,113.32867958556695,23.174432555819102,2018-10-01-05-00-32
1.0,113.32917856856464,23.17443160877123,2018-10-01-05-00-32
1.0,113.32618467577718,23.174687212236982,2018-10-01-05-00-32
1.0,113.32718262886607,23.17468530905286,2018-10-01-05-00-32
1.0,113.32518671002468,23.174939023597094,2018-10-01-05-00-32
1.0,113.32668363470165,23.174936165661425,2018-10-01-05-00-32
1.0,113.3281805701369,23.174933314835574,2018-10-01-05-00-32
1.0,113.33666354703954,23.174917423216268,2018-10-01-05-00-32
1.0,113.33691305837097,23.174916965528535,2018-10-01-05-00-32
1.0,113.33716257054789,23.174916508542662,2018-10-01-05-00-32
1.0,113.32818055310838,23.175183220286403,2018-10-01-05-00-32
1.0,113.32892902576195,23.17518179837418,2018-10-01-05-00-32
2.0,113.33666352997733,23.17516732866568,2018-10-01-05-00-32
1.0,113.3369130413078,23.175166870977908,2018-10-01-05-00-32
1.0,113.32668360065657,23.175435976603215,2018-10-01-05-00-32
1.0,113.32743206684242,23.175434550134387,2018-10-01-05-00-32
1.0,113.32892900873024,23.175431703864522,2018-10-01-05-00-32
1.0,113.33691302424445,23.175416776466918,2018-10-01-05-00-32
1.0,113.32793102894469,23.175683505837714,2018-10-01-05-00-32
1.0,113.32892899169838,23.175681609394566,2018-10-01-05-00-32
1.0,113.3324219198092,23.175675015936235,2018-10-01-05-00-32
1.0,113.32568561582568,23.17593769236977,2018-10-01-05-00-32
1.0,113.32793101191669,23.175933411407673,2018-10-01-05-00-32
1.0,113.33042593164218,23.175928679809676,2018-10-01-05-00-32
1.0,113.33566544167036,23.17591888277873,2018-10-01-05-00-32
1.0,113.33666346172683,23.17616695086029,2018-10-01-05-00-32
1.0,113.33766149509188,23.176415030016283,2018-10-01-05-00-32
1.0,113.32818045093376,23.176682653825733,2018-10-01-05-00-32
1.0,113.33666342760057,23.176666762196525,2018-10-01-05-00-32
1.0,113.3376614780248,23.176664935704192,2018-10-01-05-00-32
1.0,113.33791099281038,23.17666448089649,2018-10-01-05-00-32
1.0,113.33591488150712,23.17691804507822,2018-10-01-05-00-32
1.0,113.33641390004581,23.17691712630232,2018-10-01-05-00-32
1.0,113.3266834814935,23.177185316152737,2018-10-01-05-00-32
1.0,113.33641386592049,23.177416937878593,2018-10-01-05-00-32
1.0,113.33766142682258,23.177414653007908,2018-10-01-05-00-32
1.0,113.33791094160527,23.177414198200083,2018-10-01-05-00-32
1.0,113.33416828973415,23.177670998151914,2018-10-01-05-00-32
1.0,113.32718239051047,23.178183988434647,2018-10-01-05-00-32
1.0,113.3276813689269,23.17818303812531,2018-10-01-05-00-32
1.0,113.33616430506383,23.17816711459957,2018-10-01-05-00-32
1.0,113.3366633252178,23.178166197166107,2018-10-01-05-00-32
1.0,113.337162348701,23.17816528249141,2018-10-01-05-00-32
1.0,113.32668339637203,23.178434845603494,2018-10-01-05-00-32
1.0,113.32743186252151,23.178433419133174,2018-10-01-05-00-32
1.0,113.33641379766786,23.178416561513075,2018-10-01-05-00-32
1.0,113.33666330815342,23.17841610313506,2018-10-01-05-00-32
1.0,113.33441772510491,23.17867015791271,2018-10-01-05-00-32
1.0,113.33741182758928,23.17866463819701,2018-10-01-05-00-32
1.0,113.32743182846569,23.178933231195245,2018-10-01-05-00-32
1.0,113.3296772466523,23.178928965786774,2018-10-01-05-00-32
1.0,113.33117421219086,23.178926137187723,2018-10-01-05-00-32
1.0,113.33142370825897,23.178925667152253,2018-10-01-05-00-32
1.0,113.3369127853401,23.178915457505646,2018-10-01-05-00-32
1.0,113.33716229750155,23.178915000519105,2018-10-01-05-00-32
1.0,113.33067520461977,23.17917698459719,2018-10-01-05-00-32
1.0,113.33541571260504,23.17916811982817,2018-10-01-05-00-32
1.0,113.33791082212082,23.17916353998206,2018-10-01-05-00-32
1.0,113.32743179440921,23.179433043419102,2018-10-01-05-00-32
1.0,113.33741177638592,23.179414356467106,2018-10-01-05-00-32
1.0,113.33017618206564,23.17967773980055,2018-10-01-05-00-32
1.0,113.3379107879809,23.17966335228348,2018-10-01-05-00-32
1.0,113.3306751534951,23.179926703113836,2018-10-01-05-00-32
1.0,113.33341962963395,23.179921548069853,2018-10-01-05-00-32
1.0,113.3344176398236,23.17991968856807,2018-10-01-05-00-32
1.0,113.33766125613762,23.17991371330332,2018-10-01-05-00-32
1.0,113.33192261683571,23.18017425925058,2018-10-01-05-00-32
1.0,113.3371622121658,23.18016453137494,2018-10-01-05-00-32
1.0,113.33067510236891,23.180676421996445,2018-10-01-05-00-32
1.0,113.33117407584041,23.18092538705323,2018-10-01-05-00-32
1.0,113.34514775829389,23.170903845907194,2018-10-01-05-00-32
1.0,113.34564685437279,23.170902992848248,2018-10-01-05-00-32
1.0,113.33940845935707,23.171413757102172,2018-10-01-05-00-32
1.0,113.34265231803937,23.171407984752108,2018-10-01-05-00-32
1.0,113.34514772411087,23.17140365558809,2018-10-01-05-00-32
1.0,113.34639547406158,23.1714015313616,2018-10-01-05-00-32
1.0,113.3476432573901,23.171399435977698,2018-10-01-05-00-32
1.0,113.34240276685836,23.171658328142232,2018-10-01-05-00-32
1.0,113.33716277530458,23.171917646223108,2018-10-01-05-00-32
1.0,113.34190368496485,23.171909112949486,2018-10-01-05-00-32
1.0,113.34215321681107,23.171908672537644,2018-10-01-05-00-32
1.0,113.33616471451221,23.17216938330509,2018-10-01-05-00-32
1.0,113.34739364667928,23.172149567489388,2018-10-01-05-00-32
1.0,113.34789276689341,23.17214873530009,2018-10-01-05-00-32
1.0,113.33641420714358,23.17241882926756,2018-10-01-05-00-32
1.0,113.3409055343609,23.172410693896833,2018-10-01-05-00-32
1.0,113.34539720313438,23.172402848332865,2018-10-01-05-00-32
1.0,113.33516664956646,23.17267103612775,2018-10-01-05-00-32
1.0,113.33691321193203,23.172667818259164,2018-10-01-05-00-32
1.0,113.34065599084313,23.172661043957717,2018-10-01-05-00-32
1.0,113.34265223262456,23.17265750963695,2018-10-01-05-00-32
1.0,113.33491712672087,23.172921403482295,2018-10-01-05-00-32
1.0,113.3351666325116,23.17292094122307,2018-10-01-05-00-32
1.0,113.3354161390553,23.172920479580338,2018-10-01-05-00-32
1.0,113.33666368353117,23.172918181041588,2018-10-01-05-00-32
1.0,113.33741222009829,23.17291681009713,2018-10-01-05-00-32
1.0,113.33865979865439,23.1729145398744,2018-10-01-05-00-32
1.0,113.34564671762224,23.172902232504793,2018-10-01-05-00-32
1.0,113.34639537148156,23.172900961336648,2018-10-01-05-00-32
1.0,113.33491710966682,23.17317130861681,2018-10-01-05-00-32
1.0,113.33516661545657,23.173170846357543,2018-10-01-05-00-32
1.0,113.3366636664703,23.17316808617581,2018-10-01-05-00-32
1.0,113.33691317780853,23.17316762848837,2018-10-01-05-00-32
1.0,113.33716268999221,23.17316717150279,2018-10-01-05-00-32
1.0,113.33766171694865,23.173166259685825,2018-10-01-05-00-32
1.0,113.3379112317477,23.173165804878714,2018-10-01-05-00-32
1.0,113.34514760446498,23.173152990697208,2018-10-01-05-00-32
1.0,113.3478926984842,23.173148355594613,2018-10-01-05-00-32
1.0,113.34614578468378,23.17340119422548,2018-10-01-05-00-32
1.0,113.33491707555822,23.173671119003526,2018-10-01-05-00-32
1.0,113.3359151032801,23.17366927371397,2018-10-01-05-00-32
1.0,113.33666363234806,23.17366789656194,2018-10-01-05-00-32
1.0,113.33691314368434,23.173667438874418,2018-10-01-05-00-32
1.0,113.33915878533496,23.173663352726656,2018-10-01-05-00-32
1.0,113.34439893570071,23.173654088858804,2018-10-01-05-00-32
1.0,113.34589621630751,23.173651523163272,2018-10-01-05-00-32
1.0,113.34614576758709,23.173651099436565,2018-10-01-05-00-32
1.0,113.34689442941179,23.173649835155757,2018-10-01-05-00-32
1.0,113.33566557813623,23.173919639339356,2018-10-01-05-00-32
1.0,113.3371626388028,23.17391688714068,2018-10-01-05-00-32
1.0,113.3379111805496,23.17391552051623,2018-10-01-05-00-32
1.0,113.33816069624385,23.173915066459404,2018-10-01-05-00-32
1.0,113.34240261311552,23.173907473990734,2018-10-01-05-00-32
1.0,113.34514755318567,23.17390270633103,2018-10-01-05-00-32
1.0,113.34639530309154,23.17390058210239,2018-10-01-05-00-32
1.0,113.34240259603216,23.17415737928115,2018-10-01-05-00-32
1.0,113.3429016653553,23.174156503276397,2018-10-01-05-00-32
1.0,113.34489798997922,23.17415303980038,2018-10-01-05-00-32
1.0,113.34689439521256,23.17414964569567,2018-10-01-05-00-32
1.0,113.3399072982025,23.174411720709955,2018-10-01-05-00-32
1.0,113.34240257894861,23.174407284610993,2018-10-01-05-00-32
1.0,113.34365026096687,23.174405102053385,2018-10-01-05-00-32
1.0,113.34439888442854,23.17440380472908,2018-10-01-05-00-32
1.0,113.34489797288651,23.174402945129795,2018-10-01-05-00-32
1.0,113.34514751899862,23.17440251695035,2018-10-01-05-00-32
1.0,113.34564661505229,23.1744016638902,2018-10-01-05-00-32
1.0,113.3468943781127,23.174399551024745,2018-10-01-05-00-32
1.0,113.34714393475531,23.174399131935942,2018-10-01-05-00-32
1.0,113.33965775878347,23.174662074545385,2018-10-01-05-00-32
1.0,113.34015680447557,23.174661178460944,2018-10-01-05-00-32
1.0,113.34315116757429,23.174655877452004,2018-10-01-05-00-32
1.0,113.34589614792262,23.1746511444015,2018-10-01-05-00-32
1.0,113.33666354703954,23.174917423216268,2018-10-01-05-00-32
1.0,113.33691305837097,23.174916965528535,2018-10-01-05-00-32
1.0,113.33716257054789,23.174916508542662,2018-10-01-05-00-32
1.0,113.33965774170991,23.174911979954707,2018-10-01-05-00-32
1.0,113.34414930787685,23.174904046903105,2018-10-01-05-00-32
1.0,113.3448979387006,23.174902755907116,2018-10-01-05-00-32
1.0,113.34539703219347,23.174901900643754,2018-10-01-05-00-32
1.0,113.34564658086097,23.174901474667266,2018-10-01-05-00-32
1.0,113.34664478863179,23.174899782067087,2018-10-01-05-00-32
2.0,113.33666352997733,23.17516732866568,2018-10-01-05-00-32
1.0,113.3369130413078,23.175166870977908,2018-10-01-05-00-32
1.0,113.34389974963946,23.175154384796727,2018-10-01-05-00-32
1.0,113.3448979216074,23.175152661355135,2018-10-01-05-00-32
1.0,113.34514746771679,23.17515223317556,2018-10-01-05-00-32
1.0,113.34539701509846,23.175151806091684,2018-10-01-05-00-32
1.0,113.34589611372917,23.175150955257603,2018-10-01-05-00-32
1.0,113.34639521760025,23.17515010894585,2018-10-01-05-00-32
1.0,113.33691302424445,23.175416776466918,2018-10-01-05-00-32
1.0,113.3384101104371,23.175414045504123,2018-10-01-05-00-32
1.0,113.34040627760899,23.175410448047533,2018-10-01-05-00-32
1.0,113.34115485691393,23.175409113041198,2018-10-01-05-00-32
1.0,113.34464835966517,23.175402996106435,2018-10-01-05-00-32
1.0,113.34489790451403,23.17540256684279,2018-10-01-05-00-32
1.0,113.33865961089089,23.175663498512606,2018-10-01-05-00-32
1.0,113.33940816913703,23.175662145721184,2018-10-01-05-00-32
1.0,113.33965769048825,23.175661696420413,2018-10-01-05-00-32
1.0,113.34489788742049,23.175652472370146,2018-10-01-05-00-32
1.0,113.33566544167036,23.17591888277873,2018-10-01-05-00-32
1.0,113.339907195754,23.17591115352251,2018-10-01-05-00-32
1.0,113.34015671909667,23.175910705903544,2018-10-01-05-00-32
1.0,113.33666346172683,23.17616695086029,2018-10-01-05-00-32
1.0,113.33841005922874,23.176163762208795,2018-10-01-05-00-32
1.0,113.34514739933866,23.17615185536441,2018-10-01-05-00-32
1.0,113.33766149509188,23.176415030016283,2018-10-01-05-00-32
1.0,113.33816052556307,23.176414121151385,2018-10-01-05-00-32
1.0,113.34065573468563,23.176409624509546,2018-10-01-05-00-32
1.0,113.3443987476954,23.17640304879089,2018-10-01-05-00-32
1.0,113.33666342760057,23.176666762196525,2018-10-01-05-00-32
1.0,113.3376614780248,23.176664935704192,2018-10-01-05-00-32
1.0,113.33791099281038,23.17666448089649,2018-10-01-05-00-32
1.0,113.33841002508899,23.17666357354444,2018-10-01-05-00-32
1.0,113.33865954260824,23.176663121024298,2018-10-01-05-00-32
1.0,113.33890906106494,23.17666266929086,2018-10-01-05-00-32
1.0,113.33965762219036,23.176661318931433,2018-10-01-05-00-32
1.0,113.33990714452747,23.176660870465405,2018-10-01-05-00-32
1.0,113.3401566678673,23.176660422846314,2018-10-01-05-00-32
1.0,113.34739333884835,23.17664786377939,2018-10-01-05-00-32
1.0,113.33591488150712,23.17691804507822,2018-10-01-05-00-32
1.0,113.33641390004581,23.17691712630232,2018-10-01-05-00-32
1.0,113.33841000801887,23.176913479272184,2018-10-01-05-00-32
1.0,113.33865952553715,23.176913026751997,2018-10-01-05-00-32
1.0,113.33990712745164,23.176910776192894,2018-10-01-05-00-32
1.0,113.34614554531477,23.176899870778236,2018-10-01-05-00-32
1.0,113.34739332174503,23.176897769505597,2018-10-01-05-00-32
1.0,113.33816047435558,23.177163838334796,2018-10-01-05-00-32
1.0,113.33865950846591,23.177162932519717,2018-10-01-05-00-32
1.0,113.33890902692069,23.177162480786198,2018-10-01-05-00-32
1.0,113.33940806669489,23.177161579727542,2018-10-01-05-00-32
1.0,113.34015663371358,23.17716023434123,2018-10-01-05-00-32
1.0,113.33641386592049,23.177416937878593,2018-10-01-05-00-32
1.0,113.33766142682258,23.177414653007908,2018-10-01-05-00-32
1.0,113.33791094160527,23.177414198200083,2018-10-01-05-00-32
1.0,113.3471437295332,23.177397998979128,2018-10-01-05-00-32
1.0,113.34739328753791,23.177397581078132,2018-10-01-05-00-32
1.0,113.34639502950463,23.1778990714994,2018-10-01-05-00-32
1.0,113.33616430506383,23.17816711459957,2018-10-01-05-00-32
1.0,113.3366633252178,23.178166197166107,2018-10-01-05-00-32
1.0,113.337162348701,23.17816528249141,2018-10-01-05-00-32
1.0,113.34040608975396,23.178159411051958,2018-10-01-05-00-32
1.0,113.34240232267541,23.178155869326392,2018-10-01-05-00-32
1.0,113.34290139196895,23.178154993320277,2018-10-01-05-00-32
1.0,113.33641379766786,23.178416561513075,2018-10-01-05-00-32
1.0,113.33666330815342,23.17841610313506,2018-10-01-05-00-32
1.0,113.34240230558919,23.178405775294376,2018-10-01-05-00-32
1.0,113.33741182758928,23.17866463819701,2018-10-01-05-00-32
1.0,113.33890892448396,23.17866191623567,2018-10-01-05-00-32
1.0,113.34664453212193,23.178648367969714,2018-10-01-05-00-32
1.0,113.3369127853401,23.178915457505646,2018-10-01-05-00-32
1.0,113.33716229750155,23.178915000519105,2018-10-01-05-00-32
1.0,113.34040603851726,23.17890912907801,2018-10-01-05-00-32
1.0,113.33541571260504,23.17916811982817,2018-10-01-05-00-32
1.0,113.33791082212082,23.17916353998206,2018-10-01-05-00-32
1.0,113.3381603377949,23.17916308592435,2018-10-01-05-00-32
1.0,113.33840985438023,23.17916263262917,2018-10-01-05-00-32
1.0,113.3386593718899,23.179162180108605,2018-10-01-05-00-32
1.0,113.33741177638592,23.179414356467106,2018-10-01-05-00-32
1.0,113.33940791302038,23.179410733445597,2018-10-01-05-00-32
1.0,113.33965743435736,23.17941028414419,2018-10-01-05-00-32
1.0,113.3379107879809,23.17966335228348,2018-10-01-05-00-32
1.0,113.33840982023648,23.179662444930422,2018-10-01-05-00-32
1.0,113.33915837558521,23.179661089740662,2018-10-01-05-00-32
1.0,113.33965741728062,23.179660190314884,2018-10-01-05-00-32
1.0,113.33766125613762,23.17991371330332,2018-10-01-05-00-32
1.0,113.33816028658188,23.179912804437244,2018-10-01-05-00-32
1.0,113.33840980316434,23.179912351141933,2018-10-01-05-00-32
1.0,113.33865932067116,23.179911898621242,2018-10-01-05-00-32
1.0,113.33890883911542,23.179911446887257,2018-10-01-05-00-32
1.0,113.33915835851022,23.179910995952046,2018-10-01-05-00-32
1.0,113.33940787886866,23.179910545827674,2018-10-01-05-00-32
1.0,113.33965740020373,23.179910096526186,2018-10-01-05-00-32
1.0,113.3371622121658,23.18016453137494,2018-10-01-05-00-32
1.0,113.3386593035979,23.180161804873375,2018-10-01-05-00-32
1.0,113.34015642877709,23.18015910669185,2018-10-01-05-00-32
1.0,113.33890880496683,23.180411259432155,2018-10-01-05-00-32
1.0,113.34614597273641,23.170652239483026,2018-10-01-05-00-32
1.0,113.34639552534932,23.170651816899014,2018-10-01-05-00-32
1.0,113.34864156044416,23.170648066942643,2018-10-01-05-00-32
1.0,113.35063813418586,23.170644818849755,2018-10-01-05-00-32
1.0,113.34514775829389,23.170903845907194,2018-10-01-05-00-32
1.0,113.34564685437279,23.170902992848248,2018-10-01-05-00-32
1.0,113.35438196407068,23.170888870245335,2018-10-01-05-00-32
1.0,113.34814239751913,23.17114870136332,2018-10-01-05-00-32
1.0,113.35013894750828,23.171145432616978,2018-10-01-05-00-32
1.0,113.34514772411087,23.17140365558809,2018-10-01-05-00-32
1.0,113.34639547406158,23.1714015313616,2018-10-01-05-00-32
1.0,113.3476432573901,23.171399435977698,2018-10-01-05-00-32
1.0,113.35637880416827,23.171385694827713,2018-10-01-05-00-32
1.0,113.34814236331445,23.171648511120786,2018-10-01-05-00-32
1.0,113.35138680603687,23.171643242089306,2018-10-01-05-00-32
1.0,113.35163638928037,23.171642846129078,2018-10-01-05-00-32
1.0,113.35138678892316,23.171893147025774,2018-10-01-05-00-32
1.0,113.34739364667928,23.172149567489388,2018-10-01-05-00-32
1.0,113.34789276689341,23.17214873530009,2018-10-01-05-00-32
1.0,113.34539720313438,23.172402848332865,2018-10-01-05-00-32
1.0,113.34564671762224,23.172902232504793,2018-10-01-05-00-32
1.0,113.34639537148156,23.172900961336648,2018-10-01-05-00-32
1.0,113.35188588853812,23.172891976632126,2018-10-01-05-00-32
1.0,113.34514760446498,23.173152990697208,2018-10-01-05-00-32
1.0,113.3478926984842,23.173148355594613,2018-10-01-05-00-32
1.0,113.34614578468378,23.17340119422548,2018-10-01-05-00-32
1.0,113.34589621630751,23.173651523163272,2018-10-01-05-00-32
1.0,113.34614576758709,23.173651099436565,2018-10-01-05-00-32
1.0,113.34689442941179,23.173649835155757,2018-10-01-05-00-32
1.0,113.35088750737927,23.173643278725542,2018-10-01-05-00-32
1.0,113.34514755318567,23.17390270633103,2018-10-01-05-00-32
1.0,113.34639530309154,23.17390058210239,2018-10-01-05-00-32
1.0,113.34489798997922,23.17415303980038,2018-10-01-05-00-32
1.0,113.34689439521256,23.17414964569567,2018-10-01-05-00-32
1.0,113.34489797288651,23.174402945129795,2018-10-01-05-00-32
1.0,113.34514751899862,23.17440251695035,2018-10-01-05-00-32
1.0,113.34564661505229,23.1744016638902,2018-10-01-05-00-32
1.0,113.3468943781127,23.174399551024745,2018-10-01-05-00-32
1.0,113.34714393475531,23.174399131935942,2018-10-01-05-00-32
1.0,113.35338332891833,23.17438907043292,2018-10-01-05-00-32
1.0,113.34589614792262,23.1746511444015,2018-10-01-05-00-32
1.0,113.3448979387006,23.174902755907116,2018-10-01-05-00-32
1.0,113.34539703219347,23.174901900643754,2018-10-01-05-00-32
1.0,113.34564658086097,23.174901474667266,2018-10-01-05-00-32
1.0,113.34664478863179,23.174899782067087,2018-10-01-05-00-32
1.0,113.3448979216074,23.175152661355135,2018-10-01-05-00-32
1.0,113.34514746771679,23.17515223317556,2018-10-01-05-00-32
1.0,113.34539701509846,23.175151806091684,2018-10-01-05-00-32
1.0,113.34589611372917,23.175150955257603,2018-10-01-05-00-32
1.0,113.34639521760025,23.17515010894585,2018-10-01-05-00-32
1.0,113.34464835966517,23.175402996106435,2018-10-01-05-00-32
1.0,113.34489790451403,23.17540256684279,2018-10-01-05-00-32
1.0,113.34489788742049,23.175652472370146,2018-10-01-05-00-32
1.0,113.34988904848036,23.175894035706065,2018-10-01-05-00-32
1.0,113.34514739933866,23.17615185536441,2018-10-01-05-00-32
1.0,113.34739333884835,23.17664786377939,2018-10-01-05-00-32
1.0,113.34614554531477,23.176899870778236,2018-10-01-05-00-32
1.0,113.34739332174503,23.176897769505597,2018-10-01-05-00-32
1.0,113.3481420041249,23.176896523047535,2018-10-01-05-00-32
1.0,113.35063768925814,23.17714235589112,2018-10-01-05-00-32
1.0,113.3471437295332,23.177397998979128,2018-10-01-05-00-32
1.0,113.34739328753791,23.177397581078132,2018-10-01-05-00-32
1.0,113.3508872506612,23.17739186162781,2018-10-01-05-00-32
1.0,113.34639502950463,23.1778990714994,2018-10-01-05-00-32
1.0,113.34664453212193,23.178648367969714,2018-10-01-05-00-32
1.0,113.35313332332578,23.180387196261744,2018-10-01-05-00-32
