count,wgs_lng,wgs_lat,time
1.0,113.32543830571424,23.143950560364775,2018-09-21-03-59-07
1.0,113.32593728031809,23.143949607388393,2018-09-21-03-59-07
1.0,113.33067760578687,23.14394060009075,2018-09-21-03-59-07
1.0,113.33167558956437,23.143938719156978,2018-09-21-03-59-07
1.0,113.32893113640219,23.144193807426536,2018-09-21-03-59-07
1.0,113.33042809414164,23.14419097230344,2018-09-21-03-59-07
1.0,113.33067758876898,23.14419050105102,2018-09-21-03-59-07
1.0,113.33117657957618,23.14418955974423,2018-09-21-03-59-07
1.0,113.33516857569066,23.14443199902298,2018-09-21-03-59-07
1.0,113.33741416427326,23.144427867940013,2018-09-21-03-59-07
1.0,113.32743415974912,23.144696455685374,2018-09-21-03-59-07
1.0,113.33267353132763,23.14468654831441,2018-09-21-03-59-07
1.0,113.3349190527534,23.144682362302625,2018-09-21-03-59-07
1.0,113.33641606563523,23.145179400415955,2018-09-21-03-59-07
1.0,113.33342196429334,23.145684752521653,2018-09-21-03-59-07
1.0,113.32643611994507,23.145947863662407,2018-09-21-03-59-07
2.0,113.3284320179097,23.146193963939535,2018-09-21-03-59-07
1.0,113.33092694775227,23.146189239060476,2018-09-21-03-59-07
1.0,113.33192489963089,23.14668716237702,2018-09-21-03-59-07
1.0,113.3339209001562,23.146683426632457,2018-09-21-03-59-07
1.0,113.33641596338451,23.14667880765566,2018-09-21-03-59-07
1.0,113.32967942604026,23.146941301049367,2018-09-21-03-59-07
1.0,113.3324238789897,23.146936126777067,2018-09-21-03-59-07
1.0,113.33591692757027,23.14692962774451,2018-09-21-03-59-07
1.0,113.33067738454132,23.14718931514723,2018-09-21-03-59-07
1.0,113.33342186211102,23.14718416016315,2018-09-21-03-59-07
1.0,113.33367136376435,23.147183694466428,2018-09-21-03-59-07
1.0,113.33741397677203,23.14717678103078,2018-09-21-03-59-07
1.0,113.33516837124762,23.14743081350796,2018-09-21-03-59-07
1.0,113.33367132970028,23.14768349728057,2018-09-21-03-59-07
1.0,113.33616638542814,23.147678872198657,2018-09-21-03-59-07
1.0,113.33641589521403,23.147678413148277,2018-09-21-03-59-07
1.0,113.32593699131603,23.148197928222803,2018-09-21-03-59-07
1.0,113.32918035601942,23.14819175392675,2018-09-21-03-59-07
1.0,113.33092681158453,23.14818845005394,2018-09-21-03-59-07
1.0,113.33142580342606,23.14818750957331,2018-09-21-03-59-07
1.0,113.33142578640235,23.148437411098392,2018-09-21-03-59-07
1.0,113.33317227596594,23.14843413367826,2018-09-21-03-59-07
1.0,113.33367127860292,23.1484332017537,2018-09-21-03-59-07
1.0,113.32493900910904,23.148699637807166,2018-09-21-03-59-07
1.0,113.32618644497649,23.148697255053975,2018-09-21-03-59-07
1.0,113.32967928990848,23.148940512849503,2018-09-21-03-59-07
1.0,113.33017827668034,23.148939568477996,2018-09-21-03-59-07
1.0,113.33042777078906,23.148939096841893,2018-09-21-03-59-07
1.0,113.33117623914355,23.149187585906827,2018-09-21-03-59-07
1.0,113.33541775861457,23.149179662541187,2018-09-21-03-59-07
1.0,113.32893077913518,23.14944173525739,2018-09-21-03-59-07
1.0,113.32992874902135,23.149439843771994,2018-09-21-03-59-07
1.0,113.33117622212016,23.149437487567244,2018-09-21-03-59-07
1.0,113.33516823493892,23.1494300258397,2018-09-21-03-59-07
1.0,113.33491871201788,23.14968038978876,2018-09-21-03-59-07
1.0,113.32468943761808,23.149949623047902,2018-09-21-03-59-07
1.0,113.33017820860245,23.14993917518838,2018-09-21-03-59-07
1.0,113.33217417618005,23.149935413510182,2018-09-21-03-59-07
1.0,113.32593685529842,23.150197141378605,2018-09-21-03-59-07
1.0,113.33117617104902,23.150187192752515,2018-09-21-03-59-07
1.0,113.33192466126995,23.15018578396949,2018-09-21-03-59-07
1.0,113.3351681838204,23.15017973102297,2018-09-21-03-59-07
1.0,113.32668530209521,23.15044561494222,2018-09-21-03-59-07
1.0,113.33392061057927,23.150931753711358,2018-09-21-03-59-07
1.0,113.33566714672573,23.15092851386405,2018-09-21-03-59-07
1.0,113.33017812350134,23.15118868434351,2018-09-21-03-59-07
1.0,113.3336710912331,23.151182120764663,2018-09-21-03-59-07
1.0,113.33691464451618,23.15167592446865,2018-09-21-03-59-07
1.0,113.33092655624125,23.151936976499652,2018-09-21-03-59-07
1.0,113.33516806453801,23.15192904431455,2018-09-21-03-59-07
1.0,113.33017805541745,23.152188292285718,2018-09-21-03-59-07
1.0,113.33092653921705,23.152186878536813,2018-09-21-03-59-07
1.0,113.32843159260044,23.152441505497972,2018-09-21-03-59-07
1.0,113.33167499369969,23.15268527263394,2018-09-21-03-59-07
1.0,113.33192449099214,23.15268480347964,2018-09-21-03-59-07
1.0,113.32942952493906,23.152939415689477,2018-09-21-03-59-07
1.0,113.3299285107464,23.1529384706126,2018-09-21-03-59-07
1.0,113.33591651854995,23.152927269648277,2018-09-21-03-59-07
1.0,113.3271840923343,23.15319358579206,2018-09-21-03-59-07
1.0,113.32942950792017,23.153189317865547,2018-09-21-03-59-07
1.0,113.3309264711185,23.153186487031828,2018-09-21-03-59-07
1.0,113.32743356446294,23.153443012735444,2018-09-21-03-59-07
1.0,113.33092645409346,23.153436389242458,2018-09-21-03-59-07
1.0,113.3336709379155,23.1534312394079,2018-09-21-03-59-07
1.0,113.32917998165718,23.153689595367144,2018-09-21-03-59-07
1.0,113.33017795328662,23.1536877052376,2018-09-21-03-59-07
1.0,113.34165606604188,23.143920430421417,2018-09-21-03-59-07
1.0,113.34190559688615,23.143919989071765,2018-09-21-03-59-07
1.0,113.33866176042567,23.144175696749528,2018-09-21-03-59-07
1.0,113.33516857569066,23.14443199902298,2018-09-21-03-59-07
1.0,113.33741416427326,23.144427867940013,2018-09-21-03-59-07
1.0,113.340408393848,23.1444224528412,2018-09-21-03-59-07
1.0,113.34090744590092,23.14442156195659,2018-09-21-03-59-07
1.0,113.3349190527534,23.144682362302625,2018-09-21-03-59-07
1.0,113.33641606563523,23.145179400415955,2018-09-21-03-59-07
1.0,113.3389112108042,23.14517484918549,2018-09-21-03-59-07
1.0,113.34589814707358,23.145412469945857,2018-09-21-03-59-07
1.0,113.33841214048917,23.1456755557084,2018-09-21-03-59-07
1.0,113.33891117670207,23.14567465146526,2018-09-21-03-59-07
1.0,113.3404083085655,23.14567195829196,2018-09-21-03-59-07
1.0,113.3404082915085,23.145921859481245,2018-09-21-03-59-07
1.0,113.3406578170086,23.145921413597225,2018-09-21-03-59-07
1.0,113.34215495820521,23.146418559729952,2018-09-21-03-59-07
1.0,113.33641596338451,23.14667880765566,2018-09-21-03-59-07
1.0,113.33916062801734,23.146673805493073,2018-09-21-03-59-07
1.0,113.33591692757027,23.14692962774451,2018-09-21-03-59-07
1.0,113.33741397677203,23.14717678103078,2018-09-21-03-59-07
1.0,113.33516837124762,23.14743081350796,2018-09-21-03-59-07
1.0,113.33616638542814,23.147678872198657,2018-09-21-03-59-07
1.0,113.33641589521403,23.147678413148277,2018-09-21-03-59-07
1.0,113.33866152171944,23.147674313642167,2018-09-21-03-59-07
1.0,113.33866150466774,23.147924215098723,2018-09-21-03-59-07
1.0,113.34040815504649,23.14792107019455,2018-09-21-03-59-07
1.0,113.34065768053905,23.147920624310196,2018-09-21-03-59-07
1.0,113.3379129204412,23.148425377970717,2018-09-21-03-59-07
1.0,113.34465020468441,23.14841342134501,2018-09-21-03-59-07
1.0,113.3394099950113,23.1489224684839,2018-09-21-03-59-07
1.0,113.33541775861457,23.149179662541187,2018-09-21-03-59-07
1.0,113.33516823493892,23.1494300258397,2018-09-21-03-59-07
1.0,113.33916044042587,23.149422721887298,2018-09-21-03-59-07
1.0,113.33491871201788,23.14968038978876,2018-09-21-03-59-07
1.0,113.3351681838204,23.15017973102297,2018-09-21-03-59-07
1.0,113.34115656404083,23.150418751622322,2018-09-21-03-59-07
1.0,113.34315280711331,23.150665134240906,2018-09-21-03-59-07
1.0,113.34714555857877,23.150658294159204,2018-09-21-03-59-07
1.0,113.33566714672573,23.15092851386405,2018-09-21-03-59-07
1.0,113.34190510203634,23.151167130379765,2018-09-21-03-59-07
1.0,113.33691464451618,23.15167592446865,2018-09-21-03-59-07
1.0,113.33516806453801,23.15192904431455,2018-09-21-03-59-07
1.0,113.34739503124668,23.151907385917923,2018-09-21-03-59-07
1.0,113.3456481017264,23.152660041953357,2018-09-21-03-59-07
1.0,113.33591651854995,23.152927269648277,2018-09-21-03-59-07
1.0,113.35213747651017,23.143652938727,2018-09-21-03-59-07
1.0,113.35638070451485,23.143646480141875,2018-09-21-03-59-07
1.0,113.35638068740384,23.143896381065012,2018-09-21-03-59-07
1.0,113.3566303048291,23.143896015006653,2018-09-21-03-59-07
1.0,113.3558814408764,23.14414701891696,2018-09-21-03-59-07
1.0,113.34814419232323,23.14490889632627,2018-09-21-03-59-07
1.0,113.3526365689417,23.144901661602717,2018-09-21-03-59-07
1.0,113.3566302363803,23.144895619026812,2018-09-21-03-59-07
1.0,113.34589814707358,23.145412469945857,2018-09-21-03-59-07
1.0,113.34914242173362,23.14540705394526,2018-09-21-03-59-07
1.0,113.3493919741866,23.145656547122563,2018-09-21-03-59-07
1.0,113.34964151103067,23.146155942844644,2018-09-21-03-59-07
1.0,113.34989106645803,23.14640543871427,2018-09-21-03-59-07
1.0,113.35463315899449,23.147647505396623,2018-09-21-03-59-07
1.0,113.34465020468441,23.14841342134501,2018-09-21-03-59-07
1.0,113.35563148664967,23.14914541581227,2018-09-21-03-59-07
1.0,113.34714555857877,23.150658294159204,2018-09-21-03-59-07
1.0,113.34789416869124,23.151656651735873,2018-09-21-03-59-07
1.0,113.34739503124668,23.151907385917923,2018-09-21-03-59-07
1.0,113.3456481017264,23.152660041953357,2018-09-21-03-59-07
1.0,113.34939149561761,23.152653793104204,2018-09-21-03-59-07
1.0,113.34964104952351,23.152903288554395,2018-09-21-03-59-07
1.0,113.34989062201934,23.152902883168785,2018-09-21-03-59-07
1.0,113.34864275728373,23.153154825178184,2018-09-21-03-59-07
1.0,113.34939146142908,23.153153597414832,2018-09-21-03-59-07
1.0,113.35163765529052,23.153149985043896,2018-09-21-03-59-07
1.0,113.35238638060002,23.153648610014685,2018-09-21-03-59-07
1.0,113.32942952493906,23.152939415689477,2018-09-21-03-59-07
1.0,113.3299285107464,23.1529384706126,2018-09-21-03-59-07
1.0,113.33591651854995,23.152927269648277,2018-09-21-03-59-07
1.0,113.3271840923343,23.15319358579206,2018-09-21-03-59-07
1.0,113.32942950792017,23.153189317865547,2018-09-21-03-59-07
1.0,113.3309264711185,23.153186487031828,2018-09-21-03-59-07
1.0,113.32743356446294,23.153443012735444,2018-09-21-03-59-07
1.0,113.33092645409346,23.153436389242458,2018-09-21-03-59-07
1.0,113.3336709379155,23.1534312394079,2018-09-21-03-59-07
1.0,113.32917998165718,23.153689595367144,2018-09-21-03-59-07
1.0,113.33017795328662,23.1536877052376,2018-09-21-03-59-07
1.0,113.32568709584827,23.15419605068834,2018-09-21-03-59-07
1.0,113.33716398628937,23.154174489062967,2018-09-21-03-59-07
1.0,113.3259365492199,23.15469537901004,2018-09-21-03-59-07
1.0,113.3264355247711,23.154694426671714,2018-09-21-03-59-07
1.0,113.32843143946364,23.154690625712796,2018-09-21-03-59-07
1.0,113.33741346530235,23.15467383752833,2018-09-21-03-59-07
1.0,113.32618601985253,23.15494480517592,2018-09-21-03-59-07
1.0,113.32643550776312,23.154944329093095,2018-09-21-03-59-07
1.0,113.33741344825077,23.154923739947883,2018-09-21-03-59-07
1.0,113.32593651520784,23.155195183888168,2018-09-21-03-59-07
1.0,113.33167482341516,23.155184295613875,2018-09-21-03-59-07
1.0,113.33217381856005,23.155183357761338,2018-09-21-03-59-07
1.0,113.33716391808726,23.155174098671175,2018-09-21-03-59-07
1.0,113.32593649820157,23.155445086380077,2018-09-21-03-59-07
1.0,113.32618598583812,23.15544461012441,2018-09-21-03-59-07
1.0,113.33167480638578,23.155434198104835,2018-09-21-03-59-07
1.0,113.33242329998335,23.155432792023554,2018-09-21-03-59-07
1.0,113.33491832008951,23.155428138248485,2018-09-21-03-59-07
1.0,113.3309263008605,23.155685510713592,2018-09-21-03-59-07
1.0,113.32543748968183,23.155945844450237,2018-09-21-03-59-07
1.0,113.32568697681258,23.155945367886044,2018-09-21-03-59-07
1.0,113.33267276497739,23.15593212936398,2018-09-21-03-59-07
1.0,113.32568695980682,23.156195270484087,2018-09-21-03-59-07
1.0,113.33491826896191,23.15617784593182,2018-09-21-03-59-07
1.0,113.33566678880257,23.156176461024245,2018-09-21-03-59-07
1.0,113.33691433763306,23.15617416582614,2018-09-21-03-59-07
1.0,113.33466874680335,23.156428211424537,2018-09-21-03-59-07
1.0,113.33566677175678,23.15642636365611,2018-09-21-03-59-07
1.0,113.3256869257948,23.156695075786665,2018-09-21-03-59-07
1.0,113.3259364131677,23.156694599370386,2018-09-21-03-59-07
1.0,113.3276828327692,23.156691269640078,2018-09-21-03-59-07
1.0,113.3319242014816,23.15693314463902,2018-09-21-03-59-07
1.0,113.33616575476053,23.156925248938805,2018-09-21-03-59-07
1.0,113.33741331183215,23.156922960576058,2018-09-21-03-59-07
1.0,113.32668480884938,23.157692782165388,2018-09-21-03-59-07
1.0,113.32768274769582,23.1579407835186,2018-09-21-03-59-07
1.0,113.32818172768535,23.15793983420379,2018-09-21-03-59-07
1.0,113.32518784974329,23.158195445815064,2018-09-21-03-59-07
1.0,113.3254373366331,23.158194969114817,2018-09-21-03-59-07
1.0,113.32643528664443,23.15819306379424,2018-09-21-03-59-07
1.0,113.32593629411328,23.158443919053006,2018-09-21-03-59-07
1.0,113.32868067515312,23.15843869177747,2018-09-21-03-59-07
1.0,113.32843116718712,23.158689068704405,2018-09-21-03-59-07
1.0,113.32868065813359,23.158688594732276,2018-09-21-03-59-07
1.0,113.32618574771863,23.158943248743313,2018-09-21-03-59-07
1.0,113.33441907199573,23.158927703161368,2018-09-21-03-59-07
1.0,113.33641512811214,23.15892401279749,2018-09-21-03-59-07
1.0,113.3254372686071,23.15919458100836,2018-09-21-03-59-07
1.0,113.33067653333448,23.159684426842972,2018-09-21-03-59-07
1.0,113.33192401412558,23.159682076743273,2018-09-21-03-59-07
1.0,113.3321735119701,23.1596816080447,2018-09-21-03-59-07
1.0,113.3261856796785,23.159942861069727,2018-09-21-03-59-07
1.0,113.33217349493574,23.159931511179632,2018-09-21-03-59-07
1.0,113.33342099331905,23.15992917497075,2018-09-21-03-59-07
1.0,113.33292197504178,23.16018001111937,2018-09-21-03-59-07
1.0,113.33391998015695,23.16017814728698,2018-09-21-03-59-07
1.0,113.33416948311876,23.16017768268632,2018-09-21-03-59-07
1.0,113.32543718357088,23.1604440966889,2018-09-21-03-59-07
1.0,113.32518766267657,23.16094437991636,2018-09-21-03-59-07
1.0,113.32743305405535,23.16094009553294,2018-09-21-03-59-07
1.0,113.3264350825099,23.16119190121124,2018-09-21-03-59-07
1.0,113.32493814200406,23.161444663413423,2018-09-21-03-59-07
1.0,113.32518762866226,23.16144418658931,2018-09-21-03-59-07
1.0,113.32593609000104,23.161442756906357,2018-09-21-03-59-07
1.0,113.32942894620354,23.161436109535533,2018-09-21-03-59-07
1.0,113.32543709853049,23.161693613279894,2018-09-21-03-59-07
1.0,113.32793198224742,23.16168885577386,2018-09-21-03-59-07
1.0,113.3284309289102,23.1621877138807,2018-09-21-03-59-07
1.0,113.32818142135042,23.162438091638624,2018-09-21-03-59-07
1.0,113.32843091188917,23.162437617381823,2018-09-21-03-59-07
1.0,113.33516734867203,23.16242496026099,2018-09-21-03-59-07
1.0,113.32568650058833,23.162942654222906,2018-09-21-03-59-07
1.0,113.32618547554212,23.162941701548686,2018-09-21-03-59-07
1.0,113.33591651854995,23.152927269648277,2018-09-21-03-59-07
1.0,113.33716398628937,23.154174489062967,2018-09-21-03-59-07
1.0,113.33741346530235,23.15467383752833,2018-09-21-03-59-07
1.0,113.33741344825077,23.154923739947883,2018-09-21-03-59-07
1.0,113.33716391808726,23.155174098671175,2018-09-21-03-59-07
1.0,113.34639658495848,23.155157793750703,2018-09-21-03-59-07
1.0,113.33491832008951,23.155428138248485,2018-09-21-03-59-07
1.0,113.3463965507876,23.155657598762954,2018-09-21-03-59-07
1.0,113.3389104774612,23.15592062804023,2018-09-21-03-59-07
1.0,113.33491826896191,23.15617784593182,2018-09-21-03-59-07
1.0,113.33566678880257,23.156176461024245,2018-09-21-03-59-07
1.0,113.33691433763306,23.15617416582614,2018-09-21-03-59-07
1.0,113.33891046040303,23.15617053063607,2018-09-21-03-59-07
1.0,113.34365150796198,23.15616211321435,2018-09-21-03-59-07
1.0,113.33466874680335,23.156428211424537,2018-09-21-03-59-07
1.0,113.33566677175678,23.15642636365611,2018-09-21-03-59-07
1.0,113.346895608875,23.156406464856364,2018-09-21-03-59-07
1.0,113.34564782841016,23.156658480372034,2018-09-21-03-59-07
1.0,113.33616575476053,23.156925248938805,2018-09-21-03-59-07
1.0,113.33741331183215,23.156922960576058,2018-09-21-03-59-07
1.0,113.34090659279397,23.156916654563126,2018-09-21-03-59-07
1.0,113.34639646535743,23.156907111913423,2018-09-21-03-59-07
1.0,113.3463964482709,23.157157014650224,2018-09-21-03-59-07
1.0,113.34415050379454,23.15741076080072,2018-09-21-03-59-07
1.0,113.34365140550287,23.157661529531488,2018-09-21-03-59-07
1.0,113.3446495557336,23.157909704727185,2018-09-21-03-59-07
1.0,113.33641512811214,23.15892401279749,2018-09-21-03-59-07
1.0,113.3431522266196,23.159161817161973,2018-09-21-03-59-07
1.0,113.34265303535857,23.16091201338057,2018-09-21-03-59-07
1.0,113.34065675908987,23.161415354353178,2018-09-21-03-59-07
1.0,113.33516734867203,23.16242496026099,2018-09-21-03-59-07
1.0,113.34090621729453,23.16241452312497,2018-09-21-03-59-07
1.0,113.3456481017264,23.152660041953357,2018-09-21-03-59-07
1.0,113.34939149561761,23.152653793104204,2018-09-21-03-59-07
1.0,113.34964104952351,23.152903288554395,2018-09-21-03-59-07
1.0,113.34989062201934,23.152902883168785,2018-09-21-03-59-07
1.0,113.34864275728373,23.153154825178184,2018-09-21-03-59-07
1.0,113.34939146142908,23.153153597414832,2018-09-21-03-59-07
1.0,113.35163765529052,23.153149985043896,2018-09-21-03-59-07
1.0,113.35238638060002,23.153648610014685,2018-09-21-03-59-07
1.0,113.34964096404582,23.15415279976624,2018-09-21-03-59-07
1.0,113.34864267182242,23.15440433656549,2018-09-21-03-59-07
1.0,113.34639658495848,23.155157793750703,2018-09-21-03-59-07
1.0,113.35113833635046,23.15539989946266,2018-09-21-03-59-07
1.0,113.3463965507876,23.155657598762954,2018-09-21-03-59-07
1.0,113.35038958346253,23.15565100217019,2018-09-21-03-59-07
1.0,113.346895608875,23.156406464856364,2018-09-21-03-59-07
1.0,113.34564782841016,23.156658480372034,2018-09-21-03-59-07
1.0,113.34639646535743,23.156907111913423,2018-09-21-03-59-07
1.0,113.3463964482709,23.157157014650224,2018-09-21-03-59-07
1.0,113.3446495557336,23.157909704727185,2018-09-21-03-59-07
1.0,113.34889199907734,23.157902562611206,2018-09-21-03-59-07
1.0,113.34989021166771,23.158900545030576,2018-09-21-03-59-07
1.0,113.35138762729723,23.159647849861713,2018-09-21-03-59-07
1.0,113.3284309289102,23.1621877138807,2018-09-21-03-59-07
1.0,113.32818142135042,23.162438091638624,2018-09-21-03-59-07
1.0,113.32843091188917,23.162437617381823,2018-09-21-03-59-07
1.0,113.33516734867203,23.16242496026099,2018-09-21-03-59-07
1.0,113.32568650058833,23.162942654222906,2018-09-21-03-59-07
1.0,113.32618547554212,23.162941701548686,2018-09-21-03-59-07
1.0,113.32518750960699,23.1631935111017,2018-09-21-03-59-07
1.0,113.3271834118046,23.163189701984415,2018-09-21-03-59-07
1.0,113.32618544151707,23.16344150881019,2018-09-21-03-59-07
1.0,113.32718339478794,23.16343960563351,2018-09-21-03-59-07
1.0,113.32768237332346,23.163438655329056,2018-09-21-03-59-07
1.0,113.32793186311315,23.163438180541082,2018-09-21-03-59-07
1.0,113.3251874755897,23.16369331843764,2018-09-21-03-59-07
1.0,113.32593593690112,23.16369188875357,2018-09-21-03-59-07
1.0,113.32668440054007,23.163690460513127,2018-09-21-03-59-07
1.0,113.32693388899949,23.16368998481148,2018-09-21-03-59-07
1.0,113.3271833777711,23.163689509319692,2018-09-21-03-59-07
1.0,113.32743286686836,23.16368903405013,2018-09-21-03-59-07
1.0,113.33367023929772,23.163677260680046,2018-09-21-03-59-07
1.0,113.33716333826139,23.163670803472964,2018-09-21-03-59-07
1.0,113.33391972451528,23.16392669924575,2018-09-21-03-59-07
1.0,113.32768232226644,23.164188366498813,2018-09-21-03-59-07
1.0,113.33416921041723,23.164176138403803,2018-09-21-03-59-07
1.0,113.32518742456251,23.164443029720207,2018-09-21-03-59-07
2.0,113.32718332671965,23.164439220601267,2018-09-21-03-59-07
1.0,113.33541671886015,23.164423727951267,2018-09-21-03-59-07
1.0,113.32743279879537,23.164688649166592,2018-09-21-03-59-07
1.0,113.32793177801224,23.164687699343272,2018-09-21-03-59-07
1.0,113.33391967338244,23.1646764106357,2018-09-21-03-59-07
1.0,113.3354167018098,23.16467363178495,2018-09-21-03-59-07
1.0,113.33716327003388,23.164670418582936,2018-09-21-03-59-07
1.0,113.32693380391794,23.16493950380072,2018-09-21-03-59-07
1.0,113.32718329268451,23.164939028308726,2018-09-21-03-59-07
1.0,113.33367015408125,23.164926779663688,2018-09-21-03-59-07
1.0,113.33666422939083,23.16492123712393,2018-09-21-03-59-07
1.0,113.33541666770866,23.16517343956443,2018-09-21-03-59-07
1.0,113.33666421233531,23.165171141032168,2018-09-21-03-59-07
1.0,113.33416912518925,23.16542565776031,2018-09-21-03-59-07
1.0,113.33541665065782,23.165423343510344,2018-09-21-03-59-07
1.0,113.33491762121568,23.16567417139331,2018-09-21-03-59-07
1.0,113.33691368959103,23.165670491274913,2018-09-21-03-59-07
1.0,113.32668424739936,23.165939595367192,2018-09-21-03-59-07
1.0,113.32693373584969,23.165939119665172,2018-09-21-03-59-07
1.0,113.3349175871171,23.166173979473125,2018-09-21-03-59-07
1.0,113.33666414411154,23.166170757040323,2018-09-21-03-59-07
1.0,113.32593574976069,23.16644083176686,2018-09-21-03-59-07
1.0,113.33466806499104,23.166424346431928,2018-09-21-03-59-07
1.0,113.33441852654522,23.1669246181926,2018-09-21-03-59-07
1.0,113.33466803089341,23.166924154738098,2018-09-21-03-59-07
1.0,113.33741262957868,23.166919098500497,2018-09-21-03-59-07
1.0,113.33441850949714,23.16717452240247,2018-09-21-03-59-07
1.0,113.33591554674138,23.167171750800186,2018-09-21-03-59-07
1.0,113.32668414529806,23.167439020294097,2018-09-21-03-59-07
1.0,113.32768208398053,23.1676870230805,2018-09-21-03-59-07
1.0,113.33142435581566,23.169429265174013,2018-09-21-03-59-07
1.0,113.33391933245845,23.169674495231863,2018-09-21-03-59-07
1.0,113.3264344869806,23.16993854078159,2018-09-21-03-59-07
1.0,113.33791138533294,23.17091666007763,2018-09-21-03-59-07
1.0,113.3261849140435,23.17118854060144,2018-09-21-03-59-07
1.0,113.33192323041816,23.171177659367082,2018-09-21-03-59-07
1.0,113.33242222660915,23.171176722435316,2018-09-21-03-59-07
1.0,113.3336697279363,23.17117438874763,2018-09-21-03-59-07
1.0,113.32942824806042,23.171682179230093,2018-09-21-03-59-07
1.0,113.3331706913867,23.171675130442317,2018-09-21-03-59-07
1.0,113.32718281612256,23.171936352124746,2018-09-21-03-59-07
1.0,113.33516734867203,23.16242496026099,2018-09-21-03-59-07
1.0,113.34090621729453,23.16241452312497,2018-09-21-03-59-07
1.0,113.34015760683299,23.16291566788237,2018-09-21-03-59-07
1.0,113.33841092956634,23.16341862582169,2018-09-21-03-59-07
1.0,113.34215379746914,23.163411926131683,2018-09-21-03-59-07
1.0,113.33716333826139,23.163670803472964,2018-09-21-03-59-07
1.0,113.34240331338977,23.163661390359366,2018-09-21-03-59-07
1.0,113.34514825387257,23.16365662271891,2018-09-21-03-59-07
1.0,113.33841089544364,23.16391843322744,2018-09-21-03-59-07
1.0,113.33841087838204,23.164168336986073,2018-09-21-03-59-07
1.0,113.33866039594913,23.164167884468032,2018-09-21-03-59-07
1.0,113.33541671886015,23.164423727951267,2018-09-21-03-59-07
1.0,113.3354167018098,23.16467363178495,2018-09-21-03-59-07
1.0,113.33716327003388,23.164670418582936,2018-09-21-03-59-07
1.0,113.33666422939083,23.16492123712393,2018-09-21-03-59-07
1.0,113.33541666770866,23.16517343956443,2018-09-21-03-59-07
1.0,113.33666421233531,23.165171141032168,2018-09-21-03-59-07
1.0,113.33541665065782,23.165423343510344,2018-09-21-03-59-07
1.0,113.33491762121568,23.16567417139331,2018-09-21-03-59-07
1.0,113.33691368959103,23.165670491274913,2018-09-21-03-59-07
1.0,113.33841077600894,23.165667760321945,2018-09-21-03-59-07
1.0,113.3349175871171,23.166173979473125,2018-09-21-03-59-07
1.0,113.33666414411154,23.166170757040323,2018-09-21-03-59-07
1.0,113.34115545459858,23.166662444183284,2018-09-21-03-59-07
1.0,113.33741262957868,23.166919098500497,2018-09-21-03-59-07
1.0,113.33591554674138,23.167171750800186,2018-09-21-03-59-07
1.0,113.34040680690974,23.167663396096547,2018-09-21-03-59-07
1.0,113.34015724837852,23.1681636515388,2018-09-21-03-59-07
1.0,113.34090580756647,23.168412218286278,2018-09-21-03-59-07
1.0,113.343151560521,23.168908063853063,2018-09-21-03-59-07
1.0,113.34040670447698,23.169162822605077,2018-09-21-03-59-07
1.0,113.34265247177548,23.169158842401107,2018-09-21-03-59-07
1.0,113.34015716302135,23.16941317391596,2018-09-21-03-59-07
1.0,113.34065619574204,23.169662185859355,2018-09-21-03-59-07
1.0,113.34739381767301,23.1696505194741,2018-09-21-03-59-07
1.0,113.34065617866806,23.169912090488122,2018-09-21-03-59-07
1.0,113.3409056880443,23.170161550150176,2018-09-21-03-59-07
1.0,113.34240286934605,23.17015889932879,2018-09-21-03-59-07
1.0,113.34614600692561,23.17015243003464,2018-09-21-03-59-07
1.0,113.33841045178775,23.170415943199217,2018-09-21-03-59-07
1.0,113.34764332579111,23.170399816772516,2018-09-21-03-59-07
1.0,113.33865995226402,23.1706653954249,2018-09-21-03-59-07
1.0,113.3458964214461,23.170652663209218,2018-09-21-03-59-07
1.0,113.34639552534932,23.170651816899014,2018-09-21-03-59-07
1.0,113.33791138533294,23.17091666007763,2018-09-21-03-59-07
1.0,113.3406560932956,23.17116161421058,2018-09-21-03-59-07
1.0,113.34390002305247,23.171155902345998,2018-09-21-03-59-07
1.0,113.34539728859856,23.171153323645065,2018-09-21-03-59-07
1.0,113.34439908950817,23.171404943365282,2018-09-21-03-59-07
1.0,113.34439905532992,23.171904753201748,2018-09-21-03-59-07
1.0,113.34739366377941,23.171899662513287,2018-09-21-03-59-07
1.0,113.35288492867595,23.162894238761385,2018-09-21-03-59-07
1.0,113.35013949491244,23.16314849730607,2018-09-21-03-59-07
1.0,113.34514825387257,23.16365662271891,2018-09-21-03-59-07
1.0,113.35113763503253,23.165645932493803,2018-09-21-03-59-07
1.0,113.35363350730917,23.165891926556732,2018-09-21-03-59-07
1.0,113.35587993457227,23.16613843778699,2018-09-21-03-59-07
1.0,113.35388305398007,23.166641255795618,2018-09-21-03-59-07
1.0,113.3521358857335,23.16689387192971,2018-09-21-03-59-07
1.0,113.35238547380688,23.166893480177805,2018-09-21-03-59-07
1.0,113.34739381767301,23.1696505194741,2018-09-21-03-59-07
1.0,113.34963990377432,23.169646813739206,2018-09-21-03-59-07
1.0,113.35288444945435,23.16989155395267,2018-09-21-03-59-07
1.0,113.34614600692561,23.17015243003464,2018-09-21-03-59-07
1.0,113.35013901594318,23.17014581356831,2018-09-21-03-59-07
1.0,113.3521356632513,23.170142629590707,2018-09-21-03-59-07
1.0,113.35388281430501,23.170139917621285,2018-09-21-03-59-07
1.0,113.35413241401629,23.170139536069836,2018-09-21-03-59-07
1.0,113.35662850715826,23.170135804862532,2018-09-21-03-59-07
1.0,113.34764332579111,23.170399816772516,2018-09-21-03-59-07
1.0,113.35113730993594,23.170394115329547,2018-09-21-03-59-07
1.0,113.35388279718411,23.17038982232482,2018-09-21-03-59-07
1.0,113.3458964214461,23.170652663209218,2018-09-21-03-59-07
1.0,113.34639552534932,23.170651816899014,2018-09-21-03-59-07
1.0,113.34939026440836,23.170646839170164,2018-09-21-03-59-07
1.0,113.35113729282392,23.170644020072178,2018-09-21-03-59-07
1.0,113.35238521708175,23.170642047284446,2018-09-21-03-59-07
1.0,113.35413237977271,23.170639345515433,2018-09-21-03-59-07
1.0,113.35612924002848,23.170636348030143,2018-09-21-03-59-07
1.0,113.34889110986438,23.170897561194824,2018-09-21-03-59-07
1.0,113.34939024730211,23.170896743951765,2018-09-21-03-59-07
1.0,113.34539728859856,23.171153323645065,2018-09-21-03-59-07
1.0,113.35038852297025,23.171145029866203,2018-09-21-03-59-07
1.0,113.35013891328981,23.171645242373746,2018-09-21-03-59-07
1.0,113.35163638928037,23.171642846129078,2018-09-21-03-59-07
1.0,113.35438191270113,23.171638584820055,2018-09-21-03-59-07
1.0,113.3261849140435,23.17118854060144,2018-09-21-03-59-07
1.0,113.33192323041816,23.171177659367082,2018-09-21-03-59-07
1.0,113.33242222660915,23.171176722435316,2018-09-21-03-59-07
1.0,113.3336697279363,23.17117438874763,2018-09-21-03-59-07
1.0,113.32942824806042,23.171682179230093,2018-09-21-03-59-07
1.0,113.3331706913867,23.171675130442317,2018-09-21-03-59-07
1.0,113.32718281612256,23.171936352124746,2018-09-21-03-59-07
1.0,113.32718279910007,23.172186257104254,2018-09-21-03-59-07
1.0,113.3354161902223,23.172170764411756,2018-09-21-03-59-07
1.0,113.3259353413844,23.172438541563864,2018-09-21-03-59-07
1.0,113.32668380491711,23.17243711331908,2018-09-21-03-59-07
1.0,113.33242214139237,23.172426247134077,2018-09-21-03-59-07
1.0,113.32768174351546,23.172685116872785,2018-09-21-03-59-07
1.0,113.32843021388354,23.172683693294594,2018-09-21-03-59-07
1.0,113.33691321193203,23.172667818259164,2018-09-21-03-59-07
1.0,113.32593530734871,23.17293835171847,2018-09-21-03-59-07
1.0,113.32618479491443,23.172937875459912,2018-09-21-03-59-07
1.0,113.32668377087535,23.172936923473443,2018-09-21-03-59-07
1.0,113.3284301968555,23.172933598391037,2018-09-21-03-59-07
1.0,113.3291786707544,23.172932177369173,2018-09-21-03-59-07
1.0,113.33267160629634,23.172925589536472,2018-09-21-03-59-07
1.0,113.33491712672087,23.172921403482295,2018-09-21-03-59-07
1.0,113.33641417302427,23.172918639418683,2018-09-21-03-59-07
1.0,113.32693324227523,23.17318635290611,2018-09-21-03-59-07
1.0,113.3324220902603,23.173175962421464,2018-09-21-03-59-07
1.0,113.32793118218929,23.17343435749037,2018-09-21-03-59-07
1.0,113.32892912794868,23.173682366262696,2018-09-21-03-59-07
1.0,113.32917861966027,23.17368189289327,2018-09-21-03-59-07
1.0,113.32643421467071,23.173937020153293,2018-09-21-03-59-07
1.0,113.32867961962684,23.17393274519424,2018-09-21-03-59-07
1.0,113.32992708041095,23.173930380014358,2018-09-21-03-59-07
1.0,113.33466755345654,23.173921487119483,2018-09-21-03-59-07
1.0,113.33491705850366,23.17392102425583,2018-09-21-03-59-07
1.0,113.3379111805496,23.17391552051623,2018-09-21-03-59-07
1.0,113.32668368576805,23.17418644954551,2018-09-21-03-59-07
1.0,113.32818062122145,23.1741835987204,2018-09-21-03-59-07
1.0,113.33591506916302,23.174169084257617,2018-09-21-03-59-07
1.0,113.32793111408225,23.174433978583103,2018-09-21-03-59-07
1.0,113.32892907685607,23.17443208214078,2018-09-21-03-59-07
1.0,113.32917856856464,23.17443160877123,2018-09-21-03-59-07
1.0,113.32793109705507,23.174683883954845,2018-09-21-03-59-07
1.0,113.32818058716525,23.174683409424333,2018-09-21-03-59-07
1.0,113.32843007765466,23.174682935165503,2018-09-21-03-59-07
1.0,113.32892905982486,23.174681987512358,2018-09-21-03-59-07
1.0,113.32917855153242,23.17468151414277,2018-09-21-03-59-07
1.0,113.32942804367285,23.17468104109431,2018-09-21-03-59-07
1.0,113.32892904279349,23.174931892923475,2018-09-21-03-59-07
1.0,113.33566550990463,23.174919260742342,2018-09-21-03-59-07
29.0,113.32718259481727,23.175185119915263,2018-09-21-03-59-07
1.0,113.32818055310838,23.175183220286403,2018-09-21-03-59-07
1.0,113.32643411254351,23.1754364525043,2018-09-21-03-59-07
1.0,113.32693308906848,23.175435500899628,2018-09-21-03-59-07
1.0,113.32768155623125,23.17543407509747,2018-09-21-03-59-07
1.0,113.32693307204467,23.17568540643,2018-09-21-03-59-07
1.0,113.32793102894469,23.175683505837714,2018-09-21-03-59-07
1.0,113.32892899169838,23.175681609394566,2018-09-21-03-59-07
1.0,113.33591493268801,23.17616832801357,2018-09-21-03-59-07
4.0,113.33741199825623,23.176165579914198,2018-09-21-03-59-07
1.0,113.33791102694629,23.176164669560677,2018-09-21-03-59-07
1.0,113.33391887210517,23.17642193391265,2018-09-21-03-59-07
1.0,113.33741198119029,23.176415485562234,2018-09-21-03-59-07
1.0,113.33791100987843,23.17641457520863,2018-09-21-03-59-07
1.0,113.33491687089258,23.176669984641624,2018-09-21-03-59-07
1.0,113.33541588319767,23.176669060738412,2018-09-21-03-59-07
1.0,113.33616440743495,23.176667679629485,2018-09-21-03-59-07
1.0,113.33716245109538,23.176665847522333,2018-09-21-03-59-07
1.0,113.3376614780248,23.176664935704192,2018-09-21-03-59-07
1.0,113.33791097574218,23.17691438662432,2018-09-21-03-59-07
1.0,113.3379109586738,23.177164292392163,2018-09-21-03-59-07
1.0,113.33117429740446,23.177676607338086,2018-09-21-03-59-07
1.0,113.33791092453656,23.177664104048127,2018-09-21-03-59-07
1.0,113.33117428036208,23.177926513227437,2018-09-21-03-59-07
1.0,113.33716236576714,23.177915376562822,2018-09-21-03-59-07
1.0,113.33791090746769,23.177914009936355,2018-09-21-03-59-07
1.0,113.32743187954917,23.178183513162683,2018-09-21-03-59-07
1.0,113.32917831306399,23.178180193519918,2018-09-21-03-59-07
1.0,113.3311742462768,23.178426325126896,2018-09-21-03-59-07
1.0,113.33566527107298,23.178417940663476,2018-09-21-03-59-07
1.0,113.3361642880014,23.178417020568606,2018-09-21-03-59-07
1.0,113.33791087332945,23.17841382183356,2018-09-21-03-59-07
1.0,113.32718235645702,23.178683800416056,2018-09-21-03-59-07
1.0,113.32743184549368,23.17868332514401,2018-09-21-03-59-07
1.0,113.33591476207921,23.178667386298898,2018-09-21-03-59-07
1.0,113.3361642709388,23.17866692657799,2018-09-21-03-59-07
1.0,113.33666329108888,23.178666009144358,2018-09-21-03-59-07
1.0,113.32917826195936,23.17892991155161,2018-09-21-03-59-07
1.0,113.32992673968155,23.17892849341695,2018-09-21-03-59-07
1.0,113.3369127853401,23.178915457505646,2018-09-21-03-59-07
1.0,113.33716229750155,23.178915000519105,2018-09-21-03-59-07
1.0,113.32718232240289,23.179183612559047,2018-09-21-03-59-07
1.0,113.32967722961509,23.17917887187808,2018-09-21-03-59-07
1.0,113.33217218278925,23.179174165779482,2018-09-21-03-59-07
1.0,113.33616423681308,23.17916673871799,2018-09-21-03-59-07
1.0,113.33666325695928,23.179165821284187,2018-09-21-03-59-07
1.0,113.33791082212082,23.17916353998206,2018-09-21-03-59-07
1.0,113.3269328166676,23.179433994185665,2018-09-21-03-59-07
1.0,113.32743179440921,23.179433043419102,2018-09-21-03-59-07
1.0,113.32768128378189,23.17943256838152,2018-09-21-03-59-07
1.0,113.33142367417037,23.179425479374785,2018-09-21-03-59-07
1.0,113.33317016287295,23.17942220191856,2018-09-21-03-59-07
1.0,113.33691275120823,23.179415269726345,2018-09-21-03-59-07
1.0,113.33716226336774,23.17941481273972,2018-09-21-03-59-07
7.0,113.32743177738071,23.17968294959184,2018-09-21-03-59-07
14.0,113.32768126675239,23.17968247455422,2018-09-21-03-59-07
1.0,113.33067517053681,23.17967679690103,2018-09-21-03-59-07
1.0,113.33167315374425,23.179674915943508,2018-09-21-03-59-07
1.0,113.3374117593178,23.179664262638177,2018-09-21-03-59-07
1.0,113.32743176035206,23.17993285580518,2018-09-21-03-59-07
1.0,113.32768124972272,23.17993238076752,2018-09-21-03-59-07
1.0,113.33192263388258,23.179924352997322,2018-09-21-03-59-07
1.0,113.3329206285523,23.179922481054017,2018-09-21-03-59-07
1.0,113.33341962963395,23.179921548069853,2018-09-21-03-59-07
1.0,113.33716222923329,23.179914625122553,2018-09-21-03-59-07
1.0,113.33766125613762,23.17991371330332,2018-09-21-03-59-07
1.0,113.3379107709107,23.179913258495073,2018-09-21-03-59-07
1.0,113.32718225429262,23.180183237331484,2018-09-21-03-59-07
1.0,113.33192261683571,23.18017425925058,2018-09-21-03-59-07
1.0,113.3336691141043,23.180170988620645,2018-09-21-03-59-07
1.0,113.33766123906821,23.18016361955562,2018-09-21-03-59-07
1.0,113.33766122199863,23.18041352584864,2018-09-21-03-59-07
1.0,113.33292057739926,23.180672199935504,2018-09-21-03-59-07
1.0,113.33791071969905,23.180662977374052,2018-09-21-03-59-07
1.0,113.3266832261166,23.18093390753728,2018-09-21-03-59-07
1.0,113.32693271450627,23.18093343183278,2018-09-21-03-59-07
1.0,113.32793067132147,23.18093153123702,2018-09-21-03-59-07
1.0,113.3324215618076,23.18092304131987,2018-09-21-03-59-07
1.0,113.33341956142165,23.18092117332641,2018-09-21-03-59-07
1.0,113.33791138533294,23.17091666007763,2018-09-21-03-59-07
1.0,113.3406560932956,23.17116161421058,2018-09-21-03-59-07
1.0,113.34390002305247,23.171155902345998,2018-09-21-03-59-07
1.0,113.34539728859856,23.171153323645065,2018-09-21-03-59-07
1.0,113.34439908950817,23.171404943365282,2018-09-21-03-59-07
1.0,113.34439905532992,23.171904753201748,2018-09-21-03-59-07
1.0,113.34739366377941,23.171899662513287,2018-09-21-03-59-07
1.0,113.3354161902223,23.172170764411756,2018-09-21-03-59-07
1.0,113.34739364667928,23.172149567489388,2018-09-21-03-59-07
1.0,113.33691321193203,23.172667818259164,2018-09-21-03-59-07
1.0,113.34539718604105,23.17265275338735,2018-09-21-03-59-07
1.0,113.33491712672087,23.172921403482295,2018-09-21-03-59-07
1.0,113.33641417302427,23.172918639418683,2018-09-21-03-59-07
1.0,113.34589626759441,23.172901807647627,2018-09-21-03-59-07
1.0,113.34564670052767,23.173152137637487,2018-09-21-03-59-07
1.0,113.34514758737204,23.173402895869202,2018-09-21-03-59-07
1.0,113.34639533728689,23.173400771640992,2018-09-21-03-59-07
1.0,113.34714400315731,23.173399510856168,2018-09-21-03-59-07
1.0,113.33841022991743,23.173664707913385,2018-09-21-03-59-07
1.0,113.33865974744816,23.173664255393746,2018-09-21-03-59-07
1.0,113.34439893570071,23.173654088858804,2018-09-21-03-59-07
1.0,113.34539711766602,23.17365237399684,2018-09-21-03-59-07
1.0,113.34589621630751,23.173651523163272,2018-09-21-03-59-07
1.0,113.3463953201893,23.173650676852034,2018-09-21-03-59-07
1.0,113.34664487412671,23.173650255421247,2018-09-21-03-59-07
1.0,113.34714398605706,23.173649416067082,2018-09-21-03-59-07
1.0,113.33491705850366,23.17392102425583,2018-09-21-03-59-07
1.0,113.3379111805496,23.17391552051623,2018-09-21-03-59-07
2.0,113.33865973037909,23.173914160645424,2018-09-21-03-59-07
1.0,113.33890924884629,23.173913708912448,2018-09-21-03-59-07
1.0,113.3441493762371,23.173904425505864,2018-09-21-03-59-07
1.0,113.34439891861015,23.173903994109505,2018-09-21-03-59-07
1.0,113.34464846221746,23.173903563773777,2018-09-21-03-59-07
1.0,113.34489800707176,23.17390313451039,2018-09-21-03-59-07
1.0,113.34514755318567,23.17390270633103,2018-09-21-03-59-07
1.0,113.34689441231225,23.173899740406025,2018-09-21-03-59-07
1.0,113.3473935269737,23.173898903416916,2018-09-21-03-59-07
1.0,113.33591506916302,23.174169084257617,2018-09-21-03-59-07
1.0,113.33865971330985,23.174164065936473,2018-09-21-03-59-07
1.0,113.3389092317761,23.174163614203454,2018-09-21-03-59-07
1.0,113.34340073930937,23.17415563123162,2018-09-21-03-59-07
2.0,113.34389981799673,23.17415476324129,2018-09-21-03-59-07
1.0,113.3441493591473,23.174154330795982,2018-09-21-03-59-07
1.0,113.34489798997922,23.17415303980038,2018-09-21-03-59-07
1.0,113.34539708347751,23.174152184537274,2018-09-21-03-59-07
1.0,113.3456466321477,23.174151758560914,2018-09-21-03-59-07
1.0,113.34689439521256,23.17414964569567,2018-09-21-03-59-07
1.0,113.34739350987223,23.174148808706477,2018-09-21-03-59-07
1.0,113.3476430692735,23.174148392005847,2018-09-21-03-59-07
1.0,113.33865969624044,23.17441397126695,2018-09-21-03-59-07
1.0,113.34365026096687,23.174405102053385,2018-09-21-03-59-07
1.0,113.34389980090766,23.174404668570876,2018-09-21-03-59-07
1.0,113.34714393475531,23.174399131935942,2018-09-21-03-59-07
1.0,113.34789261296892,23.174397881845387,2018-09-21-03-59-07
1.0,113.33841016164396,23.17466432915671,2018-09-21-03-59-07
1.0,113.34589614792262,23.1746511444015,2018-09-21-03-59-07
1.0,113.34639525179726,23.174650298089915,2018-09-21-03-59-07
1.0,113.33566550990463,23.174919260742342,2018-09-21-03-59-07
1.0,113.34040631176228,23.174910637110326,2018-09-21-03-59-07
1.0,113.34340068804718,23.174905347339127,2018-09-21-03-59-07
1.0,113.34365022679006,23.174904912831135,2018-09-21-03-59-07
1.0,113.34439885024626,23.174903615506576,2018-09-21-03-59-07
1.0,113.3448979387006,23.174902755907116,2018-09-21-03-59-07
1.0,113.34689434391245,23.17489936180138,2018-09-21-03-59-07
1.0,113.34240252769699,23.17515700083761,2018-09-21-03-59-07
1.0,113.3426520617824,23.175156562345983,2018-09-21-03-59-07
1.0,113.34464837675763,23.175153090618736,2018-09-21-03-59-07
1.0,113.3448979216074,23.175152661355135,2018-09-21-03-59-07
2.0,113.34539701509846,23.175151806091684,2018-09-21-03-59-07
1.0,113.34614566500338,23.175150531530637,2018-09-21-03-59-07
1.0,113.34639521760025,23.17515010894585,2018-09-21-03-59-07
1.0,113.33890914642261,23.17541314125096,2018-09-21-03-59-07
1.0,113.33915866583457,23.17541269031651,2018-09-21-03-59-07
1.0,113.33990722990417,23.17541134242635,2018-09-21-03-59-07
1.0,113.34140438546684,23.175408669836784,2018-09-21-03-59-07
1.0,113.34489790451403,23.17540256684279,2018-09-21-03-59-07
1.0,113.34689430971154,23.175399172736363,2018-09-21-03-59-07
2.0,113.34764298375926,23.175397919045892,2018-09-21-03-59-07
1.0,113.33940816913703,23.175662145721184,2018-09-21-03-59-07
1.0,113.33965769048825,23.175661696420413,2018-09-21-03-59-07
1.0,113.3414043683862,23.175658575364736,2018-09-21-03-59-07
1.0,113.34489788742049,23.175652472370146,2018-09-21-03-59-07
1.0,113.34664472023285,23.175899404096015,2018-09-21-03-59-07
1.0,113.33591493268801,23.17616832801357,2018-09-21-03-59-07
4.0,113.33741199825623,23.176165579914198,2018-09-21-03-59-07
1.0,113.33791102694629,23.176164669560677,2018-09-21-03-59-07
1.0,113.33990717867866,23.176161059130262,2018-09-21-03-59-07
1.0,113.34015670202038,23.176160611511257,2018-09-21-03-59-07
1.0,113.34165386385502,23.176157944254147,2018-09-21-03-59-07
1.0,113.33741198119029,23.176415485562234,2018-09-21-03-59-07
1.0,113.33791100987843,23.17641457520863,2018-09-21-03-59-07
1.0,113.33816052556307,23.176414121151385,2018-09-21-03-59-07
1.0,113.34489783613884,23.17640218919092,2018-09-21-03-59-07
1.0,113.34664468603238,23.176399215349086,2018-09-21-03-59-07
1.0,113.33491687089258,23.176669984641624,2018-09-21-03-59-07
1.0,113.33541588319767,23.176669060738412,2018-09-21-03-59-07
1.0,113.33616440743495,23.176667679629485,2018-09-21-03-59-07
1.0,113.33716245109538,23.176665847522333,2018-09-21-03-59-07
1.0,113.3376614780248,23.176664935704192,2018-09-21-03-59-07
1.0,113.33865954260824,23.176663121024298,2018-09-21-03-59-07
1.0,113.33890906106494,23.17666266929086,2018-09-21-03-59-07
1.0,113.3401566678673,23.176660422846314,2018-09-21-03-59-07
1.0,113.34040619222286,23.176659976086164,2018-09-21-03-59-07
1.0,113.34065571760712,23.176659530196947,2018-09-21-03-59-07
1.0,113.34464827420031,23.176652524141453,2018-09-21-03-59-07
1.0,113.34489781904463,23.176652094877596,2018-09-21-03-59-07
1.0,113.33791097574218,23.17691438662432,2018-09-21-03-59-07
1.0,113.33865952553715,23.176913026751997,2018-09-21-03-59-07
1.0,113.3389090439929,23.176912575018516,2018-09-21-03-59-07
1.0,113.34115475443313,23.176908546806473,2018-09-21-03-59-07
1.0,113.3379109586738,23.177164292392163,2018-09-21-03-59-07
1.0,113.33890902692069,23.177162480786198,2018-09-21-03-59-07
1.0,113.33940806669489,23.177161579727542,2018-09-21-03-59-07
1.0,113.34090520987368,23.1771588966853,2018-09-21-03-59-07
1.0,113.34115473735241,23.17715845257377,2018-09-21-03-59-07
1.0,113.34589597694867,23.17715020027199,2018-09-21-03-59-07
1.0,113.34614552821573,23.17714977654468,2018-09-21-03-59-07
1.0,113.34739330464156,23.17714767527183,2018-09-21-03-59-07
1.0,113.33816045728607,23.177413744142672,2018-09-21-03-59-07
1.0,113.33840997387811,23.177413290847785,2018-09-21-03-59-07
1.0,113.3386594913945,23.177412838327513,2018-09-21-03-59-07
1.0,113.34040614098916,23.177409693388494,2018-09-21-03-59-07
1.0,113.33791092453656,23.177664104048127,2018-09-21-03-59-07
1.0,113.3381604402164,23.177663649990674,2018-09-21-03-59-07
1.0,113.33890899277579,23.177662292441823,2018-09-21-03-59-07
1.0,113.33990707622311,23.177660493615694,2018-09-21-03-59-07
1.0,113.34514729676646,23.17765128984448,2018-09-21-03-59-07
1.0,113.34689415579915,23.177648323914962,2018-09-21-03-59-07
1.0,113.33716236576714,23.177915376562822,2018-09-21-03-59-07
1.0,113.33791090746769,23.177914009936355,2018-09-21-03-59-07
1.0,113.33890897570308,23.17791219832988,2018-09-21-03-59-07
1.0,113.3414042146528,23.17790772691148,2018-09-21-03-59-07
1.0,113.34639502950463,23.1778990714994,2018-09-21-03-59-07
1.0,113.33915847803169,23.178161653323258,2018-09-21-03-59-07
1.0,113.3421527897332,23.17815630878485,2018-09-21-03-59-07
1.0,113.34240232267541,23.178155869326392,2018-09-21-03-59-07
1.0,113.33566527107298,23.178417940663476,2018-09-21-03-59-07
1.0,113.3361642880014,23.178417020568606,2018-09-21-03-59-07
1.0,113.33791087332945,23.17841382183356,2018-09-21-03-59-07
1.0,113.33890894155716,23.178412010226747,2018-09-21-03-59-07
1.0,113.3421527726479,23.178406214752876,2018-09-21-03-59-07
1.0,113.33591476207921,23.178667386298898,2018-09-21-03-59-07
1.0,113.3361642709388,23.17866692657799,2018-09-21-03-59-07
1.0,113.33666329108888,23.178666009144358,2018-09-21-03-59-07
18.0,113.33965748558654,23.17866056587523,2018-09-21-03-59-07
1.0,113.34664453212193,23.178648367969714,2018-09-21-03-59-07
1.0,113.3369127853401,23.178915457505646,2018-09-21-03-59-07
1.0,113.33716229750155,23.178915000519105,2018-09-21-03-59-07
1.0,113.33890890741058,23.178911822284984,2018-09-21-03-59-07
1.0,113.3391584268092,23.178911371349944,2018-09-21-03-59-07
1.0,113.33965746851032,23.178910471924418,2018-09-21-03-59-07
1.0,113.33616423681308,23.17916673871799,2018-09-21-03-59-07
1.0,113.33666325695928,23.179165821284187,2018-09-21-03-59-07
1.0,113.33791082212082,23.17916353998206,2018-09-21-03-59-07
1.0,113.3386593718899,23.179162180108605,2018-09-21-03-59-07
1.0,113.33691275120823,23.179415269726345,2018-09-21-03-59-07
1.0,113.33716226336774,23.17941481273972,2018-09-21-03-59-07
1.0,113.33840983730843,23.179412538759518,2018-09-21-03-59-07
1.0,113.33890887326334,23.17941163450501,2018-09-21-03-59-07
5.0,113.33940791302038,23.179410733445597,2018-09-21-03-59-07
1.0,113.33965743435736,23.17941028414419,2018-09-21-03-59-07
1.0,113.3374117593178,23.179664262638177,2018-09-21-03-59-07
1.0,113.33840982023648,23.179662444930422,2018-09-21-03-59-07
1.0,113.33890885618946,23.17966154067583,2018-09-21-03-59-07
1.0,113.33716222923329,23.179914625122553,2018-09-21-03-59-07
1.0,113.33766125613762,23.17991371330332,2018-09-21-03-59-07
1.0,113.3379107709107,23.179913258495073,2018-09-21-03-59-07
1.0,113.33865932067116,23.179911898621242,2018-09-21-03-59-07
1.0,113.33940787886866,23.179910545827674,2018-09-21-03-59-07
1.0,113.33766123906821,23.18016361955562,2018-09-21-03-59-07
1.0,113.33890882204122,23.180161353139347,2018-09-21-03-59-07
1.0,113.33766122199863,23.18041352584864,2018-09-21-03-59-07
1.0,113.33816025243904,23.180412616982395,2018-09-21-03-59-07
1.0,113.3429012381703,23.18040414848816,2018-09-21-03-59-07
1.0,113.33791071969905,23.180662977374052,2018-09-21-03-59-07
1.0,113.33840975194695,23.18066207002066,2018-09-21-03-59-07
1.0,113.33865926945089,23.18066161749984,2018-09-21-03-59-07
1.0,113.3389087878923,23.18066116576573,2018-09-21-03-59-07
1.0,113.34290122108072,23.18065405482106,2018-09-21-03-59-07
1.0,113.33840973487415,23.180911976395144,2018-09-21-03-59-07
1.0,113.34389935653317,23.180902221155073,2018-09-21-03-59-07
1.0,113.3458964214461,23.170652663209218,2018-09-21-03-59-07
1.0,113.34639552534932,23.170651816899014,2018-09-21-03-59-07
1.0,113.34939026440836,23.170646839170164,2018-09-21-03-59-07
1.0,113.35113729282392,23.170644020072178,2018-09-21-03-59-07
1.0,113.35238521708175,23.170642047284446,2018-09-21-03-59-07
1.0,113.35413237977271,23.170639345515433,2018-09-21-03-59-07
1.0,113.35612924002848,23.170636348030143,2018-09-21-03-59-07
1.0,113.34889110986438,23.170897561194824,2018-09-21-03-59-07
1.0,113.34939024730211,23.170896743951765,2018-09-21-03-59-07
1.0,113.34539728859856,23.171153323645065,2018-09-21-03-59-07
1.0,113.35038852297025,23.171145029866203,2018-09-21-03-59-07
1.0,113.35013891328981,23.171645242373746,2018-09-21-03-59-07
1.0,113.35163638928037,23.171642846129078,2018-09-21-03-59-07
1.0,113.35438191270113,23.171638584820055,2018-09-21-03-59-07
1.0,113.34739366377941,23.171899662513287,2018-09-21-03-59-07
1.0,113.35138678892316,23.171893147025774,2018-09-21-03-59-07
1.0,113.34739364667928,23.172149567489388,2018-09-21-03-59-07
1.0,113.34814232910911,23.172148321033788,2018-09-21-03-59-07
5.0,113.3513867718093,23.17214305200118,2018-09-21-03-59-07
1.0,113.3493901446611,23.172396173456434,2018-09-21-03-59-07
1.0,113.34539718604105,23.17265275338735,2018-09-21-03-59-07
1.0,113.34589626759441,23.172901807647627,2018-09-21-03-59-07
1.0,113.34564670052767,23.173152137637487,2018-09-21-03-59-07
1.0,113.3481422606964,23.173147941328136,2018-09-21-03-59-07
1.0,113.34914052389148,23.17314629671731,2018-09-21-03-59-07
1.0,113.35063796307323,23.173143868412584,2018-09-21-03-59-07
1.0,113.34514758737204,23.173402895869202,2018-09-21-03-59-07
1.0,113.34639533728689,23.173400771640992,2018-09-21-03-59-07
1.0,113.34714400315731,23.173399510856168,2018-09-21-03-59-07
1.0,113.34539711766602,23.17365237399684,2018-09-21-03-59-07
1.0,113.34589621630751,23.173651523163272,2018-09-21-03-59-07
1.0,113.3463953201893,23.173650676852034,2018-09-21-03-59-07
1.0,113.34664487412671,23.173650255421247,2018-09-21-03-59-07
1.0,113.34714398605706,23.173649416067082,2018-09-21-03-59-07
1.0,113.35038835186273,23.17364408020932,2018-09-21-03-59-07
1.0,113.34464846221746,23.173903563773777,2018-09-21-03-59-07
1.0,113.34489800707176,23.17390313451039,2018-09-21-03-59-07
1.0,113.34514755318567,23.17390270633103,2018-09-21-03-59-07
1.0,113.34689441231225,23.173899740406025,2018-09-21-03-59-07
1.0,113.3473935269737,23.173898903416916,2018-09-21-03-59-07
1.0,113.35113707035234,23.173892785264833,2018-09-21-03-59-07
1.0,113.35138665200753,23.173892387923832,2018-09-21-03-59-07
1.0,113.34489798997922,23.17415303980038,2018-09-21-03-59-07
1.0,113.34539708347751,23.174152184537274,2018-09-21-03-59-07
1.0,113.3456466321477,23.174151758560914,2018-09-21-03-59-07
1.0,113.34689439521256,23.17414964569567,2018-09-21-03-59-07
1.0,113.34739350987223,23.174148808706477,2018-09-21-03-59-07
1.0,113.3476430692735,23.174148392005847,2018-09-21-03-59-07
1.0,113.34889088749033,23.174146326900196,2018-09-21-03-59-07
1.0,113.34714393475531,23.174399131935942,2018-09-21-03-59-07
1.0,113.34789261296892,23.174397881845387,2018-09-21-03-59-07
1.0,113.3486413038717,23.174396642759078,2018-09-21-03-59-07
1.0,113.34589614792262,23.1746511444015,2018-09-21-03-59-07
1.0,113.34639525179726,23.174650298089915,2018-09-21-03-59-07
1.0,113.3448979387006,23.174902755907116,2018-09-21-03-59-07
1.0,113.34689434391245,23.17489936180138,2018-09-21-03-59-07
1.0,113.34464837675763,23.175153090618736,2018-09-21-03-59-07
1.0,113.3448979216074,23.175152661355135,2018-09-21-03-59-07
2.0,113.34539701509846,23.175151806091684,2018-09-21-03-59-07
1.0,113.34614566500338,23.175150531530637,2018-09-21-03-59-07
1.0,113.34639521760025,23.17515010894585,2018-09-21-03-59-07
1.0,113.34489790451403,23.17540256684279,2018-09-21-03-59-07
1.0,113.34689430971154,23.175399172736363,2018-09-21-03-59-07
2.0,113.34764298375926,23.175397919045892,2018-09-21-03-59-07
1.0,113.34489788742049,23.175652472370146,2018-09-21-03-59-07
1.0,113.34664472023285,23.175899404096015,2018-09-21-03-59-07
1.0,113.34489783613884,23.17640218919092,2018-09-21-03-59-07
1.0,113.34664468603238,23.176399215349086,2018-09-21-03-59-07
1.0,113.34464827420031,23.176652524141453,2018-09-21-03-59-07
1.0,113.34489781904463,23.176652094877596,2018-09-21-03-59-07
1.0,113.34589597694867,23.17715020027199,2018-09-21-03-59-07
1.0,113.34614552821573,23.17714977654468,2018-09-21-03-59-07
1.0,113.34739330464156,23.17714767527183,2018-09-21-03-59-07
1.0,113.34514729676646,23.17765128984448,2018-09-21-03-59-07
1.0,113.34689415579915,23.177648323914962,2018-09-21-03-59-07
1.0,113.34639502950463,23.1778990714994,2018-09-21-03-59-07
1.0,113.349888877358,23.178393093566527,2018-09-21-03-59-07
1.0,113.34664453212193,23.178648367969714,2018-09-21-03-59-07
1.0,113.34988886024485,23.178642999573565,2018-09-21-03-59-07
2.0,113.34839134534249,23.180144888114278,2018-09-21-03-59-07
1.0,113.34814176462412,23.180395207439073,2018-09-21-03-59-07
