count,wgs_lng,wgs_lat,time
1.0,113.32992912338744,23.14394201498423,2018-09-27-06-00-26
1.0,113.33017861702983,23.143941542978407,2018-09-27-06-00-26
1.0,113.33067760578687,23.14394060009075,2018-09-27-06-00-26
1.0,113.33142609280364,23.14393918875439,2018-09-27-06-00-26
1.0,113.33167558956437,23.143938719156978,2018-09-27-06-00-26
1.0,113.33616664103911,23.143930354340792,2018-09-27-06-00-26
1.0,113.32593726331929,23.14419950834945,2018-09-27-06-00-26
1.0,113.32668572719483,23.14419808011868,2018-09-27-06-00-26
1.0,113.32718468757938,23.144447029925328,2018-09-27-06-00-26
1.0,113.33491906978844,23.144432461277447,2018-09-27-06-00-26
1.0,113.33566758976671,23.144431076375767,2018-09-27-06-00-26
1.0,113.32743415974912,23.144696455685374,2018-09-27-06-00-26
1.0,113.33317253140815,23.144685614317456,2018-09-27-06-00-26
1.0,113.3349190527534,23.144682362302625,2018-09-27-06-00-26
1.0,113.33591708092811,23.144680517032466,2018-09-27-06-00-26
1.0,113.33716463407626,23.14467822523155,2018-09-27-06-00-26
1.0,113.32668567618836,23.144947783198383,2018-09-27-06-00-26
1.0,113.3291805771956,23.14494303714046,2018-09-27-06-00-26
1.0,113.3321745167022,23.144937385345166,2018-09-27-06-00-26
1.0,113.33466953055748,23.1449327262195,2018-09-27-06-00-26
1.0,113.3366655932919,23.144929040952785,2018-09-27-06-00-26
1.0,113.33691510473946,23.144928583270083,2018-09-27-06-00-26
1.0,113.33092701583216,23.145189634363113,2018-09-27-06-00-26
1.0,113.33566753865236,23.14518077954966,2018-09-27-06-00-26
1.0,113.33666557624973,23.14517894204351,2018-09-27-06-00-26
1.0,113.33691508769633,23.145178484360766,2018-09-27-06-00-26
1.0,113.3296795281321,23.145441893603692,2018-09-27-06-00-26
1.0,113.33142599067588,23.145438595008088,2018-09-27-06-00-26
1.0,113.33566752161391,23.14543068067356,2018-09-27-06-00-26
1.0,113.33591702981033,23.145430220305077,2018-09-27-06-00-26
1.0,113.33641604859386,23.14542930153973,2018-09-27-06-00-26
1.0,113.33691507065302,23.145428385484458,2018-09-27-06-00-26
1.0,113.32468972655386,23.145701298235267,2018-09-27-06-00-26
1.0,113.32618664899906,23.145698438552078,2018-09-27-06-00-26
1.0,113.33092698179256,23.145689436645554,2018-09-27-06-00-26
1.0,113.33392096828496,23.14568382167169,2018-09-27-06-00-26
1.0,113.32967949410215,23.14594169595273,2018-09-27-06-00-26
1.0,113.33017848089803,23.14594075158222,2018-09-27-06-00-26
1.0,113.33067746963908,23.145939808693903,2018-09-27-06-00-26
1.0,113.33516847347214,23.145931405668318,2018-09-27-06-00-26
1.0,113.33591699573098,23.145930022652035,2018-09-27-06-00-26
1.0,113.33417043723777,23.146183159487283,2018-09-27-06-00-26
1.0,113.32543813573909,23.146449571458028,2018-09-27-06-00-26
1.0,113.32693506270006,23.14644671455014,2018-09-27-06-00-26
2.0,113.33392091718864,23.14643352534239,2018-09-27-06-00-26
16.0,113.33417042020452,23.14643306074402,2018-09-27-06-00-26
2.0,113.3344199239201,23.146432596713165,2018-09-27-06-00-26
1.0,113.33566745345843,23.14643028550034,2018-09-27-06-00-26
1.0,113.32493914508628,23.14670042626953,2018-09-27-06-00-26
1.0,113.32693504569556,23.146696615841375,2018-09-27-06-00-26
1.0,113.32793300306368,23.146694715268282,2018-09-27-06-00-26
1.0,113.32918045810423,23.14669234547939,2018-09-27-06-00-26
1.0,113.3344199068857,23.146682498003152,2018-09-27-06-00-26
1.0,113.33466941131331,23.14668203455203,2018-09-27-06-00-26
1.0,113.32967942604026,23.146941301049367,2018-09-27-06-00-26
1.0,113.3306774015612,23.146939413789877,2018-09-27-06-00-26
1.0,113.3324238789897,23.146936126777067,2018-09-27-06-00-26
1.0,113.33317237814732,23.146934725033635,2018-09-27-06-00-26
1.0,113.33541791196839,23.146930549122906,2018-09-27-06-00-26
1.0,113.33616643655334,23.146929168028915,2018-09-27-06-00-26
1.0,113.32618654699077,23.147197846200793,2018-09-27-06-00-26
1.0,113.32918042407663,23.147192148161192,2018-09-27-06-00-26
1.0,113.33292286077054,23.147185093136404,2018-09-27-06-00-26
1.0,113.33117635830254,23.147438275230172,2018-09-27-06-00-26
1.0,113.33142585449619,23.14743780519994,2018-09-27-06-00-26
1.0,113.33466936020618,23.147431738622153,2018-09-27-06-00-26
1.0,113.33117634128034,23.147688176654416,2018-09-27-06-00-26
1.0,113.33367132970028,23.14768349728057,2018-09-27-06-00-26
1.0,113.33392083202479,23.147683032126743,2018-09-27-06-00-26
1.0,113.33566736826032,23.147679792283235,2018-09-27-06-00-26
1.0,113.32918037303398,23.147941852434975,2018-09-27-06-00-26
1.0,113.3314258204496,23.14793760808191,2018-09-27-06-00-26
1.0,113.3344198217112,23.147932004954374,2018-09-27-06-00-26
1.0,113.32593699131603,23.148197928222803,2018-09-27-06-00-26
1.0,113.32918035601942,23.14819175392675,2018-09-27-06-00-26
1.0,113.32967934095915,23.14819080817211,2018-09-27-06-00-26
1.0,113.3294298312505,23.1484411824081,2018-09-27-06-00-26
1.0,113.32967932394243,23.148440709697482,2018-09-27-06-00-26
1.0,113.33142578640235,23.148437411098392,2018-09-27-06-00-26
1.0,113.3319247804545,23.148436472346642,2018-09-27-06-00-26
1.0,113.3371643783997,23.148426744582324,2018-09-27-06-00-26
1.0,113.32468952260417,23.14870011474014,2018-09-27-06-00-26
1.0,113.3271843984858,23.148695351887056,2018-09-27-06-00-26
1.0,113.32967930692554,23.148690611256594,2018-09-27-06-00-26
1.0,113.3359168082826,23.14867893794445,2018-09-27-06-00-26
1.0,113.32643591590838,23.148946680565636,2018-09-27-06-00-26
1.0,113.32918030497477,23.14894145860439,2018-09-27-06-00-26
1.0,113.32967928990848,23.148940512849503,2018-09-27-06-00-26
1.0,113.33516826901709,23.148930222554103,2018-09-27-06-00-26
1.0,113.33616630021614,23.14892837982039,2018-09-27-06-00-26
1.0,113.33516825197809,23.14918012417995,2018-09-27-06-00-26
1.0,113.33142571830584,23.149437017536677,2018-09-27-06-00-26
1.0,113.3251884278223,23.14969876756311,2018-09-27-06-00-26
1.0,113.32543791474653,23.149698290864265,2018-09-27-06-00-26
1.0,113.3271843304568,23.14969495846368,2018-09-27-06-00-26
1.0,113.32768330910326,23.149694008163777,2018-09-27-06-00-26
1.0,113.33092670945172,23.14968785971215,2018-09-27-06-00-26
1.0,113.33142570128129,23.14968691923102,2018-09-27-06-00-26
1.0,113.33192469532351,23.149685980478854,2018-09-27-06-00-26
1.0,113.33367119343733,23.149682709884456,2018-09-27-06-00-26
1.0,113.33441970245988,23.149681316099986,2018-09-27-06-00-26
1.0,113.33516821789958,23.14967992753342,2018-09-27-06-00-26
1.0,113.32468943761808,23.149949623047902,2018-09-27-06-00-26
1.0,113.32518841082272,23.14994866929251,2018-09-27-06-00-26
1.0,113.32768329209358,23.149943909892762,2018-09-27-06-00-26
1.0,113.32942972915268,23.14994059227108,2018-09-27-06-00-26
1.0,113.33142568425659,23.149936820959386,2018-09-27-06-00-26
1.0,113.33192467829682,23.149935882207135,2018-09-27-06-00-26
1.0,113.33242367465652,23.149934945282435,2018-09-27-06-00-26
1.0,113.32593685529842,23.150197141378605,2018-09-27-06-00-26
1.0,113.32693480761516,23.15019523744545,2018-09-27-06-00-26
1.0,113.3296792048207,23.150190021322945,2018-09-27-06-00-26
1.0,113.33167516396757,23.150186253123373,2018-09-27-06-00-26
1.0,113.33192466126995,23.15018578396949,2018-09-27-06-00-26
1.0,113.33242365762767,23.150184847044706,2018-09-27-06-00-26
1.0,113.33267315670969,23.150184379298434,2018-09-27-06-00-26
1.0,113.33292265641161,23.150183912045982,2018-09-27-06-00-26
1.0,113.3351681838204,23.15017973102297,2018-09-27-06-00-26
1.0,113.32768325807372,23.15044371345302,2018-09-27-06-00-26
1.0,113.33067716326761,23.150438035857995,2018-09-27-06-00-26
1.0,113.33117615402497,23.15043709454913,2018-09-27-06-00-26
1.0,113.33167514694154,23.150436154919905,2018-09-27-06-00-26
1.0,113.33217414212417,23.150435217068946,2018-09-27-06-00-26
1.0,113.33367114233596,23.15043241517071,2018-09-27-06-00-26
1.0,113.33417014764979,23.150431485417386,2018-09-27-06-00-26
1.0,113.33441965134966,23.150431021385863,2018-09-27-06-00-26
1.0,113.33466915576258,23.150430557934115,2018-09-27-06-00-26
1.0,113.3369147297519,23.15042641497641,2018-09-27-06-00-26
1.0,113.32618630894814,23.150696468752884,2018-09-27-06-00-26
1.0,113.32942967810152,23.150690297661853,2018-09-27-06-00-26
1.0,113.32967917078443,23.150689824950863,2018-09-27-06-00-26
1.0,113.33017815754228,23.15068888057878,2018-09-27-06-00-26
1.0,113.33092664135985,23.15068746683062,2018-09-27-06-00-26
1.0,113.3334216236623,23.1506827826984,2018-09-27-06-00-26
1.0,113.33392062761453,23.15068185184677,2018-09-27-06-00-26
1.0,113.3341701306137,23.15068138724769,2018-09-27-06-00-26
1.0,113.3344196343126,23.15068092321613,2018-09-27-06-00-26
1.0,113.33566716376785,23.15067861199975,2018-09-27-06-00-26
1.0,113.33691471270508,23.150676316806255,2018-09-27-06-00-26
1.0,113.32568731689291,23.15094732328901,2018-09-27-06-00-26
1.0,113.33417011357744,23.15093128911224,2018-09-27-06-00-26
1.0,113.33441961727536,23.150930825080632,2018-09-27-06-00-26
1.0,113.33541763933002,23.150928974874386,2018-09-27-06-00-26
1.0,113.33691469565811,23.150926218670342,2018-09-27-06-00-26
1.0,113.32942964406658,23.15119010142683,2018-09-27-06-00-26
1.0,113.33267308858866,23.151183986689258,2018-09-27-06-00-26
1.0,113.33342158959553,23.151182586462053,2018-09-27-06-00-26
1.0,113.33417009654103,23.15118119101109,2018-09-27-06-00-26
1.0,113.33441960023796,23.151180726979444,2018-09-27-06-00-26
1.0,113.33466910464794,23.15118026352757,2018-09-27-06-00-26
1.0,113.33491860978421,23.151179800667716,2018-09-27-06-00-26
1.0,113.32743370054632,23.1514437960172,2018-09-27-06-00-26
1.0,113.32818217007389,23.1514423716716,2018-09-27-06-00-26
1.0,113.32843166065692,23.151441897416618,2018-09-27-06-00-26
1.0,113.33417007950443,23.1514310929443,2018-09-27-06-00-26
1.0,113.33441958320039,23.151430628912614,2018-09-27-06-00-26
1.0,113.33641563955096,23.151426938558767,2018-09-27-06-00-26
1.0,113.32693470557072,23.151694648743323,2018-09-27-06-00-26
1.0,113.32942961003099,23.151689905329242,2018-09-27-06-00-26
1.0,113.32992859584834,23.15168896025278,2018-09-27-06-00-26
1.0,113.33641562250543,23.15167684052601,2018-09-27-06-00-26
1.0,113.33666513309473,23.15167638215248,2018-09-27-06-00-26
1.0,113.328930591966,23.152190655780128,2018-09-27-06-00-26
1.0,113.3331720204862,23.152182660630352,2018-09-27-06-00-26
1.0,113.33342152145998,23.152182194402098,2018-09-27-06-00-26
1.0,113.33342150442569,23.152432096473422,2018-09-27-06-00-26
1.0,113.33017802137451,23.152688096464086,2018-09-27-06-00-26
1.0,113.33217398886445,23.152684334782233,2018-09-27-06-00-26
1.0,113.33541752003731,23.15267828888836,2018-09-27-06-00-26
1.0,113.3276830879644,23.15294273331464,2018-09-27-06-00-26
1.0,113.33217397183476,23.152934236923098,2018-09-27-06-00-26
1.0,113.32967900059306,23.153188845154144,2018-09-27-06-00-26
1.0,113.33217395480492,23.153184139098713,2018-09-27-06-00-26
1.0,113.32868101550889,23.153440640162277,2018-09-27-06-00-26
1.0,113.3311759497234,23.153435918791313,2018-09-27-06-00-26
1.0,113.32693456950214,23.15369386573956,2018-09-27-06-00-26
1.0,113.32893048986524,23.153690068733255,2018-09-27-06-00-26
1.0,113.32917998165718,23.153689595367144,2018-09-27-06-00-26
1.0,113.3324234192063,23.153683475326048,2018-09-27-06-00-26
1.0,113.33267291827444,23.153683007579193,2018-09-27-06-00-26
1.0,113.33716402038942,23.153674684469266,2018-09-27-06-00-26
1.0,113.33616664103911,23.143930354340792,2018-09-27-06-00-26
1.0,113.3426541961069,23.14391867072573,2018-09-27-06-00-26
1.0,113.33866176042567,23.144175696749528,2018-09-27-06-00-26
1.0,113.34015888642578,23.14417299860444,2018-09-27-06-00-26
1.0,113.34165604898136,23.144170331379843,2018-09-27-06-00-26
1.0,113.34190557982471,23.144169890030145,2018-09-27-06-00-26
1.0,113.33491906978844,23.144432461277447,2018-09-27-06-00-26
1.0,113.33566758976671,23.144431076375767,2018-09-27-06-00-26
1.0,113.340408393848,23.1444224528412,2018-09-27-06-00-26
1.0,113.34065791935375,23.14442200695744,2018-09-27-06-00-26
1.0,113.3349190527534,23.144682362302625,2018-09-27-06-00-26
1.0,113.33591708092811,23.144680517032466,2018-09-27-06-00-26
1.0,113.33716463407626,23.14467822523155,2018-09-27-06-00-26
1.0,113.33466953055748,23.1449327262195,2018-09-27-06-00-26
1.0,113.3366655932919,23.144929040952785,2018-09-27-06-00-26
1.0,113.33691510473946,23.144928583270083,2018-09-27-06-00-26
1.0,113.33566753865236,23.14518077954966,2018-09-27-06-00-26
1.0,113.33666557624973,23.14517894204351,2018-09-27-06-00-26
1.0,113.33691508769633,23.145178484360766,2018-09-27-06-00-26
1.0,113.3389112108042,23.14517484918549,2018-09-27-06-00-26
1.0,113.33566752161391,23.14543068067356,2018-09-27-06-00-26
1.0,113.33591702981033,23.145430220305077,2018-09-27-06-00-26
1.0,113.33641604859386,23.14542930153973,2018-09-27-06-00-26
1.0,113.33691507065302,23.145428385484458,2018-09-27-06-00-26
1.0,113.34140643393079,23.145420278945373,2018-09-27-06-00-26
1.0,113.33891117670207,23.14567465146526,2018-09-27-06-00-26
1.0,113.33516847347214,23.145931405668318,2018-09-27-06-00-26
1.0,113.33591699573098,23.145930022652035,2018-09-27-06-00-26
1.0,113.33866164107664,23.145925004383056,2018-09-27-06-00-26
1.0,113.33891115965075,23.145924552654794,2018-09-27-06-00-26
1.0,113.33916066212271,23.146174002947987,2018-09-27-06-00-26
2.0,113.3344199239201,23.146432596713165,2018-09-27-06-00-26
1.0,113.33566745345843,23.14643028550034,2018-09-27-06-00-26
1.0,113.33891112554763,23.146424355133448,2018-09-27-06-00-26
1.0,113.33990920947002,23.146422556328403,2018-09-27-06-00-26
1.0,113.3344199068857,23.146682498003152,2018-09-27-06-00-26
1.0,113.33466941131331,23.14668203455203,2018-09-27-06-00-26
1.0,113.341655878367,23.146669342776306,2018-09-27-06-00-26
1.0,113.33541791196839,23.146930549122906,2018-09-27-06-00-26
1.0,113.33616643655334,23.146929168028915,2018-09-27-06-00-26
1.0,113.33866157287353,23.146924609473682,2018-09-27-06-00-26
1.0,113.33816252148226,23.147175416634674,2018-09-27-06-00-26
1.0,113.33990915830269,23.14717226029568,2018-09-27-06-00-26
1.0,113.33466936020618,23.147431738622153,2018-09-27-06-00-26
1.0,113.33566736826032,23.147679792283235,2018-09-27-06-00-26
1.0,113.34165581011659,23.14766894826538,2018-09-27-06-00-26
1.0,113.3344198217112,23.147932004954374,2018-09-27-06-00-26
1.0,113.33965958468777,23.147922413025242,2018-09-27-06-00-26
1.0,113.34015863058242,23.14792151694984,2018-09-27-06-00-26
1.0,113.34040815504649,23.14792107019455,2018-09-27-06-00-26
1.0,113.34065768053905,23.147920624310196,2018-09-27-06-00-26
1.0,113.3371643783997,23.148426744582324,2018-09-27-06-00-26
1.0,113.34689615560177,23.1484095980167,2018-09-27-06-00-26
1.0,113.3359168082826,23.14867893794445,2018-09-27-06-00-26
1.0,113.33516826901709,23.148930222554103,2018-09-27-06-00-26
1.0,113.33616630021614,23.14892837982039,2018-09-27-06-00-26
1.0,113.3381624021326,23.148924727067364,2018-09-27-06-00-26
1.0,113.3396595164641,23.14892201918764,2018-09-27-06-00-26
1.0,113.33516825197809,23.14918012417995,2018-09-27-06-00-26
1.0,113.3404080697523,23.149170577981405,2018-09-27-06-00-26
1.0,113.33916044042587,23.149422721887298,2018-09-27-06-00-26
1.0,113.33441970245988,23.149681316099986,2018-09-27-06-00-26
1.0,113.33516821789958,23.14967992753342,2018-09-27-06-00-26
1.0,113.33816235098024,23.149674432045167,2018-09-27-06-00-26
1.0,113.3409070876469,23.149669490446716,2018-09-27-06-00-26
1.0,113.34140614387812,23.1496686031398,2018-09-27-06-00-26
1.0,113.34090707058535,23.149919392173487,2018-09-27-06-00-26
1.0,113.34639694371243,23.149909849550077,2018-09-27-06-00-26
1.0,113.3351681838204,23.15017973102297,2018-09-27-06-00-26
1.0,113.34539872377081,23.15016144843863,2018-09-27-06-00-26
1.0,113.33441965134966,23.150431021385863,2018-09-27-06-00-26
1.0,113.33466915576258,23.150430557934115,2018-09-27-06-00-26
1.0,113.3369147297519,23.15042641497641,2018-09-27-06-00-26
1.0,113.3344196343126,23.15068092321613,2018-09-27-06-00-26
1.0,113.33566716376785,23.15067861199975,2018-09-27-06-00-26
1.0,113.33691471270508,23.150676316806255,2018-09-27-06-00-26
1.0,113.34140607562341,23.150668210251236,2018-09-27-06-00-26
1.0,113.33441961727536,23.150930825080632,2018-09-27-06-00-26
1.0,113.33541763933002,23.150928974874386,2018-09-27-06-00-26
1.0,113.33691469565811,23.150926218670342,2018-09-27-06-00-26
1.0,113.33441960023796,23.151180726979444,2018-09-27-06-00-26
1.0,113.33466910464794,23.15118026352757,2018-09-27-06-00-26
1.0,113.33491860978421,23.151179800667716,2018-09-27-06-00-26
1.0,113.34190510203634,23.151167130379765,2018-09-27-06-00-26
1.0,113.33441958320039,23.151430628912614,2018-09-27-06-00-26
1.0,113.33641563955096,23.151426938558767,2018-09-27-06-00-26
1.0,113.34190508497005,23.15141703231167,2018-09-27-06-00-26
1.0,113.33641562250543,23.15167684052601,2018-09-27-06-00-26
1.0,113.33666513309473,23.15167638215248,2018-09-27-06-00-26
1.0,113.33816219751415,23.151923548821774,2018-09-27-06-00-26
1.0,113.33916025281418,23.152171642391217,2018-09-27-06-00-26
1.0,113.34464993147141,23.152411850337437,2018-09-27-06-00-26
1.0,113.33541752003731,23.15267828888836,2018-09-27-06-00-26
1.0,113.34165546882438,23.152666983839662,2018-09-27-06-00-26
1.0,113.34464991439418,23.152661752441503,2018-09-27-06-00-26
1.0,113.34739494581139,23.153156896436165,2018-09-27-06-00-26
1.0,113.33716402038942,23.153674684469266,2018-09-27-06-00-26
1.0,113.35463343270297,23.143649086663032,2018-09-27-06-00-26
1.0,113.34764513744103,23.143910122045657,2018-09-27-06-00-26
1.0,113.34789469834583,23.143909706561534,2018-09-27-06-00-26
1.0,113.35313582182704,23.14390128125049,2018-09-27-06-00-26
1.0,113.35463341559745,23.143898987586486,2018-09-27-06-00-26
1.0,113.35613107179327,23.14389674871998,2018-09-27-06-00-26
1.0,113.35638068740384,23.143896381065012,2018-09-27-06-00-26
1.0,113.3566303048291,23.143896015006653,2018-09-27-06-00-26
1.0,113.35712954516922,23.143895287721726,2018-09-27-06-00-26
1.0,113.35438379526356,23.14414926707727,2018-09-27-06-00-26
1.0,113.35463339849176,23.144148888542652,2018-09-27-06-00-26
1.0,113.34789464709597,23.144659409531993,2018-09-27-06-00-26
1.0,113.3548829692406,23.144648313540927,2018-09-27-06-00-26
1.0,113.34889288783721,23.14490766099185,2018-09-27-06-00-26
1.0,113.35063989567007,23.144904823459893,2018-09-27-06-00-26
1.0,113.35188780449178,23.14490283683581,2018-09-27-06-00-26
1.0,113.35188778739436,23.145152737923926,2018-09-27-06-00-26
1.0,113.35488293502647,23.145148115683142,2018-09-27-06-00-26
1.0,113.35613098623959,23.145146253827857,2018-09-27-06-00-26
1.0,113.35663021926769,23.145145520114085,2018-09-27-06-00-26
1.0,113.3493919741866,23.145656547122563,2018-09-27-06-00-26
1.0,113.34939195709711,23.145906448310303,2018-09-27-06-00-26
1.0,113.34964152812118,23.145906041623775,2018-09-27-06-00-26
1.0,113.35413407402453,23.1458989547382,2018-09-27-06-00-26
1.0,113.35613091779362,23.14614585850792,2018-09-27-06-00-26
1.0,113.3533852455363,23.146399906312233,2018-09-27-06-00-26
1.0,113.35413398849569,23.147148461171476,2018-09-27-06-00-26
1.0,113.35513238775233,23.14739685148343,2018-09-27-06-00-26
1.0,113.34889269986809,23.14765657479152,2018-09-27-06-00-26
1.0,113.34689615560177,23.1484095980167,2018-09-27-06-00-26
1.0,113.34639694371243,23.149909849550077,2018-09-27-06-00-26
1.0,113.34539872377081,23.15016144843863,2018-09-27-06-00-26
1.0,113.35388418343376,23.15014766158533,2018-09-27-06-00-26
1.0,113.35463298790489,23.150146521454563,2018-09-27-06-00-26
1.0,113.35388416632628,23.150397563378064,2018-09-27-06-00-26
1.0,113.35463297079501,23.150396423247166,2018-09-27-06-00-26
1.0,113.35138822588934,23.150901262696106,2018-09-27-06-00-26
1.0,113.35488254151564,23.150895849921405,2018-09-27-06-00-26
1.0,113.3503898741301,23.15140266404168,2018-09-27-06-00-26
1.0,113.34989067330652,23.152153176859255,2018-09-27-06-00-26
1.0,113.35538167108102,23.152144610323926,2018-09-27-06-00-26
1.0,113.34464993147141,23.152411850337437,2018-09-27-06-00-26
1.0,113.34814367971052,23.152405943575904,2018-09-27-06-00-26
1.0,113.34464991439418,23.152661752441503,2018-09-27-06-00-26
1.0,113.34739494581139,23.153156896436165,2018-09-27-06-00-26
1.0,113.3276830879644,23.15294273331464,2018-09-27-06-00-26
1.0,113.33217397183476,23.152934236923098,2018-09-27-06-00-26
1.0,113.32967900059306,23.153188845154144,2018-09-27-06-00-26
1.0,113.33217395480492,23.153184139098713,2018-09-27-06-00-26
1.0,113.32868101550889,23.153440640162277,2018-09-27-06-00-26
1.0,113.3311759497234,23.153435918791313,2018-09-27-06-00-26
1.0,113.32693456950214,23.15369386573956,2018-09-27-06-00-26
1.0,113.32893048986524,23.153690068733255,2018-09-27-06-00-26
1.0,113.32917998165718,23.153689595367144,2018-09-27-06-00-26
1.0,113.3324234192063,23.153683475326048,2018-09-27-06-00-26
1.0,113.33267291827444,23.153683007579193,2018-09-27-06-00-26
1.0,113.33716402038942,23.153674684469266,2018-09-27-06-00-26
1.0,113.333171884215,23.15418187817428,2018-09-27-06-00-26
1.0,113.33666496262046,23.15417540372961,2018-09-27-06-00-26
1.0,113.32868094744306,23.15444024935546,2018-09-27-06-00-26
1.0,113.33017790221895,23.154437412184173,2018-09-27-06-00-26
1.0,113.33192437178775,23.154434119197695,2018-09-27-06-00-26
1.0,113.33691445698292,23.15442484839477,2018-09-27-06-00-26
1.0,113.3316748574734,23.154684490737655,2018-09-27-06-00-26
1.0,113.33691443993344,23.15467475077926,2018-09-27-06-00-26
1.0,113.33716395218865,23.154674293796788,2018-09-27-06-00-26
1.0,113.33566687402904,23.154926948395957,2018-09-27-06-00-26
1.0,113.33716393513804,23.15492419621638,2018-09-27-06-00-26
1.0,113.32793242467471,23.155191379372983,2018-09-27-06-00-26
1.0,113.33666489442608,23.155175013338155,2018-09-27-06-00-26
1.0,113.3251880367899,23.155446516060056,2018-09-27-06-00-26
1.0,113.3314253096708,23.15543466770416,2018-09-27-06-00-26
1.0,113.3321738015287,23.155433260252213,2018-09-27-06-00-26
1.0,113.33516782594873,23.155427675992186,2018-09-27-06-00-26
1.0,113.33491830304715,23.155678040774216,2018-09-27-06-00-26
1.0,113.33516780890538,23.155677578517874,2018-09-27-06-00-26
1.0,113.3249385161024,23.155946797973318,2018-09-27-06-00-26
1.0,113.32743339434373,23.15594203677414,2018-09-27-06-00-26
6.0,113.33491828600462,23.15592794333531,2018-09-27-06-00-26
1.0,113.33516779186188,23.155927481078923,2018-09-27-06-00-26
1.0,113.32693439940145,23.156192890130765,2018-09-27-06-00-26
1.0,113.33541728142734,23.15617692203546,2018-09-27-06-00-26
1.0,113.32518796877528,23.156446126381848,2018-09-27-06-00-26
1.0,113.32543745567217,23.15644564968189,2018-09-27-06-00-26
1.0,113.32668489390174,23.15644326846453,2018-09-27-06-00-26
1.0,113.33067675468833,23.1564356893644,2018-09-27-06-00-26
1.0,113.33117574539783,23.15643474805354,2018-09-27-06-00-26
1.0,113.33342123185416,23.1564305343634,2018-09-27-06-00-26
6.0,113.3264353887027,23.1566936470314,2018-09-27-06-00-26
16.0,113.3266848768916,23.15669317113342,2018-09-27-06-00-26
1.0,113.33666477507947,23.15692433151246,2018-09-27-06-00-26
1.0,113.32643533767431,23.15744335525193,2018-09-27-06-00-26
1.0,113.32868074322961,23.15743908031745,2018-09-27-06-00-26
1.0,113.32593634513759,23.157694210402855,2018-09-27-06-00-26
1.0,113.32668480884938,23.157692782165388,2018-09-27-06-00-26
1.0,113.33317162867775,23.15793041713413,2018-09-27-06-00-26
1.0,113.33591617762625,23.1579253198248,2018-09-27-06-00-26
1.0,113.32518784974329,23.158195445815064,2018-09-27-06-00-26
1.0,113.3254373366331,23.158194969114817,2018-09-27-06-00-26
1.0,113.33117562619682,23.1581840674798,2018-09-27-06-00-26
1.0,113.33367061420067,23.158179388088485,2018-09-27-06-00-26
1.0,113.32593629411328,23.158443919053006,2018-09-27-06-00-26
1.0,113.32743322420787,23.158441064354776,2018-09-27-06-00-26
1.0,113.32843118420566,23.15843916574956,2018-09-27-06-00-26
1.0,113.32967864313696,23.158436798976858,2018-09-27-06-00-26
1.0,113.33142510531728,23.15843350036615,2018-09-27-06-00-26
1.0,113.32493832906329,23.158695728513514,2018-09-27-06-00-26
1.0,113.32643525262367,23.15869286966862,2018-09-27-06-00-26
1.0,113.33117557510819,23.15893377634303,2018-09-27-06-00-26
1.0,113.33766265526093,23.159421534029306,2018-09-27-06-00-26
1.0,113.32543721758587,23.159944290307813,2018-09-27-06-00-26
1.0,113.32593619206015,23.15994333732614,2018-09-27-06-00-26
1.0,113.33292199207928,23.15993010794825,2018-09-27-06-00-26
1.0,113.3339199971984,23.15992824411603,2018-09-27-06-00-26
1.0,113.33466850819941,23.159926852028967,2018-09-27-06-00-26
1.0,113.33516751914301,23.1599259269106,2018-09-27-06-00-26
1.0,113.33766262114935,23.159921340261082,2018-09-27-06-00-26
1.0,113.33192398005868,23.16018188304953,2018-09-27-06-00-26
1.0,113.3251876966902,23.16044457338952,2018-09-27-06-00-26
1.0,113.33367046084103,23.16042851565025,2018-09-27-06-00-26
1.0,113.32743307107135,23.160690192251653,2018-09-27-06-00-26
1.0,113.33441895269303,23.160677025104047,2018-09-27-06-00-26
1.0,113.32518766267657,23.16094437991636,2018-09-27-06-00-26
1.0,113.3251876456695,23.161194283234543,2018-09-27-06-00-26
1.0,113.32942896322791,23.16118620618147,2018-09-27-06-00-26
1.0,113.3291794540099,23.161436582581796,2018-09-27-06-00-26
1.0,113.32693402512133,23.16169075635688,2018-09-27-06-00-26
1.0,113.32493810799112,23.16194447023302,2018-09-27-06-00-26
1.0,113.32593605598,23.161942563725624,2018-09-27-06-00-26
1.0,113.33466835479389,23.16217598188011,2018-09-27-06-00-26
1.0,113.32568651759858,23.16269275064755,2018-09-27-06-00-26
1.0,113.34739494581139,23.153156896436165,2018-09-27-06-00-26
1.0,113.33716402038942,23.153674684469266,2018-09-27-06-00-26
1.0,113.33666496262046,23.15417540372961,2018-09-27-06-00-26
1.0,113.34614710062652,23.154158606729954,2018-09-27-06-00-26
1.0,113.33691445698292,23.15442484839477,2018-09-27-06-00-26
1.0,113.33691443993344,23.15467475077926,2018-09-27-06-00-26
1.0,113.33716395218865,23.154674293796788,2018-09-27-06-00-26
1.0,113.34664617313368,23.154657567451945,2018-09-27-06-00-26
1.0,113.34689572848613,23.154657147189727,2018-09-27-06-00-26
1.0,113.33566687402904,23.154926948395957,2018-09-27-06-00-26
1.0,113.33716393513804,23.15492419621638,2018-09-27-06-00-26
1.0,113.33841150954994,23.154921922256765,2018-09-27-06-00-26
1.0,113.34714526811089,23.154906630522227,2018-09-27-06-00-26
1.0,113.33666489442608,23.155175013338155,2018-09-27-06-00-26
1.0,113.34639658495848,23.155157793750703,2018-09-27-06-00-26
1.0,113.33516782594873,23.155427675992186,2018-09-27-06-00-26
1.0,113.33491830304715,23.155678040774216,2018-09-27-06-00-26
1.0,113.33516780890538,23.155677578517874,2018-09-27-06-00-26
6.0,113.33491828600462,23.15592794333531,2018-09-27-06-00-26
1.0,113.33516779186188,23.155927481078923,2018-09-27-06-00-26
1.0,113.33816192465214,23.1559219855781,2018-09-27-06-00-26
1.0,113.34714519975847,23.155906240546326,2018-09-27-06-00-26
1.0,113.347394757839,23.155905822649043,2018-09-27-06-00-26
1.0,113.33541728142734,23.15617692203546,2018-09-27-06-00-26
1.0,113.3404075749636,23.1564177400832,2018-09-27-06-00-26
1.0,113.346895608875,23.156406464856364,2018-09-27-06-00-26
1.0,113.34365147380962,23.156661918510903,2018-09-27-06-00-26
1.0,113.34539827967706,23.156658906345385,2018-09-27-06-00-26
1.0,113.33666477507947,23.15692433151246,2018-09-27-06-00-26
1.0,113.34464962405559,23.156910093564377,2018-09-27-06-00-26
1.0,113.33965895351673,23.157168791025178,2018-09-27-06-00-26
1.0,113.34290282676932,23.157163030493745,2018-09-27-06-00-26
1.0,113.34265327439938,23.157413370777284,2018-09-27-06-00-26
1.0,113.33591617762625,23.1579253198248,2018-09-27-06-00-26
1.0,113.34015791402099,23.158417409172547,2018-09-27-06-00-26
1.0,113.33766265526093,23.159421534029306,2018-09-27-06-00-26
1.0,113.33466850819941,23.159926852028967,2018-09-27-06-00-26
1.0,113.33516751914301,23.1599259269106,2018-09-27-06-00-26
1.0,113.33766262114935,23.159921340261082,2018-09-27-06-00-26
1.0,113.33891018744968,23.160168977031955,2018-09-27-06-00-26
1.0,113.34365114932874,23.161410075990435,2018-09-27-06-00-26
1.0,113.33466835479389,23.16217598188011,2018-09-27-06-00-26
1.0,113.34415016218746,23.162408823840327,2018-09-27-06-00-26
1.0,113.34464991439418,23.152661752441503,2018-09-27-06-00-26
1.0,113.34739494581139,23.153156896436165,2018-09-27-06-00-26
1.0,113.34614710062652,23.154158606729954,2018-09-27-06-00-26
1.0,113.34664617313368,23.154657567451945,2018-09-27-06-00-26
1.0,113.34689572848613,23.154657147189727,2018-09-27-06-00-26
1.0,113.35014007634126,23.15465179503736,2018-09-27-06-00-26
1.0,113.34714526811089,23.154906630522227,2018-09-27-06-00-26
1.0,113.3483930725042,23.154904553149283,2018-09-27-06-00-26
1.0,113.35088879040357,23.154900493229576,2018-09-27-06-00-26
1.0,113.34639658495848,23.155157793750703,2018-09-27-06-00-26
1.0,113.34714519975847,23.155906240546326,2018-09-27-06-00-26
1.0,113.347394757839,23.155905822649043,2018-09-27-06-00-26
1.0,113.346895608875,23.156406464856364,2018-09-27-06-00-26
1.0,113.34539827967706,23.156658906345385,2018-09-27-06-00-26
1.0,113.34464962405559,23.156910093564377,2018-09-27-06-00-26
1.0,113.35138767861318,23.15889814068403,2018-09-27-06-00-26
1.0,113.35188677834967,23.159896962468498,2018-09-27-06-00-26
1.0,113.35238586737874,23.16114569375677,2018-09-27-06-00-26
1.0,113.32493810799112,23.16194447023302,2018-09-27-06-00-26
1.0,113.32593605598,23.161942563725624,2018-09-27-06-00-26
1.0,113.33466835479389,23.16217598188011,2018-09-27-06-00-26
1.0,113.32568651759858,23.16269275064755,2018-09-27-06-00-26
1.0,113.3271834118046,23.163189701984415,2018-09-27-06-00-26
1.0,113.32793188013282,23.163188276892107,2018-09-27-06-00-26
1.0,113.32618544151707,23.16344150881019,2018-09-27-06-00-26
1.0,113.32718339478794,23.16343960563351,2018-09-27-06-00-26
1.0,113.32793186311315,23.163438180541082,2018-09-27-06-00-26
1.0,113.32693387198351,23.16393988853484,2018-09-27-06-00-26
1.0,113.32493795492468,23.16419360274669,2018-09-27-06-00-26
1.0,113.32718332671965,23.164439220601267,2018-09-27-06-00-26
1.0,113.32743281581386,23.16443874533158,2018-09-27-06-00-26
1.0,113.32743279879537,23.164688649166592,2018-09-27-06-00-26
1.0,113.33491768941084,23.164674555684147,2018-09-27-06-00-26
1.0,113.33766229705589,23.164669506768824,2018-09-27-06-00-26
1.0,113.32743278177671,23.164938553038954,2018-09-27-06-00-26
1.0,113.32793176099156,23.164937603215552,2018-09-27-06-00-26
1.0,113.33516717818435,23.16492399729738,2018-09-27-06-00-26
1.0,113.33541666770866,23.16517343956443,2018-09-27-06-00-26
1.0,113.32768223716808,23.165437885860715,2018-09-27-06-00-26
1.0,113.33391962224809,23.165426122361847,2018-09-27-06-00-26
1.0,113.32668426441566,23.165689691344728,2018-09-27-06-00-26
1.0,113.32793170992852,23.165687315057085,2018-09-27-06-00-26
1.0,113.33391960520298,23.165676026345526,2018-09-27-06-00-26
1.0,113.32543680936205,23.165941976592404,2018-09-27-06-00-26
1.0,113.32718322461221,23.16593864417301,2018-09-27-06-00-26
1.0,113.33441859473588,23.165925001731058,2018-09-27-06-00-26
1.0,113.33516710998461,23.165923613156345,2018-09-27-06-00-26
1.0,113.32768218610705,23.166187597927657,2018-09-27-06-00-26
1.0,113.32793167588565,23.166187123139224,2018-09-27-06-00-26
1.0,113.3349175871171,23.166173979473125,2018-09-27-06-00-26
1.0,113.32593574976069,23.16644083176686,2018-09-27-06-00-26
1.0,113.32693370181457,23.166438927822952,2018-09-27-06-00-26
1.0,113.33466806499104,23.166424346431928,2018-09-27-06-00-26
1.0,113.33491757006756,23.166423883569525,2018-09-27-06-00-26
1.0,113.33566608978808,23.166422498656814,2018-09-27-06-00-26
1.0,113.33591559790271,23.166422038284818,2018-09-27-06-00-26
1.0,113.32668419634946,23.166689307660572,2018-09-27-06-00-26
1.0,113.3346680479423,23.166674250566114,2018-09-27-06-00-26
1.0,113.33516705883305,23.16667332544549,2018-09-27-06-00-26
1.0,113.33541654834934,23.16692276797566,2018-09-27-06-00-26
1.0,113.33741262957868,23.166919098500497,2018-09-27-06-00-26
1.0,113.33516702473118,23.16717313382713,2018-09-27-06-00-26
1.0,113.33566603862965,23.167172211172307,2018-09-27-06-00-26
1.0,113.32668414529806,23.167439020294097,2018-09-27-06-00-26
1.0,113.32793159077559,23.167436644005008,2018-09-27-06-00-26
1.0,113.33441849244889,23.167424426650243,2018-09-27-06-00-26
1.0,113.32518715239225,23.16844149559969,2018-09-27-06-00-26
1.0,113.3309254322854,23.168430587677328,2018-09-27-06-00-26
1.0,113.32543662222743,23.16869092333735,2018-09-27-06-00-26
1.0,113.32593559663081,23.168689970352787,2018-09-27-06-00-26
1.0,113.32618508421373,23.168689494094927,2018-09-27-06-00-26
1.0,113.33416890357695,23.168674412494145,2018-09-27-06-00-26
1.0,113.32643455505142,23.168938922487502,2018-09-27-06-00-26
1.0,113.32643453803396,23.16918882700346,2018-09-27-06-00-26
1.0,113.33242232886379,23.169677294075797,2018-09-27-06-00-26
1.0,113.32593551155284,23.169939493124957,2018-09-27-06-00-26
1.0,113.33317079366115,23.170175701619545,2018-09-27-06-00-26
1.0,113.32518699927775,23.170690636937408,2018-09-27-06-00-26
1.0,113.33267175969549,23.170676445077937,2018-09-27-06-00-26
1.0,113.33292125931627,23.17067597782207,2018-09-27-06-00-26
1.0,113.32768186268581,23.17093578228862,2018-09-27-06-00-26
1.0,113.33366974498409,23.17092448392463,2018-09-27-06-00-26
1.0,113.32768184566197,23.17118568711262,2018-09-27-06-00-26
1.0,113.3279313354204,23.171185212323362,2018-09-27-06-00-26
1.0,113.33117474044798,23.171179068160576,2018-09-27-06-00-26
1.0,113.33267170856394,23.17142615954749,2018-09-27-06-00-26
1.0,113.33441818555187,23.1719227096539,2018-09-27-06-00-26
1.0,113.34415016218746,23.162408823840327,2018-09-27-06-00-26
1.0,113.33965856105188,23.162916563962842,2018-09-27-06-00-26
1.0,113.34165476896628,23.162913000638717,2018-09-27-06-00-26
1.0,113.34215383161947,23.16291211887553,2018-09-27-06-00-26
1.0,113.34365104684854,23.16290949687185,2018-09-27-06-00-26
1.0,113.34040711417191,23.16316512473441,2018-09-27-06-00-26
1.0,113.34040709710321,23.163415028381294,2018-09-27-06-00-26
1.0,113.3414052051414,23.163413250178674,2018-09-27-06-00-26
1.0,113.34714465284266,23.163903141439253,2018-09-27-06-00-26
1.0,113.33491768941084,23.164674555684147,2018-09-27-06-00-26
1.0,113.33766229705589,23.164669506768824,2018-09-27-06-00-26
1.0,113.33516717818435,23.16492399729738,2018-09-27-06-00-26
1.0,113.33541666770866,23.16517343956443,2018-09-27-06-00-26
1.0,113.33841079307153,23.165417856339015,2018-09-27-06-00-26
1.0,113.33516710998461,23.165923613156345,2018-09-27-06-00-26
1.0,113.3349175871171,23.166173979473125,2018-09-27-06-00-26
1.0,113.33491757006756,23.166423883569525,2018-09-27-06-00-26
1.0,113.33566608978808,23.166422498656814,2018-09-27-06-00-26
1.0,113.33591559790271,23.166422038284818,2018-09-27-06-00-26
1.0,113.33516705883305,23.16667332544549,2018-09-27-06-00-26
1.0,113.33541654834934,23.16692276797566,2018-09-27-06-00-26
1.0,113.33741262957868,23.166919098500497,2018-09-27-06-00-26
1.0,113.33516702473118,23.16717313382713,2018-09-27-06-00-26
1.0,113.33566603862965,23.167172211172307,2018-09-27-06-00-26
1.0,113.34215349008602,23.167910198164332,2018-09-27-06-00-26
1.0,113.34165439331676,23.168410888688534,2018-09-27-06-00-26
1.0,113.34240298890741,23.168409567466675,2018-09-27-06-00-26
1.0,113.34539740824138,23.169403990709196,2018-09-27-06-00-26
1.0,113.34040665325834,23.1699125363762,2018-09-27-06-00-26
1.0,113.34689468588469,23.16990126108944,2018-09-27-06-00-26
1.0,113.33940854470671,23.17016423318532,2018-09-27-06-00-26
1.0,113.3429019386988,23.170158023325396,2018-09-27-06-00-26
1.0,113.34614598983109,23.170402334739528,2018-09-27-06-00-26
1.0,113.34739376637665,23.170400233472495,2018-09-27-06-00-26
1.0,113.34689463459313,23.170650975203767,2018-09-27-06-00-26
1.0,113.3404065678906,23.171162060098865,2018-09-27-06-00-26
1.0,113.34439910659705,23.171155038505315,2018-09-27-06-00-26
1.0,113.34115513016663,23.171410629955208,2018-09-27-06-00-26
1.0,113.34664499381255,23.171900919766898,2018-09-27-06-00-26
1.0,113.35637933510388,23.163638662019597,2018-09-27-06-00-26
1.0,113.34714465284266,23.163903141439253,2018-09-27-06-00-26
1.0,113.35712817556065,23.163887472383866,2018-09-27-06-00-26
1.0,113.35288477465478,23.165143372568284,2018-09-27-06-00-26
1.0,113.35587998594495,23.165388725734502,2018-09-27-06-00-26
1.0,113.35338391097127,23.165892311076433,2018-09-27-06-00-26
1.0,113.35363350730917,23.165891926556732,2018-09-27-06-00-26
1.0,113.34988964727657,23.16714736418464,2018-09-27-06-00-26
1.0,113.3566286955725,23.167386855661903,2018-09-27-06-00-26
7.0,113.3558798146968,23.167887767230972,2018-09-27-06-00-26
1.0,113.35313416226263,23.168141834925976,2018-09-27-06-00-26
1.0,113.35413255098393,23.16814029982544,2018-09-27-06-00-26
28.0,113.35587979757106,23.16813767158909,2018-09-27-06-00-26
4.0,113.35612941130289,23.168137302343716,2018-09-27-06-00-26
1.0,113.34988956174683,23.168396885790454,2018-09-27-06-00-26
1.0,113.35587978044516,23.168387575985328,2018-09-27-06-00-26
6.0,113.35612939417621,23.16838720673991,2018-09-27-06-00-26
1.0,113.35637900971088,23.168386839080558,2018-09-27-06-00-26
1.0,113.3493904012523,23.16864760230477,2018-09-27-06-00-26
1.0,113.35113742971541,23.16864478320923,2018-09-27-06-00-26
1.0,113.35438210104876,23.168889633079164,2018-09-27-06-00-26
1.0,113.35712783299059,23.168885554630688,2018-09-27-06-00-26
1.0,113.34814253433112,23.169149463880135,2018-09-27-06-00-26
1.0,113.35388288278696,23.16914029919219,2018-09-27-06-00-26
1.0,113.34539740824138,23.169403990709196,2018-09-27-06-00-26
1.0,113.34864162885712,23.16964844820183,2018-09-27-06-00-26
1.0,113.34889119538533,23.1696480376725,2018-09-27-06-00-26
1.0,113.34689468588469,23.16990126108944,2018-09-27-06-00-26
1.0,113.34939029862035,23.1701470297229,2018-09-27-06-00-26
1.0,113.354631618584,23.170138777479867,2018-09-27-06-00-26
1.0,113.35563004862571,23.17013727865223,2018-09-27-06-00-26
1.0,113.34614598983109,23.170402334739528,2018-09-27-06-00-26
1.0,113.34739376637665,23.170400233472495,2018-09-27-06-00-26
1.0,113.34939028151443,23.170396934427224,2018-09-27-06-00-26
1.0,113.34689463459313,23.170650975203767,2018-09-27-06-00-26
1.0,113.34789286950219,23.170649306027002,2018-09-27-06-00-26
1.0,113.35063813418586,23.170644818849755,2018-09-27-06-00-26
1.0,113.35637885555619,23.17063598037039,2018-09-27-06-00-26
1.0,113.35163644062298,23.1708931315529,2018-09-27-06-00-26
1.0,113.3523851999654,23.17089195206552,2018-09-27-06-00-26
1.0,113.35488117209091,23.17088811468882,2018-09-27-06-00-26
1.0,113.34814239751913,23.17114870136332,2018-09-27-06-00-26
1.0,113.35113725859937,23.171143829673497,2018-09-27-06-00-26
1.0,113.35388274582039,23.171139536667315,2018-09-27-06-00-26
1.0,113.35188599123184,23.171392546662815,2018-09-27-06-00-26
1.0,113.35238516573219,23.171391761743898,2018-09-27-06-00-26
1.0,113.35163638928037,23.171642846129078,2018-09-27-06-00-26
1.0,113.35213556055766,23.171642058394042,2018-09-27-06-00-26
1.0,113.32768184566197,23.17118568711262,2018-09-27-06-00-26
1.0,113.3279313354204,23.171185212323362,2018-09-27-06-00-26
1.0,113.33117474044798,23.171179068160576,2018-09-27-06-00-26
1.0,113.33267170856394,23.17142615954749,2018-09-27-06-00-26
1.0,113.33441818555187,23.1719227096539,2018-09-27-06-00-26
1.0,113.32718279910007,23.172186257104254,2018-09-27-06-00-26
1.0,113.32743228816301,23.172185781833285,2018-09-27-06-00-26
1.0,113.33017669317981,23.17218057205566,2018-09-27-06-00-26
1.0,113.32743227113934,23.17243568685174,2018-09-27-06-00-26
1.0,113.32768176054029,23.17243521181532,2018-09-27-06-00-26
1.0,113.32992718261677,23.17243094908421,2018-09-27-06-00-26
1.0,113.33267164038621,23.172425779384103,2018-09-27-06-00-26
1.0,113.33292114000005,23.172425312127945,2018-09-27-06-00-26
1.0,113.33391914492181,23.172423448287397,2018-09-27-06-00-26
1.0,113.33516666662116,23.17242113107153,2018-09-27-06-00-26
1.0,113.32668378789631,23.172687018376713,2018-09-27-06-00-26
1.0,113.32768174351546,23.172685116872785,2018-09-27-06-00-26
1.0,113.32793123326783,23.17268464208328,2018-09-27-06-00-26
1.0,113.32967767252858,23.17268132651009,2018-09-27-06-00-26
1.0,113.33042615312391,23.172679910490665,2018-09-27-06-00-26
1.0,113.33117463821716,23.17267849791726,2018-09-27-06-00-26
1.0,113.33292112295422,23.17267521718454,2018-09-27-06-00-26
1.0,113.33416863078463,23.172672888741076,2018-09-27-06-00-26
1.0,113.32643428275217,23.172937399374113,2018-09-27-06-00-26
1.0,113.32818070635905,23.17293407264958,2018-09-27-06-00-26
1.0,113.32967765549553,23.172931231606327,2018-09-27-06-00-26
1.0,113.33142411727016,23.172927932978777,2018-09-27-06-00-26
1.0,113.33716270705501,23.172917266368653,2018-09-27-06-00-26
1.0,113.32618477789532,23.173187780595878,2018-09-27-06-00-26
1.0,113.32693324227523,23.17318635290611,2018-09-27-06-00-26
1.0,113.32718273100848,23.17318587741275,2018-09-27-06-00-26
1.0,113.32743222006737,23.173185402141613,2018-09-27-06-00-26
1.0,113.32768170946528,23.17318492710507,2018-09-27-06-00-26
1.0,113.32892916200959,23.173182555873986,2018-09-27-06-00-26
1.0,113.33366959154787,23.173173628732112,2018-09-27-06-00-26
1.0,113.33716268999221,23.17316717150279,2018-09-27-06-00-26
1.0,113.32743220304303,23.173435307316588,2018-09-27-06-00-26
1.0,113.32967762142893,23.173431041916313,2018-09-27-06-00-26
1.0,113.33017660800454,23.173430097536684,2018-09-27-06-00-26
1.0,113.33366957449857,23.173423533906046,2018-09-27-06-00-26
1.0,113.3349170926126,23.173421213790537,2018-09-27-06-00-26
1.0,113.33741218597058,23.173416620404534,2018-09-27-06-00-26
1.0,113.3336695574491,23.173673439119245,2018-09-27-06-00-26
1.0,113.3346675705101,23.173671581867136,2018-09-27-06-00-26
1.0,113.33491707555822,23.173671119003526,2018-09-27-06-00-26
1.0,113.326184726837,23.173937496239255,2018-09-27-06-00-26
1.0,113.32718266291421,23.1741854983486,2018-09-27-06-00-26
1.0,113.32743215196905,23.1741850230773,2018-09-27-06-00-26
1.0,113.32818062122145,23.1741835987204,2018-09-27-06-00-26
1.0,113.32843011171288,23.174183124461653,2018-09-27-06-00-26
1.0,113.3289290938871,23.174182176808674,2018-09-27-06-00-26
1.0,113.32917858559668,23.174181703439167,2018-09-27-06-00-26
1.0,113.32518674405695,23.174439212813155,2018-09-27-06-00-26
1.0,113.32743213494406,23.17443492840965,2018-09-27-06-00-26
1.0,113.32917856856464,23.17443160877123,2018-09-27-06-00-26
1.0,113.33516653017892,23.17442037261914,2018-09-27-06-00-26
1.0,113.3379111464167,23.174415331138007,2018-09-27-06-00-26
1.0,113.3269331401389,23.17468578454647,2018-09-27-06-00-26
1.0,113.32793109705507,23.174683883954845,2018-09-27-06-00-26
1.0,113.32917855153242,23.17468151414277,2018-09-27-06-00-26
1.0,113.32967753625951,23.174680568379344,2018-09-27-06-00-26
1.0,113.32643414658658,23.174936641562425,2018-09-27-06-00-26
1.0,113.32917853450004,23.174931419553843,2018-09-27-06-00-26
1.0,113.32818055310838,23.175183220286403,2018-09-27-06-00-26
1.0,113.32843004359577,23.175182746027488,2018-09-27-06-00-26
1.0,113.33516647901034,23.175170088849423,2018-09-27-06-00-26
1.0,113.32693308906848,23.175435500899628,2018-09-27-06-00-26
1.0,113.32768155623125,23.17543407509747,2018-09-27-06-00-26
1.0,113.32818053607969,23.17543312577687,2018-09-27-06-00-26
1.0,113.33416844321513,23.17542184695389,2018-09-27-06-00-26
1.0,113.3261846076951,23.175686834121006,2018-09-27-06-00-26
1.0,113.32668358363377,23.17568588213363,2018-09-27-06-00-26
1.0,113.33292091839114,23.17567408092902,2018-09-27-06-00-26
1.0,113.33317041862543,23.175673614178443,2018-09-27-06-00-26
1.0,113.3351664448971,23.175669899867728,2018-09-27-06-00-26
1.0,113.33416840910941,23.175921658051976,2018-09-27-06-00-26
1.0,113.33491692206125,23.175920267696206,2018-09-27-06-00-26
1.0,113.33541593437221,23.175919343793247,2018-09-27-06-00-26
1.0,113.33791104401399,23.175914763952584,2018-09-27-06-00-26
1.0,113.332421885717,23.176174827114455,2018-09-27-06-00-26
1.0,113.33267138469596,23.176174359363856,2018-09-27-06-00-26
1.0,113.33366938694522,23.17617249342261,2018-09-27-06-00-26
1.0,113.33441789565501,23.176171099624877,2018-09-27-06-00-26
1.0,113.33466739996689,23.17617063616883,2018-09-27-06-00-26
1.0,113.33666346172683,23.17616695086029,2018-09-27-06-00-26
1.0,113.33741199825623,23.176165579914198,2018-09-27-06-00-26
1.0,113.33217237029932,23.17642520099548,2018-09-27-06-00-26
1.0,113.33366936989391,23.17642239907127,2018-09-27-06-00-26
1.0,113.33491688794898,23.176420078953257,2018-09-27-06-00-26
1.0,113.33791100987843,23.17641457520863,2018-09-27-06-00-26
1.0,113.33292085019811,23.176673703444564,2018-09-27-06-00-26
1.0,113.33641391710822,23.176667220574245,2018-09-27-06-00-26
1.0,113.3376614780248,23.176664935704192,2018-09-27-06-00-26
1.0,113.33791099281038,23.17666448089649,2018-09-27-06-00-26
1.0,113.33117434853062,23.17692688991089,2018-09-27-06-00-26
1.0,113.33192283843209,23.176925481114534,2018-09-27-06-00-26
1.0,113.3324218345774,23.176924544180853,2018-09-27-06-00-26
1.0,113.33466734880066,23.176920353234106,2018-09-27-06-00-26
1.0,113.33641390004581,23.17691712630232,2018-09-27-06-00-26
1.0,113.33791097574218,23.17691438662432,2018-09-27-06-00-26
1.0,113.32842990735357,23.17718199106541,2018-09-27-06-00-26
1.0,113.33117433148873,23.177176795679866,2018-09-27-06-00-26
1.0,113.33466733174492,23.177170259002498,2018-09-27-06-00-26
1.0,113.33566535637375,23.177168411220197,2018-09-27-06-00-26
1.0,113.33516632549554,23.177419239686746,2018-09-27-06-00-26
1.0,113.33691288773169,23.177416021812594,2018-09-27-06-00-26
1.0,113.33766142682258,23.177414653007908,2018-09-27-06-00-26
1.0,113.33117429740446,23.177676607338086,2018-09-27-06-00-26
1.0,113.33317026517845,23.17792276573765,2018-09-27-06-00-26
1.0,113.33142375939063,23.17817594912168,2018-09-27-06-00-26
1.0,113.33341974899903,23.178172205434322,2018-09-27-06-00-26
1.0,113.33616430506383,23.17816711459957,2018-09-27-06-00-26
1.0,113.33641381473127,23.17816665554408,2018-09-27-06-00-26
1.0,113.337162348701,23.17816528249141,2018-09-27-06-00-26
1.0,113.32718237348384,23.178433894405178,2018-09-27-06-00-26
1.0,113.32743186252151,23.178433419133174,2018-09-27-06-00-26
1.0,113.3311742462768,23.178426325126896,2018-09-27-06-00-26
1.0,113.33366923347745,23.17842164570189,2018-09-27-06-00-26
1.0,113.33591477914085,23.178417480289472,2018-09-27-06-00-26
1.0,113.33666330815342,23.17841610313506,2018-09-27-06-00-26
1.0,113.3369128194713,23.17841564544674,2018-09-27-06-00-26
1.0,113.32718235645702,23.178683800416056,2018-09-27-06-00-26
1.0,113.33167322192543,23.1786752914985,2018-09-27-06-00-26
1.0,113.32693285072004,23.17893418196164,2018-09-27-06-00-26
1.0,113.33192270206843,23.178924728390367,2018-09-27-06-00-26
1.0,113.33466721235007,23.178919600506273,2018-09-27-06-00-26
1.0,113.3369127853401,23.178915457505646,2018-09-27-06-00-26
1.0,113.33616423681308,23.17916673871799,2018-09-27-06-00-26
1.0,113.32743179440921,23.179433043419102,2018-09-27-06-00-26
1.0,113.32768128378189,23.17943256838152,2018-09-27-06-00-26
1.0,113.33267116306737,23.17942313592708,2018-09-27-06-00-26
1.0,113.33067517053681,23.17967679690103,2018-09-27-06-00-26
1.0,113.33167315374425,23.179674915943508,2018-09-27-06-00-26
1.0,113.3371622463006,23.179664718910832,2018-09-27-06-00-26
1.0,113.3374117593178,23.179664262638177,2018-09-27-06-00-26
1.0,113.3306751534951,23.179926703113836,2018-09-27-06-00-26
1.0,113.3336691311581,23.179921082367674,2018-09-27-06-00-26
1.0,113.3369127170757,23.179915082109265,2018-09-27-06-00-26
1.0,113.3324216129552,23.180173322315824,2018-09-27-06-00-26
1.0,113.3371622121658,23.18016453137494,2018-09-27-06-00-26
1.0,113.33292057739926,23.180672199935504,2018-09-27-06-00-26
1.0,113.33341957847497,23.18067126695109,2018-09-27-06-00-26
1.0,113.33366907999617,23.180670801248784,2018-09-27-06-00-26
1.0,113.33791071969905,23.180662977374052,2018-09-27-06-00-26
1.0,113.33341956142165,23.18092117332641,2018-09-27-06-00-26
1.0,113.3404065678906,23.171162060098865,2018-09-27-06-00-26
1.0,113.34439910659705,23.171155038505315,2018-09-27-06-00-26
1.0,113.34115513016663,23.171410629955208,2018-09-27-06-00-26
1.0,113.34664499381255,23.171900919766898,2018-09-27-06-00-26
1.0,113.34739364667928,23.172149567489388,2018-09-27-06-00-26
1.0,113.33516666662116,23.17242113107153,2018-09-27-06-00-26
1.0,113.34564675181088,23.172402422356807,2018-09-27-06-00-26
1.0,113.33716270705501,23.172917266368653,2018-09-27-06-00-26
1.0,113.34714403735731,23.17289970055208,2018-09-27-06-00-26
1.0,113.33716268999221,23.17316717150279,2018-09-27-06-00-26
1.0,113.34514760446498,23.173152990697208,2018-09-27-06-00-26
1.0,113.34564670052767,23.173152137637487,2018-09-27-06-00-26
1.0,113.34614580178031,23.173151289053656,2018-09-27-06-00-26
1.0,113.3349170926126,23.173421213790537,2018-09-27-06-00-26
1.0,113.33741218597058,23.173416620404534,2018-09-27-06-00-26
1.0,113.34190358248128,23.173408543397713,2018-09-27-06-00-26
1.0,113.34389986926293,23.17340504748887,2018-09-27-06-00-26
1.0,113.34489804125633,23.173403324048476,2018-09-27-06-00-26
1.0,113.34614578468378,23.17340119422548,2018-09-27-06-00-26
1.0,113.34664489122518,23.173400350210247,2018-09-27-06-00-26
1.0,113.34739356117613,23.17339909295586,2018-09-27-06-00-26
1.0,113.34789268138148,23.173398260766135,2018-09-27-06-00-26
1.0,113.33491707555822,23.173671119003526,2018-09-27-06-00-26
1.0,113.33890926591633,23.173663803660812,2018-09-27-06-00-26
1.0,113.34439893570071,23.173654088858804,2018-09-27-06-00-26
1.0,113.34539711766602,23.17365237399684,2018-09-27-06-00-26
1.0,113.33865973037909,23.173914160645424,2018-09-27-06-00-26
1.0,113.33890924884629,23.173913708912448,2018-09-27-06-00-26
1.0,113.33965781000313,23.17391235855441,2018-09-27-06-00-26
1.0,113.34240261311552,23.173907473990734,2018-09-27-06-00-26
1.0,113.34489800707176,23.17390313451039,2018-09-27-06-00-26
1.0,113.34589619921154,23.173901428413718,2018-09-27-06-00-26
1.0,113.34614575049022,23.173901004686968,2018-09-27-06-00-26
1.0,113.34514753609223,23.17415261162098,2018-09-27-06-00-26
1.0,113.34539708347751,23.174152184537274,2018-09-27-06-00-26
1.0,113.34739350987223,23.174148808706477,2018-09-27-06-00-26
1.0,113.33516653017892,23.17442037261914,2018-09-27-06-00-26
1.0,113.3379111464167,23.174415331138007,2018-09-27-06-00-26
1.0,113.34365026096687,23.174405102053385,2018-09-27-06-00-26
1.0,113.34439888442854,23.17440380472908,2018-09-27-06-00-26
1.0,113.34714393475531,23.174399131935942,2018-09-27-06-00-26
1.0,113.3473934927706,23.174398714035462,2018-09-27-06-00-26
1.0,113.34789261296892,23.174397881845387,2018-09-27-06-00-26
1.0,113.33816064504137,23.17466478245114,2018-09-27-06-00-26
1.0,113.33965775878347,23.174662074545385,2018-09-27-06-00-26
1.0,113.34015680447557,23.174661178460944,2018-09-27-06-00-26
1.0,113.34414932496716,23.174654141494546,2018-09-27-06-00-26
1.0,113.34489795579364,23.17465285049869,2018-09-27-06-00-26
1.0,113.34539704928832,23.174651995235408,2018-09-27-06-00-26
1.0,113.34315115048764,23.174905782860733,2018-09-27-06-00-26
1.0,113.34564658086097,23.174901474667266,2018-09-27-06-00-26
1.0,113.34614568210108,23.174900626082835,2018-09-27-06-00-26
1.0,113.33516647901034,23.175170088849423,2018-09-27-06-00-26
1.0,113.34015677032451,23.175160989319007,2018-09-27-06-00-26
1.0,113.34040629468572,23.17516054255911,2018-09-27-06-00-26
1.0,113.34589611372917,23.175150955257603,2018-09-27-06-00-26
1.0,113.34614566500338,23.175150531530637,2018-09-27-06-00-26
1.0,113.34639521760025,23.17515010894585,2018-09-27-06-00-26
1.0,113.33890914642261,23.17541314125096,2018-09-27-06-00-26
1.0,113.33915866583457,23.17541269031651,2018-09-27-06-00-26
1.0,113.34489790451403,23.17540256684279,2018-09-27-06-00-26
1.0,113.3351664448971,23.175669899867728,2018-09-27-06-00-26
1.0,113.33865961089089,23.175663498512606,2018-09-27-06-00-26
1.0,113.3414043683862,23.175658575364736,2018-09-27-06-00-26
1.0,113.34489788742049,23.175652472370146,2018-09-27-06-00-26
1.0,113.34739340725991,23.17564824127366,2018-09-27-06-00-26
1.0,113.33491692206125,23.175920267696206,2018-09-27-06-00-26
1.0,113.33541593437221,23.175919343793247,2018-09-27-06-00-26
1.0,113.33791104401399,23.175914763952584,2018-09-27-06-00-26
1.0,113.33865959382048,23.17591340408077,2018-09-27-06-00-26
1.0,113.34489787032678,23.17590237793725,2018-09-27-06-00-26
1.0,113.34639516630345,23.17589982552719,2018-09-27-06-00-26
1.0,113.33666346172683,23.17616695086029,2018-09-27-06-00-26
1.0,113.33741199825623,23.176165579914198,2018-09-27-06-00-26
1.0,113.33841005922874,23.176163762208795,2018-09-27-06-00-26
1.0,113.33915861461762,23.176162407020804,2018-09-27-06-00-26
1.0,113.33965765633964,23.176161507596206,2018-09-27-06-00-26
1.0,113.34040622637781,23.17616016475119,2018-09-27-06-00-26
1.0,113.34689425840891,23.176148889436696,2018-09-27-06-00-26
1.0,113.33491688794898,23.176420078953257,2018-09-27-06-00-26
1.0,113.33791100987843,23.17641457520863,2018-09-27-06-00-26
1.0,113.33841004215894,23.176413667856664,2018-09-27-06-00-26
1.0,113.33915859754495,23.176412312668546,2018-09-27-06-00-26
1.0,113.33965763926508,23.176411413243862,2018-09-27-06-00-26
1.0,113.34040620930041,23.176410070398724,2018-09-27-06-00-26
1.0,113.33641391710822,23.176667220574245,2018-09-27-06-00-26
1.0,113.3376614780248,23.176664935704192,2018-09-27-06-00-26
1.0,113.33791099281038,23.17666448089649,2018-09-27-06-00-26
1.0,113.33816050849407,23.176664026839205,2018-09-27-06-00-26
1.0,113.33890906106494,23.17666266929086,2018-09-27-06-00-26
1.0,113.33915858047213,23.1766622183562,2018-09-27-06-00-26
1.0,113.33940810084293,23.176661768232375,2018-09-27-06-00-26
1.0,113.33965762219036,23.176661318931433,2018-09-27-06-00-26
1.0,113.33990714452747,23.176660870465405,2018-09-27-06-00-26
1.0,113.3401566678673,23.176660422846314,2018-09-27-06-00-26
1.0,113.34040619222286,23.176659976086164,2018-09-27-06-00-26
1.0,113.34090524403308,23.176659085190636,2018-09-27-06-00-26
1.0,113.34689422420632,23.17664870076945,2018-09-27-06-00-26
1.0,113.33641390004581,23.17691712630232,2018-09-27-06-00-26
1.0,113.33791097574218,23.17691438662432,2018-09-27-06-00-26
1.0,113.3381604914249,23.17691393256699,2018-09-27-06-00-26
1.0,113.33940808376899,23.176911673959946,2018-09-27-06-00-26
1.0,113.33965760511548,23.176911224658962,2018-09-27-06-00-26
1.0,113.33990712745164,23.176910776192894,2018-09-27-06-00-26
1.0,113.34040617514512,23.176909881813568,2018-09-27-06-00-26
1.0,113.34340055134061,23.176904592038294,2018-09-27-06-00-26
1.0,113.33566535637375,23.177168411220197,2018-09-27-06-00-26
1.0,113.33915854632599,23.177162029851452,2018-09-27-06-00-26
1.0,113.34115473735241,23.17715845257377,2018-09-27-06-00-26
1.0,113.34564642699173,23.177150625129887,2018-09-27-06-00-26
1.0,113.33516632549554,23.177419239686746,2018-09-27-06-00-26
1.0,113.33691288773169,23.177416021812594,2018-09-27-06-00-26
1.0,113.33766142682258,23.177414653007908,2018-09-27-06-00-26
1.0,113.33840997387811,23.177413290847785,2018-09-27-06-00-26
1.0,113.34115472027153,23.177408358381143,2018-09-27-06-00-26
1.0,113.34564640989431,23.177400530936488,2018-09-27-06-00-26
1.0,113.34639506370534,23.177399259766023,2018-09-27-06-00-26
1.0,113.34664461762941,23.17739883833459,2018-09-27-06-00-26
1.0,113.34589594275187,23.177650011925234,2018-09-27-06-00-26
1.0,113.34614549401714,23.17764958819784,2018-09-27-06-00-26
1.0,113.34240233976146,23.177905963398693,2018-09-27-06-00-26
1.0,113.34614547691758,23.177899494084663,2018-09-27-06-00-26
1.0,113.34639502950463,23.1778990714994,2018-09-27-06-00-26
1.0,113.33616430506383,23.17816711459957,2018-09-27-06-00-26
1.0,113.33641381473127,23.17816665554408,2018-09-27-06-00-26
1.0,113.337162348701,23.17816528249141,2018-09-27-06-00-26
1.0,113.34040608975396,23.178159411051958,2018-09-27-06-00-26
2.0,113.3421527897332,23.17815630878485,2018-09-27-06-00-26
1.0,113.34365000462451,23.17815368676559,2018-09-27-06-00-26
1.0,113.34614545981788,23.178149400011723,2018-09-27-06-00-26
1.0,113.34639501240403,23.178148977426417,2018-09-27-06-00-26
1.0,113.33591477914085,23.178417480289472,2018-09-27-06-00-26
1.0,113.33666330815342,23.17841610313506,2018-09-27-06-00-26
1.0,113.3369128194713,23.17841564544674,2018-09-27-06-00-26
1.0,113.33865942310716,23.178412461960484,2018-09-27-06-00-26
1.0,113.33915846095769,23.178411559291792,2018-09-27-06-00-26
1.0,113.34040607267522,23.178409317020282,2018-09-27-06-00-26
1.0,113.34414905150204,23.178652632812167,2018-09-27-06-00-26
1.0,113.3369127853401,23.178915457505646,2018-09-27-06-00-26
1.0,113.34389949327584,23.17890297130671,2018-09-27-06-00-26
1.0,113.33616423681308,23.17916673871799,2018-09-27-06-00-26
1.0,113.33840985438023,23.17916263262917,2018-09-27-06-00-26
1.0,113.3386593718899,23.179162180108605,2018-09-27-06-00-26
1.0,113.33940793009599,23.179160827315414,2018-09-27-06-00-26
1.0,113.33965745143392,23.17916037801405,2018-09-27-06-00-26
1.0,113.33865935481715,23.179412086238912,2018-09-27-06-00-26
1.0,113.33890887326334,23.17941163450501,2018-09-27-06-00-26
1.0,113.33915839266005,23.179411183569883,2018-09-27-06-00-26
1.0,113.3371622463006,23.179664718910832,2018-09-27-06-00-26
1.0,113.3374117593178,23.179664262638177,2018-09-27-06-00-26
1.0,113.33840982023648,23.179662444930422,2018-09-27-06-00-26
1.0,113.33890885618946,23.17966154067583,2018-09-27-06-00-26
1.0,113.33965741728062,23.179660190314884,2018-09-27-06-00-26
1.0,113.3369127170757,23.179915082109265,2018-09-27-06-00-26
1.0,113.33816028658188,23.179912804437244,2018-09-27-06-00-26
1.0,113.33840980316434,23.179912351141933,2018-09-27-06-00-26
1.0,113.33865932067116,23.179911898621242,2018-09-27-06-00-26
1.0,113.33915835851022,23.179910995952046,2018-09-27-06-00-26
1.0,113.3371622121658,23.18016453137494,2018-09-27-06-00-26
1.0,113.33816026951055,23.180162710689462,2018-09-27-06-00-26
1.0,113.33840978609204,23.18016225739411,2018-09-27-06-00-26
1.0,113.33915834143507,23.180160902204097,2018-09-27-06-00-26
1.0,113.33816025243904,23.180412616982395,2018-09-27-06-00-26
1.0,113.33865928652448,23.180411711166226,2018-09-27-06-00-26
1.0,113.33890880496683,23.180411259432155,2018-09-27-06-00-26
1.0,113.33791071969905,23.180662977374052,2018-09-27-06-00-26
1.0,113.33816023536737,23.180662523316094,2018-09-27-06-00-26
1.0,113.33865926945089,23.18066161749984,2018-09-27-06-00-26
1.0,113.3389087878923,23.18066116576573,2018-09-27-06-00-26
1.0,113.3438993736266,23.18065231478152,2018-09-27-06-00-26
1.0,113.33865925237713,23.180911523874283,2018-09-27-06-00-26
1.0,113.33890877081758,23.18091107214013,2018-09-27-06-00-26
1.0,113.34689463459313,23.170650975203767,2018-09-27-06-00-26
1.0,113.34789286950219,23.170649306027002,2018-09-27-06-00-26
1.0,113.35063813418586,23.170644818849755,2018-09-27-06-00-26
1.0,113.35637885555619,23.17063598037039,2018-09-27-06-00-26
1.0,113.35163644062298,23.1708931315529,2018-09-27-06-00-26
1.0,113.3523851999654,23.17089195206552,2018-09-27-06-00-26
1.0,113.35488117209091,23.17088811468882,2018-09-27-06-00-26
1.0,113.34814239751913,23.17114870136332,2018-09-27-06-00-26
1.0,113.35113725859937,23.171143829673497,2018-09-27-06-00-26
1.0,113.35388274582039,23.171139536667315,2018-09-27-06-00-26
1.0,113.35188599123184,23.171392546662815,2018-09-27-06-00-26
1.0,113.35238516573219,23.171391761743898,2018-09-27-06-00-26
1.0,113.35163638928037,23.171642846129078,2018-09-27-06-00-26
1.0,113.35213556055766,23.171642058394042,2018-09-27-06-00-26
1.0,113.34664499381255,23.171900919766898,2018-09-27-06-00-26
1.0,113.34739364667928,23.172149567489388,2018-09-27-06-00-26
1.0,113.34564675181088,23.172402422356807,2018-09-27-06-00-26
1.0,113.35113717303506,23.17239335435631,2018-09-27-06-00-26
1.0,113.35288426115274,23.172640507399013,2018-09-27-06-00-26
1.0,113.34714403735731,23.17289970055208,2018-09-27-06-00-26
1.0,113.34514760446498,23.173152990697208,2018-09-27-06-00-26
1.0,113.34564670052767,23.173152137637487,2018-09-27-06-00-26
1.0,113.34614580178031,23.173151289053656,2018-09-27-06-00-26
1.0,113.3481422606964,23.173147941328136,2018-09-27-06-00-26
1.0,113.34489804125633,23.173403324048476,2018-09-27-06-00-26
1.0,113.34614578468378,23.17340119422548,2018-09-27-06-00-26
1.0,113.34664489122518,23.173400350210247,2018-09-27-06-00-26
1.0,113.34739356117613,23.17339909295586,2018-09-27-06-00-26
1.0,113.34789268138148,23.173398260766135,2018-09-27-06-00-26
1.0,113.34539711766602,23.17365237399684,2018-09-27-06-00-26
1.0,113.35113708746654,23.173642880015304,2018-09-27-06-00-26
1.0,113.34489800707176,23.17390313451039,2018-09-27-06-00-26
1.0,113.34589619921154,23.173901428413718,2018-09-27-06-00-26
1.0,113.34614575049022,23.173901004686968,2018-09-27-06-00-26
1.0,113.34514753609223,23.17415261162098,2018-09-27-06-00-26
1.0,113.34539708347751,23.174152184537274,2018-09-27-06-00-26
1.0,113.34739350987223,23.174148808706477,2018-09-27-06-00-26
1.0,113.34714393475531,23.174399131935942,2018-09-27-06-00-26
1.0,113.3473934927706,23.174398714035462,2018-09-27-06-00-26
1.0,113.34789261296892,23.174397881845387,2018-09-27-06-00-26
1.0,113.34489795579364,23.17465285049869,2018-09-27-06-00-26
1.0,113.34539704928832,23.174651995235408,2018-09-27-06-00-26
1.0,113.34564658086097,23.174901474667266,2018-09-27-06-00-26
1.0,113.34614568210108,23.174900626082835,2018-09-27-06-00-26
1.0,113.35313370004116,23.174889267196807,2018-09-27-06-00-26
1.0,113.34589611372917,23.175150955257603,2018-09-27-06-00-26
1.0,113.34614566500338,23.175150531530637,2018-09-27-06-00-26
1.0,113.34639521760025,23.17515010894585,2018-09-27-06-00-26
1.0,113.34489790451403,23.17540256684279,2018-09-27-06-00-26
1.0,113.34489788742049,23.175652472370146,2018-09-27-06-00-26
1.0,113.34739340725991,23.17564824127366,2018-09-27-06-00-26
1.0,113.34489787032678,23.17590237793725,2018-09-27-06-00-26
1.0,113.34639516630345,23.17589982552719,2018-09-27-06-00-26
1.0,113.34689425840891,23.176148889436696,2018-09-27-06-00-26
1.0,113.34689422420632,23.17664870076945,2018-09-27-06-00-26
1.0,113.34564642699173,23.177150625129887,2018-09-27-06-00-26
1.0,113.34564640989431,23.177400530936488,2018-09-27-06-00-26
1.0,113.34639506370534,23.177399259766023,2018-09-27-06-00-26
1.0,113.34664461762941,23.17739883833459,2018-09-27-06-00-26
1.0,113.34589594275187,23.177650011925234,2018-09-27-06-00-26
1.0,113.34614549401714,23.17764958819784,2018-09-27-06-00-26
1.0,113.34614547691758,23.177899494084663,2018-09-27-06-00-26
1.0,113.34639502950463,23.1778990714994,2018-09-27-06-00-26
1.0,113.34614545981788,23.178149400011723,2018-09-27-06-00-26
1.0,113.34639501240403,23.178148977426417,2018-09-27-06-00-26
