count,wgs_lng,wgs_lat,time
1.0,113.32518881876672,23.143951037062667,2018-10-01-06-00-32
1.0,113.32693523273586,23.143947703459368,2018-10-01-06-00-32
1.0,113.32818268038238,23.143945328362673,2018-10-01-06-00-32
1.0,113.33242408329887,23.143937313081434,2018-10-01-06-00-32
1.0,113.33267358240565,23.1439368453362,2018-10-01-06-00-32
1.0,113.33292308213228,23.14393637808479,2018-10-01-06-00-32
1.0,113.33541811641913,23.143931735433277,2018-10-01-06-00-32
1.0,113.33666566145891,23.143929436918803,2018-10-01-06-00-32
1.0,113.32793317314146,23.144195703848823,2018-10-01-06-00-32
1.0,113.33017860001394,23.144191443938755,2018-10-01-06-00-32
1.0,113.33417057349779,23.14418395062497,2018-10-01-06-00-32
1.0,113.33741418131783,23.14417796694809,2018-10-01-06-00-32
1.0,113.32568775889786,23.14444988575754,2018-10-01-06-00-32
1.0,113.32868161097122,23.14469408311945,2018-10-01-06-00-32
1.0,113.33242403222383,23.144687016059766,2018-10-01-06-00-32
1.0,113.32643618795198,23.14494825909442,2018-10-01-06-00-32
1.0,113.32743414274377,23.144946356744686,2018-10-01-06-00-32
1.0,113.33242401519848,23.14493691711825,2018-10-01-06-00-32
1.0,113.33267351430129,23.144936449372853,2018-10-01-06-00-32
1.0,113.3249392470622,23.14520101901836,2018-10-01-06-00-32
1.0,113.32568770790303,23.145199588936414,2018-10-01-06-00-32
1.0,113.32718463656636,23.145196733103457,2018-10-01-06-00-32
1.0,113.33566753865236,23.14518077954966,2018-10-01-06-00-32
1.0,113.33591704684976,23.145180319181218,2018-10-01-06-00-32
1.0,113.33666557624973,23.14517894204351,2018-10-01-06-00-32
1.0,113.32618666599986,23.14544853739354,2018-10-01-06-00-32
1.0,113.33042800905467,23.145440477597823,2018-10-01-06-00-32
1.0,113.33067750367704,23.145440006345197,2018-10-01-06-00-32
1.0,113.33092699881244,23.145439535487807,2018-10-01-06-00-32
1.0,113.33192498475188,23.145437656257332,2018-10-01-06-00-32
1.0,113.33591702981033,23.145430220305077,2018-10-01-06-00-32
1.0,113.32468972655386,23.145701298235267,2018-10-01-06-00-32
1.0,113.3331724632939,23.145685218748824,2018-10-01-06-00-32
1.0,113.33566750457528,23.14568058183052,2018-10-01-06-00-32
1.0,113.32493919607498,23.145950722494657,2018-10-01-06-00-32
1.0,113.32543816973546,23.14594976897488,2018-10-01-06-00-32
1.0,113.3256876569067,23.14594929241234,2018-10-01-06-00-32
1.0,113.3261866319981,23.14594833974374,2018-10-01-06-00-32
1.0,113.3291805091444,23.145942641706625,2018-10-01-06-00-32
1.0,113.3354179801213,23.1459309440301,2018-10-01-06-00-32
1.0,113.32618661499696,23.146198240968577,2018-10-01-06-00-32
1.0,113.3301784638808,23.146190652806393,2018-10-01-06-00-32
1.0,113.33417043723777,23.146183159487283,2018-10-01-06-00-32
1.0,113.33616648767703,23.146179464159783,2018-10-01-06-00-32
1.0,113.32668557417095,23.146447190248935,2018-10-01-06-00-32
1.0,113.32893098329674,23.14644291755344,2018-10-01-06-00-32
1.0,113.32967946007153,23.14644149843447,2018-10-01-06-00-32
1.0,113.33042794098212,23.146440082428107,2018-10-01-06-00-32
1.0,113.33342191320293,23.146434456192605,2018-10-01-06-00-32
1.0,113.33367141485921,23.146433990496007,2018-10-01-06-00-32
1.0,113.33616647063597,23.146429365416186,2018-10-01-06-00-32
1.0,113.32593709332224,23.146698519772215,2018-10-01-06-00-32
1.0,113.32743402370168,23.146695665085645,2018-10-01-06-00-32
1.0,113.33192489963089,23.14668716237702,2018-10-01-06-00-32
3.0,113.33342189617247,23.14668435748276,2018-10-01-06-00-32
1.0,113.3349189164672,23.146681571692927,2018-10-01-06-00-32
1.0,113.33516842236064,23.146681109438088,2018-10-01-06-00-32
1.0,113.3359169446107,23.14667972642143,2018-10-01-06-00-32
1.0,113.32668554016381,23.146946992864827,2018-10-01-06-00-32
1.0,113.3306774015612,23.146939413789877,2018-10-01-06-00-32
1.0,113.33092689669063,23.146938942932238,2018-10-01-06-00-32
1.0,113.33342187914182,23.146934258806255,2018-10-01-06-00-32
1.0,113.33541791196839,23.146930549122906,2018-10-01-06-00-32
1.0,113.33766350783365,23.146926424133557,2018-10-01-06-00-32
1.0,113.32568757190948,23.147198798869805,2018-10-01-06-00-32
1.0,113.32918042407663,23.147192148161192,2018-10-01-06-00-32
1.0,113.3311763753246,23.14718837383944,2018-10-01-06-00-32
1.0,113.33142587151923,23.147187903809247,2018-10-01-06-00-32
1.0,113.33541789492975,23.147180450479468,2018-10-01-06-00-32
1.0,113.3304278729069,23.147439687791003,2018-10-01-06-00-32
1.0,113.33466936020618,23.147431738622153,2018-10-01-06-00-32
1.0,113.32543805074528,23.147699078249435,2018-10-01-06-00-32
1.0,113.33092682860608,23.147938548562458,2018-10-01-06-00-32
1.0,113.33342181101762,23.147933864434812,2018-10-01-06-00-32
1.0,113.33516833717144,23.14793061638868,2018-10-01-06-00-32
1.0,113.32568750390872,23.14819840463768,2018-10-01-06-00-32
1.0,113.3306773164601,23.14818892091179,2018-10-01-06-00-32
1.0,113.33267329294372,23.148185166151585,2018-10-01-06-00-32
1.0,113.33342179398615,23.14818376592588,2018-10-01-06-00-32
1.0,113.33142578640235,23.148437411098392,2018-10-01-06-00-32
1.0,113.33267327591506,23.148435067676463,2018-10-01-06-00-32
1.0,113.33317227596594,23.14843413367826,2018-10-01-06-00-32
1.0,113.3351683030946,23.148430419403915,2018-10-01-06-00-32
1.0,113.33641584408443,23.14842811762003,2018-10-01-06-00-32
1.0,113.33242375979826,23.148685436981097,2018-10-01-06-00-32
1.0,113.33566730009883,23.148679398313472,2018-10-01-06-00-32
1.0,113.3359168082826,23.14867893794445,2018-10-01-06-00-32
1.0,113.33017827668034,23.148939568477996,2018-10-01-06-00-32
1.0,113.33242374277025,23.148935338573548,2018-10-01-06-00-32
1.0,113.32992876603973,23.14918994211137,2018-10-01-06-00-32
1.0,113.33017825966112,23.149189470104677,2018-10-01-06-00-32
1.0,113.33142573533021,23.149187115876302,2018-10-01-06-00-32
1.0,113.33541775861457,23.149179662541187,2018-10-01-06-00-32
1.0,113.33042773674845,23.14943890012907,2018-10-01-06-00-32
1.0,113.33217421023527,23.149435610087725,2018-10-01-06-00-32
1.0,113.33417021579247,23.149431878437497,2018-10-01-06-00-32
1.0,113.32693484162864,23.149695433953156,2018-10-01-06-00-32
1.0,113.3271843304568,23.14969495846368,2018-10-01-06-00-32
1.0,113.32918025392863,23.1496911635867,2018-10-01-06-00-32
1.0,113.33167519801916,23.149686449632654,2018-10-01-06-00-32
2.0,113.33192469532351,23.149685980478854,2018-10-01-06-00-32
1.0,113.326685336107,23.149945811381638,2018-10-01-06-00-32
1.0,113.33142568425659,23.149936820959386,2018-10-01-06-00-32
1.0,113.33167518099344,23.149936351360974,2018-10-01-06-00-32
1.0,113.33192467829682,23.149935882207135,2018-10-01-06-00-32
1.0,113.33716427611857,23.149926154437555,2018-10-01-06-00-32
1.0,113.33117617104902,23.150187192752515,2018-10-01-06-00-32
1.0,113.33167516396757,23.150186253123373,2018-10-01-06-00-32
1.0,113.32693479060816,23.150445139242766,2018-10-01-06-00-32
1.0,113.32768325807372,23.15044371345302,2018-10-01-06-00-32
1.0,113.33367114233596,23.15043241517071,2018-10-01-06-00-32
1.0,113.3366652183256,23.150426872660034,2018-10-01-06-00-32
1.0,113.3334216236623,23.1506827826984,2018-10-01-06-00-32
1.0,113.33566716376785,23.15067861199975,2018-10-01-06-00-32
1.0,113.33616618091233,23.150677691914172,2018-10-01-06-00-32
1.0,113.32918016884838,23.15094067257171,2018-10-01-06-00-32
1.0,113.32967915376604,23.15093972681616,2018-10-01-06-00-32
1.0,113.33541763933002,23.150928974874386,2018-10-01-06-00-32
1.0,113.33042761760105,23.151188212707034,2018-10-01-06-00-32
1.0,113.33466910464794,23.15118026352757,2018-10-01-06-00-32
1.0,113.33491860978421,23.151179800667716,2018-10-01-06-00-32
1.0,113.33516809861953,23.15142924034517,2018-10-01-06-00-32
1.0,113.32942961003099,23.151689905329242,2018-10-01-06-00-32
1.0,113.32568724888216,23.15194693109643,2018-10-01-06-00-32
1.0,113.326186223925,23.151945978425847,2018-10-01-06-00-32
1.0,113.32967908569083,23.15193933462093,2018-10-01-06-00-32
1.0,113.32992857882829,23.15193886225558,2018-10-01-06-00-32
1.0,113.33067706113178,23.151937447358122,2018-10-01-06-00-32
8.0,113.33641560545972,23.15192674252773,2018-10-01-06-00-32
1.0,113.32967906867161,23.152189236658298,2018-10-01-06-00-32
13.0,113.33641558841384,23.152176644563976,2018-10-01-06-00-32
1.0,113.32893057494962,23.1524405578522,2018-10-01-06-00-32
1.0,113.33541753707962,23.152428386782727,2018-10-01-06-00-32
1.0,113.3276830879644,23.15294273331464,2018-10-01-06-00-32
1.0,113.33766309865085,23.152924066030284,2018-10-01-06-00-32
1.0,113.33042748142262,23.15318742914442,2018-10-01-06-00-32
1.0,113.33516797933132,23.153178554843187,2018-10-01-06-00-32
1.0,113.32518817281114,23.1534472971077,2018-10-01-06-00-32
1.0,113.33516796228947,23.153428457053106,2018-10-01-06-00-32
1.0,113.33292241796252,23.15368254032616,2018-10-01-06-00-32
1.0,113.3249386521182,23.15394757845837,2018-10-01-06-00-32
1.0,113.32868098147631,23.15394044468892,2018-10-01-06-00-32
1.0,113.33541811641913,23.143931735433277,2018-10-01-06-00-32
1.0,113.33666566145891,23.143929436918803,2018-10-01-06-00-32
1.0,113.3389112960566,23.143925344062673,2018-10-01-06-00-32
1.0,113.34090748001651,23.1439217600067,2018-10-01-06-00-32
1.0,113.34115700761997,23.143921315900812,2018-10-01-06-00-32
1.0,113.34165606604188,23.143920430421417,2018-10-01-06-00-32
1.0,113.33741418131783,23.14417796694809,2018-10-01-06-00-32
1.0,113.3379132102542,23.14417705660532,2018-10-01-06-00-32
1.0,113.3391607985375,23.14417479409238,2018-10-01-06-00-32
1.0,113.34040841090399,23.144172551849785,2018-10-01-06-00-32
1.0,113.34190557982471,23.144169890030145,2018-10-01-06-00-32
1.0,113.340408393848,23.1444224528412,2018-10-01-06-00-32
1.0,113.34065791935375,23.14442200695744,2018-10-01-06-00-32
1.0,113.34040837679183,23.14467235386546,2018-10-01-06-00-32
1.0,113.34215507764887,23.1446692516381,2018-10-01-06-00-32
1.0,113.34240461071539,23.144668812185337,2018-10-01-06-00-32
1.0,113.33566753865236,23.14518077954966,2018-10-01-06-00-32
1.0,113.33591704684976,23.145180319181218,2018-10-01-06-00-32
1.0,113.33666557624973,23.14517894204351,2018-10-01-06-00-32
1.0,113.34015881820456,23.145172602767524,2018-10-01-06-00-32
1.0,113.33591702981033,23.145430220305077,2018-10-01-06-00-32
1.0,113.33891119375322,23.145424750308845,2018-10-01-06-00-32
1.0,113.34065785112432,23.14542161125187,2018-10-01-06-00-32
1.0,113.34190549451496,23.145419395314892,2018-10-01-06-00-32
1.0,113.33566750457528,23.14568058183052,2018-10-01-06-00-32
1.0,113.3354179801213,23.1459309440301,2018-10-01-06-00-32
1.0,113.3448999203765,23.145913978366877,2018-10-01-06-00-32
1.0,113.33616648767703,23.146179464159783,2018-10-01-06-00-32
1.0,113.33916066212271,23.146174002947987,2018-10-01-06-00-32
1.0,113.33965970407277,23.14617310353351,2018-10-01-06-00-32
1.0,113.33616647063597,23.146429365416186,2018-10-01-06-00-32
1.0,113.33841208934045,23.14642525937684,2018-10-01-06-00-32
1.0,113.33916064507011,23.146423904203882,2018-10-01-06-00-32
1.0,113.3349189164672,23.146681571692927,2018-10-01-06-00-32
1.0,113.33516842236064,23.146681109438088,2018-10-01-06-00-32
1.0,113.3359169446107,23.14667972642143,2018-10-01-06-00-32
1.0,113.34714583191611,23.1466598689808,2018-10-01-06-00-32
1.0,113.33541791196839,23.146930549122906,2018-10-01-06-00-32
1.0,113.33766350783365,23.146926424133557,2018-10-01-06-00-32
1.0,113.33541789492975,23.147180450479468,2018-10-01-06-00-32
1.0,113.33466936020618,23.147431738622153,2018-10-01-06-00-32
1.0,113.33516833717144,23.14793061638868,2018-10-01-06-00-32
1.0,113.33866150466774,23.147924215098723,2018-10-01-06-00-32
1.0,113.33965958468777,23.147922413025242,2018-10-01-06-00-32
1.0,113.3389110061814,23.148173664860273,2018-10-01-06-00-32
1.0,113.3351683030946,23.148430419403915,2018-10-01-06-00-32
1.0,113.33641584408443,23.14842811762003,2018-10-01-06-00-32
1.0,113.34689615560177,23.1484095980167,2018-10-01-06-00-32
1.0,113.33566730009883,23.148679398313472,2018-10-01-06-00-32
1.0,113.3359168082826,23.14867893794445,2018-10-01-06-00-32
1.0,113.33791288634238,23.14892518111998,2018-10-01-06-00-32
1.0,113.33541775861457,23.149179662541187,2018-10-01-06-00-32
1.0,113.3379128522429,23.149424984404657,2018-10-01-06-00-32
1.0,113.33816236803119,23.149424530351954,2018-10-01-06-00-32
1.0,113.34514922753065,23.14941217034002,2018-10-01-06-00-32
1.0,113.34664653189925,23.149409624705825,2018-10-01-06-00-32
1.0,113.33716427611857,23.149926154437555,2018-10-01-06-00-32
1.0,113.33791281814274,23.149924787825192,2018-10-01-06-00-32
1.0,113.34539874084909,23.149911546678553,2018-10-01-06-00-32
1.0,113.34639694371243,23.149909849550077,2018-10-01-06-00-32
1.0,113.34165563947884,23.15016796434587,2018-10-01-06-00-32
1.0,113.3366652183256,23.150426872660034,2018-10-01-06-00-32
1.0,113.34165562241415,23.150417866140724,2018-10-01-06-00-32
1.0,113.34315282418373,23.150415232412115,2018-10-01-06-00-32
1.0,113.33566716376785,23.15067861199975,2018-10-01-06-00-32
1.0,113.33616618091233,23.150677691914172,2018-10-01-06-00-32
1.0,113.34165560534929,23.150667767969768,2018-10-01-06-00-32
1.0,113.33541763933002,23.150928974874386,2018-10-01-06-00-32
1.0,113.33466910464794,23.15118026352757,2018-10-01-06-00-32
1.0,113.33491860978421,23.151179800667716,2018-10-01-06-00-32
1.0,113.33916032103896,23.151172034455023,2018-10-01-06-00-32
1.0,113.3404079332729,23.15116979220652,2018-10-01-06-00-32
1.0,113.33516809861953,23.15142924034517,2018-10-01-06-00-32
1.0,113.34190508497005,23.15141703231167,2018-10-01-06-00-32
8.0,113.33641560545972,23.15192674252773,2018-10-01-06-00-32
1.0,113.34065740756789,23.151919052221263,2018-10-01-06-00-32
13.0,113.33641558841384,23.152176644563976,2018-10-01-06-00-32
1.0,113.33541753707962,23.152428386782727,2018-10-01-06-00-32
1.0,113.34315268761571,23.152414448004436,2018-10-01-06-00-32
1.0,113.34440037070968,23.152662182773593,2018-10-01-06-00-32
1.0,113.33766309865085,23.152924066030284,2018-10-01-06-00-32
1.0,113.34564808464539,23.152909944091945,2018-10-01-06-00-32
1.0,113.33516797933132,23.153178554843187,2018-10-01-06-00-32
1.0,113.33516796228947,23.153428457053106,2018-10-01-06-00-32
1.0,113.34664625856075,23.153408055888043,2018-10-01-06-00-32
1.0,113.33916015047203,23.153671055334076,2018-10-01-06-00-32
1.0,113.35438379526356,23.14414926707727,2018-10-01-06-00-32
1.0,113.35463339849176,23.144148888542652,2018-10-01-06-00-32
1.0,113.34839377314148,23.144658582243043,2018-10-01-06-00-32
1.0,113.3548829692406,23.144648313540927,2018-10-01-06-00-32
1.0,113.35638061895813,23.144895985085352,2018-10-01-06-00-32
1.0,113.35388452554818,23.145149632823802,2018-10-01-06-00-32
1.0,113.35488293502647,23.145148115683142,2018-10-01-06-00-32
1.0,113.35363491035233,23.145399916981553,2018-10-01-06-00-32
1.0,113.3556317262052,23.145646796159856,2018-10-01-06-00-32
1.0,113.35638056762208,23.145645688446372,2018-10-01-06-00-32
1.0,113.3448999203765,23.145913978366877,2018-10-01-06-00-32
1.0,113.34764500077839,23.145909330625837,2018-10-01-06-00-32
1.0,113.34914238755653,23.145906856287702,2018-10-01-06-00-32
1.0,113.34714583191611,23.1466598689808,2018-10-01-06-00-32
1.0,113.3538844229209,23.146649040045467,2018-10-01-06-00-32
1.0,113.35438362420541,23.146648278451632,2018-10-01-06-00-32
1.0,113.34864318452746,23.14690728115367,2018-10-01-06-00-32
1.0,113.35113891771742,23.14690323432463,2018-10-01-06-00-32
1.0,113.35613086645739,23.146895562366705,2018-10-01-06-00-32
1.0,113.35488279816319,23.147147325576764,2018-10-01-06-00-32
1.0,113.35563160643154,23.147396105164972,2018-10-01-06-00-32
1.0,113.35663004813229,23.147644532811434,2018-10-01-06-00-32
1.0,113.35388433739355,23.147898546979985,2018-10-01-06-00-32
1.0,113.35563157220899,23.147895908038638,2018-10-01-06-00-32
1.0,113.3568796502569,23.147894069812903,2018-10-01-06-00-32
1.0,113.35039009637264,23.14815394160977,2018-10-01-06-00-32
1.0,113.34689615560177,23.1484095980167,2018-10-01-06-00-32
1.0,113.34514922753065,23.14941217034002,2018-10-01-06-00-32
1.0,113.34664653189925,23.149409624705825,2018-10-01-06-00-32
1.0,113.35288583541386,23.14964939908424,2018-10-01-06-00-32
1.0,113.3571291515168,23.14964301809667,2018-10-01-06-00-32
1.0,113.34539874084909,23.149911546678553,2018-10-01-06-00-32
1.0,113.34639694371243,23.149909849550077,2018-10-01-06-00-32
1.0,113.34939164945767,23.150404675417246,2018-10-01-06-00-32
1.0,113.34889249478775,23.150655394480975,2018-10-01-06-00-32
1.0,113.35038989122668,23.151152762111238,2018-10-01-06-00-32
1.0,113.34864287692253,23.151405510696232,2018-10-01-06-00-32
1.0,113.34889242642228,23.151655002135186,2018-10-01-06-00-32
1.0,113.3553817053077,23.151644806292513,2018-10-01-06-00-32
1.0,113.350639416996,23.151902066594275,2018-10-01-06-00-32
1.0,113.35413366344783,23.151896593306184,2018-10-01-06-00-32
1.0,113.34440037070968,23.152662182773593,2018-10-01-06-00-32
1.0,113.34564808464539,23.152909944091945,2018-10-01-06-00-32
1.0,113.34789408324802,23.152906162080498,2018-10-01-06-00-32
1.0,113.34839319214512,23.153155236961545,2018-10-01-06-00-32
1.0,113.35288559594397,23.15314802635146,2018-10-01-06-00-32
1.0,113.34664625856075,23.153408055888043,2018-10-01-06-00-32
1.0,113.34839317505407,23.153405139169216,2018-10-01-06-00-32
1.0,113.3276830879644,23.15294273331464,2018-10-01-06-00-32
1.0,113.33766309865085,23.152924066030284,2018-10-01-06-00-32
1.0,113.33042748142262,23.15318742914442,2018-10-01-06-00-32
1.0,113.33516797933132,23.153178554843187,2018-10-01-06-00-32
1.0,113.32518817281114,23.1534472971077,2018-10-01-06-00-32
1.0,113.33516796228947,23.153428457053106,2018-10-01-06-00-32
1.0,113.33292241796252,23.15368254032616,2018-10-01-06-00-32
1.0,113.3249386521182,23.15394757845837,2018-10-01-06-00-32
1.0,113.32868098147631,23.15394044468892,2018-10-01-06-00-32
1.0,113.32868096445978,23.154190347004675,2018-10-01-06-00-32
1.0,113.3309264030173,23.154186096083738,2018-10-01-06-00-32
1.0,113.33616594228018,23.154176321155035,2018-10-01-06-00-32
1.0,113.3284314564795,23.154440723326886,2018-10-01-06-00-32
1.0,113.33541740073642,23.15442760460233,2018-10-01-06-00-32
1.0,113.33691445698292,23.15442484839477,2018-10-01-06-00-32
1.0,113.33716396923909,23.154424391412334,2018-10-01-06-00-32
1.0,113.32893042179472,23.154689678066276,2018-10-01-06-00-32
1.0,113.3361659081872,23.15467612588919,2018-10-01-06-00-32
1.0,113.33691443993344,23.15467475077926,2018-10-01-06-00-32
1.0,113.33267283311108,23.15493251933007,2018-10-01-06-00-32
1.0,113.33566687402904,23.154926948395957,2018-10-01-06-00-32
1.0,113.33741344825077,23.154923739947883,2018-10-01-06-00-32
1.0,113.32818191486346,23.155190904845696,2018-10-01-06-00-32
1.0,113.3371639010363,23.155424001161215,2018-10-01-06-00-32
1.0,113.33766291107659,23.155672991875477,2018-10-01-06-00-32
1.0,113.3374133800428,23.155923349978615,2018-10-01-06-00-32
1.0,113.32518798577918,23.156196223748243,2018-10-01-06-00-32
1.0,113.32693439940145,23.156192890130765,2018-10-01-06-00-32
1.0,113.33292224762172,23.15618156470741,2018-10-01-06-00-32
1.0,113.33466876384523,23.156178308792505,2018-10-01-06-00-32
1.0,113.3351677748182,23.15617738367539,2018-10-01-06-00-32
1.0,113.33566678880257,23.156176461024245,2018-10-01-06-00-32
1.0,113.33716384988247,23.156173708843415,2018-10-01-06-00-32
2.0,113.32543745567217,23.15644564968189,2018-10-01-06-00-32
1.0,113.32818182978501,23.15644041765704,2018-10-01-06-00-32
1.0,113.33117574539783,23.15643474805354,2018-10-01-06-00-32
1.0,113.33466874680335,23.156428211424537,2018-10-01-06-00-32
1.0,113.33716383283085,23.156423611475027,2018-10-01-06-00-32
1.0,113.32518795177121,23.156696029050988,2018-10-01-06-00-32
1.0,113.3256869257948,23.156695075786665,2018-10-01-06-00-32
1.0,113.32618590079919,23.156694123114512,2018-10-01-06-00-32
1.0,113.3279323225861,23.15669079485322,2018-10-01-06-00-32
1.0,113.3281818127688,23.156690320325684,2018-10-01-06-00-32
1.0,113.32718383716688,23.156942122646686,2018-10-01-06-00-32
1.0,113.32793230557074,23.156940697557484,2018-10-01-06-00-32
1.0,113.33716379872712,23.156923416844894,2018-10-01-06-00-32
1.0,113.33042720903374,23.15718586873047,2018-10-01-06-00-32
1.0,113.33167468717552,23.157183516533312,2018-10-01-06-00-32
1.0,113.3271837861289,23.15769183097394,2018-10-01-06-00-32
1.0,113.32518786674837,23.157945542931575,2018-10-01-06-00-32
1.0,113.32568682375472,23.158194492550248,2018-10-01-06-00-32
1.0,113.32593631112155,23.158194016133724,2018-10-01-06-00-32
1.0,113.33042714092987,23.158185480045987,2018-10-01-06-00-32
1.0,113.33117562619682,23.1581840674798,2018-10-01-06-00-32
1.0,113.3316746190517,23.158183127847998,2018-10-01-06-00-32
1.0,113.3324231126165,23.158181721765345,2018-10-01-06-00-32
1.0,113.32618578173769,23.15844344279684,2018-10-01-06-00-32
1.0,113.32868067515312,23.15843869177747,2018-10-01-06-00-32
1.0,113.3289301665066,23.158438218101796,2018-10-01-06-00-32
1.0,113.32967864313696,23.158436798976858,2018-10-01-06-00-32
1.0,113.33067661847392,23.158434911709737,2018-10-01-06-00-32
1.0,113.33616565246857,23.158424665906608,2018-10-01-06-00-32
1.0,113.32493831205873,23.158945631504974,2018-10-01-06-00-32
1.0,113.32543728561386,23.1589446779809,2018-10-01-06-00-32
1.0,113.32593626009624,23.15894372499956,2018-10-01-06-00-32
1.0,113.33117557510819,23.15893377634303,2018-10-01-06-00-32
1.0,113.33566660128963,23.158925391938098,2018-10-01-06-00-32
1.0,113.3301775787556,23.159185563574024,2018-10-01-06-00-32
1.0,113.32618571369889,23.159443054834124,2018-10-01-06-00-32
1.0,113.33342101035836,23.159679271836026,2018-10-01-06-00-32
1.0,113.33416951720345,23.15967787638081,2018-10-01-06-00-32
1.0,113.33342099331905,23.15992917497075,2018-10-01-06-00-32
1.0,113.33591604123808,23.159924543887293,2018-10-01-06-00-32
1.0,113.32618566266805,23.160192764241966,2018-10-01-06-00-32
1.0,113.32818157452463,23.160188961448505,2018-10-01-06-00-32
1.0,113.33017751065037,23.160185176042692,2018-10-01-06-00-32
1.0,113.33142498609998,23.160182821805186,2018-10-01-06-00-32
1.0,113.33267247537944,23.160180478373483,2018-10-01-06-00-32
1.0,113.33367047788167,23.160178612442895,2018-10-01-06-00-32
1.0,113.33466849115503,23.160176755199796,2018-10-01-06-00-32
1.0,113.33641504285772,23.160173528287622,2018-10-01-06-00-32
1.0,113.3251876966902,23.16044457338952,2018-10-01-06-00-32
1.0,113.32668462171951,23.16044171546823,2018-10-01-06-00-32
1.0,113.33441896973677,23.1604271218604,2018-10-01-06-00-32
1.0,113.32518767968347,23.1606944766347,2018-10-01-06-00-32
1.0,113.32543716656313,23.160693999934036,2018-10-01-06-00-32
1.0,113.32843103103288,23.160688293644945,2018-10-01-06-00-32
1.0,113.32518766267657,23.16094437991636,2018-10-01-06-00-32
1.0,113.32618561163571,23.160942473977073,2018-10-01-06-00-32
1.0,113.3251876456695,23.161194283234543,2018-10-01-06-00-32
1.0,113.3259361070113,23.161192853551714,2018-10-01-06-00-32
1.0,113.32818150644887,23.16118857450031,2018-10-01-06-00-32
1.0,113.32992794896913,23.161185261101856,2018-10-01-06-00-32
1.0,113.32967843884335,23.161435636822763,2018-10-01-06-00-32
1.0,113.3301774255151,23.161434692447113,2018-10-01-06-00-32
1.0,113.32518761165487,23.16169408998072,2018-10-01-06-00-32
1.0,113.32668453665383,23.161691232058196,2018-10-01-06-00-32
1.0,113.32818147241,23.161688381245497,2018-10-01-06-00-32
1.0,113.32843094593106,23.161937810416386,2018-10-01-06-00-32
1.0,113.32868043686446,23.16193733644372,2018-10-01-06-00-32
1.0,113.33491787693377,23.161925615555184,2018-10-01-06-00-32
1.0,113.3284309289102,23.1621877138807,2018-10-01-06-00-32
1.0,113.32743295195586,23.16243951598969,2018-10-01-06-00-32
1.0,113.32868040282055,23.162437143409075,2018-10-01-06-00-32
1.0,113.3261854925544,23.162691797973416,2018-10-01-06-00-32
1.0,113.32843089486798,23.162687520919803,2018-10-01-06-00-32
1.0,113.32693394004643,23.162940273864002,2018-10-01-06-00-32
1.0,113.32818138730987,23.162937898751586,2018-10-01-06-00-32
1.0,113.33766309865085,23.152924066030284,2018-10-01-06-00-32
1.0,113.34564808464539,23.152909944091945,2018-10-01-06-00-32
1.0,113.33516797933132,23.153178554843187,2018-10-01-06-00-32
1.0,113.33516796228947,23.153428457053106,2018-10-01-06-00-32
1.0,113.34664625856075,23.153408055888043,2018-10-01-06-00-32
1.0,113.33916015047203,23.153671055334076,2018-10-01-06-00-32
1.0,113.33616594228018,23.154176321155035,2018-10-01-06-00-32
1.0,113.33866107832102,23.154171762587627,2018-10-01-06-00-32
1.0,113.33541740073642,23.15442760460233,2018-10-01-06-00-32
1.0,113.33691445698292,23.15442484839477,2018-10-01-06-00-32
1.0,113.33716396923909,23.154424391412334,2018-10-01-06-00-32
1.0,113.3361659081872,23.15467612588919,2018-10-01-06-00-32
1.0,113.33691443993344,23.15467475077926,2018-10-01-06-00-32
1.0,113.33816200992611,23.154672473128443,2018-10-01-06-00-32
1.0,113.34215439500339,23.154665320169567,2018-10-01-06-00-32
1.0,113.34639661912871,23.154657988879457,2018-10-01-06-00-32
1.0,113.34714528519858,23.15465672810433,2018-10-01-06-00-32
1.0,113.3473948432835,23.154656310207262,2018-10-01-06-00-32
1.0,113.33566687402904,23.154926948395957,2018-10-01-06-00-32
1.0,113.33741344825077,23.154923739947883,2018-10-01-06-00-32
1.0,113.34664615604775,23.154907469869926,2018-10-01-06-00-32
1.0,113.34714526811089,23.154906630522227,2018-10-01-06-00-32
1.0,113.3371639010363,23.155424001161215,2018-10-01-06-00-32
1.0,113.34664612187542,23.15540727481153,2018-10-01-06-00-32
1.0,113.33766291107659,23.155672991875477,2018-10-01-06-00-32
1.0,113.3374133800428,23.155923349978615,2018-10-01-06-00-32
1.0,113.3444001487022,23.155910913304496,2018-10-01-06-00-32
1.0,113.33466876384523,23.156178308792505,2018-10-01-06-00-32
1.0,113.3351677748182,23.15617738367539,2018-10-01-06-00-32
1.0,113.33566678880257,23.156176461024245,2018-10-01-06-00-32
1.0,113.33716384988247,23.156173708843415,2018-10-01-06-00-32
1.0,113.33466874680335,23.156428211424537,2018-10-01-06-00-32
1.0,113.33716383283085,23.156423611475027,2018-10-01-06-00-32
1.0,113.34489920313328,23.156409858936662,2018-10-01-06-00-32
1.0,113.33791235772527,23.156672147526404,2018-10-01-06-00-32
1.0,113.34365147380962,23.156661918510903,2018-10-01-06-00-32
1.0,113.34464964113566,23.156660190862922,2018-10-01-06-00-32
1.0,113.34489918605246,23.15665976160249,2018-10-01-06-00-32
1.0,113.33716379872712,23.156923416844894,2018-10-01-06-00-32
1.0,113.34489916897147,23.156909664303903,2018-10-01-06-00-32
1.0,113.34464960697534,23.157159996301477,2018-10-01-06-00-32
1.0,113.34265327439938,23.157413370777284,2018-10-01-06-00-32
1.0,113.3453982284282,23.157408614556353,2018-10-01-06-00-32
1.0,113.3456477771586,23.15740818858287,2018-10-01-06-00-32
1.0,113.3446495557336,23.157909704727185,2018-10-01-06-00-32
1.0,113.33616565246857,23.158424665906608,2018-10-01-06-00-32
1.0,113.34015791402099,23.158417409172547,2018-10-01-06-00-32
1.0,113.34165507625568,23.15841474193347,2018-10-01-06-00-32
1.0,113.33566660128963,23.158925391938098,2018-10-01-06-00-32
1.0,113.33591604123808,23.159924543887293,2018-10-01-06-00-32
1.0,113.33466849115503,23.160176755199796,2018-10-01-06-00-32
1.0,113.33641504285772,23.160173528287622,2018-10-01-06-00-32
1.0,113.33940922735339,23.16016807597903,2018-10-01-06-00-32
1.0,113.34065675908987,23.161415354353178,2018-10-01-06-00-32
1.0,113.34390068931712,23.161409642510144,2018-10-01-06-00-32
1.0,113.33491787693377,23.161925615555184,2018-10-01-06-00-32
1.0,113.34215388284372,23.16216240826843,2018-10-01-06-00-32
1.0,113.3436510980894,23.16215978626552,2018-10-01-06-00-32
1.0,113.3399081175739,23.1624163083901,2018-10-01-06-00-32
1.0,113.34015764096766,23.162415860773415,2018-10-01-06-00-32
1.0,113.34090621729453,23.16241452312497,2018-10-01-06-00-32
1.0,113.34115574482861,23.162414079015942,2018-10-01-06-00-32
1.0,113.34065667374584,23.1626648716648,2018-10-01-06-00-32
1.0,113.34090620022445,23.162664426660857,2018-10-01-06-00-32
1.0,113.34315198753656,23.16266046332493,2018-10-01-06-00-32
1.0,113.34440037070968,23.152662182773593,2018-10-01-06-00-32
1.0,113.34564808464539,23.152909944091945,2018-10-01-06-00-32
1.0,113.34789408324802,23.152906162080498,2018-10-01-06-00-32
1.0,113.34839319214512,23.153155236961545,2018-10-01-06-00-32
1.0,113.35288559594397,23.15314802635146,2018-10-01-06-00-32
1.0,113.34664625856075,23.153408055888043,2018-10-01-06-00-32
1.0,113.34839317505407,23.153405139169216,2018-10-01-06-00-32
1.0,113.34889225549686,23.15415402369144,2018-10-01-06-00-32
1.0,113.34914180644347,23.154403516780363,2018-10-01-06-00-32
1.0,113.34639661912871,23.154657988879457,2018-10-01-06-00-32
1.0,113.34714528519858,23.15465672810433,2018-10-01-06-00-32
1.0,113.3473948432835,23.154656310207262,2018-10-01-06-00-32
1.0,113.34664615604775,23.154907469869926,2018-10-01-06-00-32
1.0,113.34714526811089,23.154906630522227,2018-10-01-06-00-32
1.0,113.34664612187542,23.15540727481153,2018-10-01-06-00-32
1.0,113.3444001487022,23.155910913304496,2018-10-01-06-00-32
1.0,113.35013999084919,23.15590130747675,2018-10-01-06-00-32
1.0,113.34489920313328,23.156409858936662,2018-10-01-06-00-32
1.0,113.34464964113566,23.156660190862922,2018-10-01-06-00-32
1.0,113.34489918605246,23.15665976160249,2018-10-01-06-00-32
1.0,113.34489916897147,23.156909664303903,2018-10-01-06-00-32
1.0,113.34464960697534,23.157159996301477,2018-10-01-06-00-32
1.0,113.3453982284282,23.157408614556353,2018-10-01-06-00-32
1.0,113.3456477771586,23.15740818858287,2018-10-01-06-00-32
1.0,113.3446495557336,23.157909704727185,2018-10-01-06-00-32
1.0,113.34914144742395,23.159651474264546,2018-10-01-06-00-32
1.0,113.35238591870767,23.160395983925575,2018-10-01-06-00-32
1.0,113.35163714215386,23.160647066648117,2018-10-01-06-00-32
1.0,113.34889177681659,23.161151302862194,2018-10-01-06-00-32
1.0,113.3523857818272,23.16239521087451,2018-10-01-06-00-32
1.0,113.35038910461034,23.16264828737737,2018-10-01-06-00-32
1.0,113.32843094593106,23.161937810416386,2018-10-01-06-00-32
1.0,113.32868043686446,23.16193733644372,2018-10-01-06-00-32
1.0,113.33491787693377,23.161925615555184,2018-10-01-06-00-32
1.0,113.3284309289102,23.1621877138807,2018-10-01-06-00-32
1.0,113.32743295195586,23.16243951598969,2018-10-01-06-00-32
1.0,113.32868040282055,23.162437143409075,2018-10-01-06-00-32
1.0,113.3261854925544,23.162691797973416,2018-10-01-06-00-32
1.0,113.32843089486798,23.162687520919803,2018-10-01-06-00-32
1.0,113.32693394004643,23.162940273864002,2018-10-01-06-00-32
1.0,113.32818138730987,23.162937898751586,2018-10-01-06-00-32
1.0,113.32668443456951,23.163190653177683,2018-10-01-06-00-32
1.0,113.32743290090386,23.163189226714934,2018-10-01-06-00-32
1.0,113.32793188013282,23.163188276892107,2018-10-01-06-00-32
1.0,113.32543696245722,23.16369284173648,2018-10-01-06-00-32
1.0,113.32618542450429,23.163691412496537,2018-10-01-06-00-32
1.0,113.32768235630462,23.163688559015156,2018-10-01-06-00-32
1.0,113.32718336075412,23.16393941304301,2018-10-01-06-00-32
1.0,113.32768233928562,23.16393846273839,2018-10-01-06-00-32
1.0,113.32543692843723,23.16419264922088,2018-10-01-06-00-32
1.0,113.32618539047823,23.16419121998069,2018-10-01-06-00-32
1.0,113.32693385496736,23.164189792295385,2018-10-01-06-00-32
1.0,113.3279318120531,23.16418789171071,2018-10-01-06-00-32
1.0,113.32843079273731,23.164186942924843,2018-10-01-06-00-32
1.0,113.33117521744569,23.164181747563013,2018-10-01-06-00-32
1.0,113.32518742456251,23.164443029720207,2018-10-01-06-00-32
1.0,113.32718332671965,23.164439220601267,2018-10-01-06-00-32
1.0,113.32743281581386,23.16443874533158,2018-10-01-06-00-32
1.0,113.3276823052471,23.164438270296483,2018-10-01-06-00-32
1.0,113.33441869701686,23.164425578166536,2018-10-01-06-00-32
1.0,113.33591573432561,23.16442280656701,2018-10-01-06-00-32
1.0,113.3374128001671,23.164420058479454,2018-10-01-06-00-32
1.0,113.33791182894765,23.16441914812988,2018-10-01-06-00-32
1.0,113.33491768941084,23.164674555684147,2018-10-01-06-00-32
1.0,113.3354167018098,23.16467363178495,2018-10-01-06-00-32
1.0,113.33566620915188,23.164673170772314,2018-10-01-06-00-32
1.0,113.33591571727334,23.16467271040061,2018-10-01-06-00-32
1.0,113.33691375781733,23.16467087556709,2018-10-01-06-00-32
1.0,113.32768227120792,23.164938078003775,2018-10-01-06-00-32
1.0,113.33441866292387,23.164925385871587,2018-10-01-06-00-32
1.0,113.33516717818435,23.16492399729738,2018-10-01-06-00-32
1.0,113.33541668475931,23.164923535655983,2018-10-01-06-00-32
1.0,113.3356661921004,23.164923074643305,2018-10-01-06-00-32
1.0,113.33541666770866,23.16517343956443,2018-10-01-06-00-32
1.0,113.33491763826473,23.165424267409797,2018-10-01-06-00-32
1.0,113.32668426441566,23.165689691344728,2018-10-01-06-00-32
1.0,113.3276822201479,23.165687789845432,2018-10-01-06-00-32
1.0,113.32793169290717,23.16593721907934,2018-10-01-06-00-32
1.0,113.3259357667743,23.166190927668964,2018-10-01-06-00-32
1.0,113.32618525436733,23.166190451411516,2018-10-01-06-00-32
1.0,113.3346680820396,23.166174442335482,2018-10-01-06-00-32
1.0,113.33516709293426,23.166173517215025,2018-10-01-06-00-32
1.0,113.33566610684055,23.166172594560535,2018-10-01-06-00-32
1.0,113.33691365547686,23.166170299354057,2018-10-01-06-00-32
1.0,113.3281811490074,23.16643655270764,2018-10-01-06-00-32
1.0,113.33491757006756,23.166423883569525,2018-10-01-06-00-32
1.0,113.33516707588373,23.166423421311386,2018-10-01-06-00-32
1.0,113.33591559790271,23.166422038284818,2018-10-01-06-00-32
1.0,113.33716315062932,23.166419746465678,2018-10-01-06-00-32
1.0,113.32668419634946,23.166689307660572,2018-10-01-06-00-32
1.0,113.33117504710437,23.16668078721901,2018-10-01-06-00-32
1.0,113.33441854359313,23.166674714020576,2018-10-01-06-00-32
1.0,113.33491755301785,23.166673787703672,2018-10-01-06-00-32
1.0,113.33541656540118,23.166672863803804,2018-10-01-06-00-32
1.0,113.3359155808491,23.166671942418798,2018-10-01-06-00-32
1.0,113.32493776782518,23.166942546586636,2018-10-01-06-00-32
1.0,113.33416902291016,23.166925082226875,2018-10-01-06-00-32
1.0,113.33441852654522,23.1669246181926,2018-10-01-06-00-32
1.0,113.33491753596797,23.166923691875613,2018-10-01-06-00-32
1.0,113.3351670417822,23.16692322961739,2018-10-01-06-00-32
1.0,113.33566605568262,23.166922306962647,2018-10-01-06-00-32
1.0,113.33766214351688,23.166918642956144,2018-10-01-06-00-32
1.0,113.32543672430336,23.167191497271283,2018-10-01-06-00-32
1.0,113.33441850949714,23.16717452240247,2018-10-01-06-00-32
1.0,113.33466801384435,23.16717405894792,2018-10-01-06-00-32
1.0,113.33541653129734,23.167172672185362,2018-10-01-06-00-32
1.0,113.33566603862965,23.167172211172307,2018-10-01-06-00-32
1.0,113.32593568170464,23.1674404485364,2018-10-01-06-00-32
1.0,113.32668414529806,23.167439020294097,2018-10-01-06-00-32
1.0,113.33441849244889,23.167424426650243,2018-10-01-06-00-32
1.0,113.33466799679512,23.167423963195656,2018-10-01-06-00-32
3.0,113.32518720342742,23.167691782509596,2018-10-01-06-00-32
1.0,113.33491748481735,23.16767340461874,2018-10-01-06-00-32
1.0,113.3351669735771,23.167922846684007,2018-10-01-06-00-32
1.0,113.33541646308768,23.16817228940376,2018-10-01-06-00-32
1.0,113.33591547852392,23.16817136801825,2018-10-01-06-00-32
1.0,113.33616498742435,23.1681709082991,2018-10-01-06-00-32
1.0,113.33441842425422,23.16842404402147,2018-10-01-06-00-32
1.0,113.33516693947357,23.168422655445507,2018-10-01-06-00-32
1.0,113.33541644603484,23.168422193803526,2018-10-01-06-00-32
1.0,113.33441840720513,23.168673948459578,2018-10-01-06-00-32
1.0,113.33466791154646,23.16867348500478,2018-10-01-06-00-32
1.0,113.32618506719747,23.16893939857264,2018-10-01-06-00-32
1.0,113.33416888652869,23.168924316970532,2018-10-01-06-00-32
1.0,113.33441839015589,23.168923852935922,2018-10-01-06-00-32
1.0,113.33541641192868,23.168922002717647,2018-10-01-06-00-32
1.0,113.33641444595996,23.168920162558667,2018-10-01-06-00-32
1.0,113.32643453803396,23.16918882700346,2018-10-01-06-00-32
1.0,113.327681981848,23.1691864496018,2018-10-01-06-00-32
1.0,113.32843045225842,23.16918502602535,2018-10-01-06-00-32
1.0,113.33142437285336,23.16917936062055,2018-10-01-06-00-32
1.0,113.33491738251158,23.169172831132812,2018-10-01-06-00-32
1.0,113.33516688831699,23.169172368874214,2018-10-01-06-00-32
1.0,113.33566588514537,23.16942135077148,2018-10-01-06-00-32
1.0,113.33716291179566,23.169918407797585,2018-10-01-06-00-32
1.0,113.33317079366115,23.170175701619545,2018-10-01-06-00-32
1.0,113.33267177673899,23.17042654033216,2018-10-01-06-00-32
1.0,113.32518699927775,23.170690636937408,2018-10-01-06-00-32
1.0,113.32768187970947,23.17068587750335,2018-10-01-06-00-32
1.0,113.33317075957034,23.170675511072325,2018-10-01-06-00-32
1.0,113.33441827080647,23.170673185345375,2018-10-01-06-00-32
1.0,113.3334202263776,23.171174854448353,2018-10-01-06-00-32
1.0,113.33217271117496,23.171427095528625,2018-10-01-06-00-32
1.0,113.32743232220983,23.171685971913288,2018-10-01-06-00-32
1.0,113.33242219252294,23.171676532198113,2018-10-01-06-00-32
1.0,113.32793128434487,23.171934927028097,2018-10-01-06-00-32
1.0,113.32843026496661,23.17193397823966,2018-10-01-06-00-32
1.0,113.3349171949354,23.17192178333524,2018-10-01-06-00-32
1.0,113.33491787693377,23.161925615555184,2018-10-01-06-00-32
1.0,113.34215388284372,23.16216240826843,2018-10-01-06-00-32
1.0,113.3436510980894,23.16215978626552,2018-10-01-06-00-32
1.0,113.3399081175739,23.1624163083901,2018-10-01-06-00-32
1.0,113.34015764096766,23.162415860773415,2018-10-01-06-00-32
1.0,113.34090621729453,23.16241452312497,2018-10-01-06-00-32
1.0,113.34115574482861,23.162414079015942,2018-10-01-06-00-32
1.0,113.34065667374584,23.1626648716648,2018-10-01-06-00-32
1.0,113.34090620022445,23.162664426660857,2018-10-01-06-00-32
1.0,113.34315198753656,23.16266046332493,2018-10-01-06-00-32
1.0,113.33965856105188,23.162916563962842,2018-10-01-06-00-32
1.0,113.34140523928615,23.162913442922264,2018-10-01-06-00-32
1.0,113.34365104684854,23.16290949687185,2018-10-01-06-00-32
1.0,113.3401575897654,23.163165571492275,2018-10-01-06-00-32
1.0,113.34190428266561,23.16316246289545,2018-10-01-06-00-32
1.0,113.34040709710321,23.163415028381294,2018-10-01-06-00-32
1.0,113.34065662253742,23.163414582494315,2018-10-01-06-00-32
1.0,113.34040708003435,23.163664932065263,2018-10-01-06-00-32
1.0,113.33890991445358,23.164167432736697,2018-10-01-06-00-32
1.0,113.33591573432561,23.16442280656701,2018-10-01-06-00-32
1.0,113.3374128001671,23.164420058479454,2018-10-01-06-00-32
1.0,113.33791182894765,23.16441914812988,2018-10-01-06-00-32
1.0,113.34190419729234,23.164411981499974,2018-10-01-06-00-32
1.0,113.33491768941084,23.164674555684147,2018-10-01-06-00-32
1.0,113.3354167018098,23.16467363178495,2018-10-01-06-00-32
1.0,113.33566620915188,23.164673170772314,2018-10-01-06-00-32
1.0,113.33591571727334,23.16467271040061,2018-10-01-06-00-32
1.0,113.33691375781733,23.16467087556709,2018-10-01-06-00-32
1.0,113.3409060636578,23.16466365628158,2018-10-01-06-00-32
1.0,113.33516717818435,23.16492399729738,2018-10-01-06-00-32
1.0,113.33541668475931,23.164923535655983,2018-10-01-06-00-32
1.0,113.3356661921004,23.164923074643305,2018-10-01-06-00-32
1.0,113.33816131055626,23.16491850177845,2018-10-01-06-00-32
1.0,113.33541666770866,23.16517343956443,2018-10-01-06-00-32
1.0,113.33491763826473,23.165424267409797,2018-10-01-06-00-32
1.0,113.34015741908031,23.1656646096368,2018-10-01-06-00-32
1.0,113.33516709293426,23.166173517215025,2018-10-01-06-00-32
1.0,113.33566610684055,23.166172594560535,2018-10-01-06-00-32
1.0,113.33691365547686,23.166170299354057,2018-10-01-06-00-32
1.0,113.33491757006756,23.166423883569525,2018-10-01-06-00-32
1.0,113.33516707588373,23.166423421311386,2018-10-01-06-00-32
1.0,113.33591559790271,23.166422038284818,2018-10-01-06-00-32
1.0,113.33716315062932,23.166419746465678,2018-10-01-06-00-32
1.0,113.33491755301785,23.166673787703672,2018-10-01-06-00-32
1.0,113.33541656540118,23.166672863803804,2018-10-01-06-00-32
1.0,113.3359155808491,23.166671942418798,2018-10-01-06-00-32
1.0,113.33940878366347,23.16666557132463,2018-10-01-06-00-32
1.0,113.33491753596797,23.166923691875613,2018-10-01-06-00-32
1.0,113.3351670417822,23.16692322961739,2018-10-01-06-00-32
1.0,113.33566605568262,23.166922306962647,2018-10-01-06-00-32
1.0,113.33766214351688,23.166918642956144,2018-10-01-06-00-32
1.0,113.33541653129734,23.167172672185362,2018-10-01-06-00-32
1.0,113.33566603862965,23.167172211172307,2018-10-01-06-00-32
1.0,113.33491748481735,23.16767340461874,2018-10-01-06-00-32
1.0,113.3351669735771,23.167922846684007,2018-10-01-06-00-32
1.0,113.34040678983804,23.167913300419283,2018-10-01-06-00-32
1.0,113.3414048978086,23.167911522213615,2018-10-01-06-00-32
1.0,113.33541646308768,23.16817228940376,2018-10-01-06-00-32
1.0,113.33591547852392,23.16817136801825,2018-10-01-06-00-32
1.0,113.33616498742435,23.1681709082991,2018-10-01-06-00-32
1.0,113.33516693947357,23.168422655445507,2018-10-01-06-00-32
1.0,113.33541644603484,23.168422193803526,2018-10-01-06-00-32
1.0,113.34739390316359,23.168400996911707,2018-10-01-06-00-32
1.0,113.33541641192868,23.168922002717647,2018-10-01-06-00-32
1.0,113.33641444595996,23.168920162558667,2018-10-01-06-00-32
1.0,113.34190388991391,23.16891025624665,2018-10-01-06-00-32
1.0,113.34240295474785,23.168909376378434,2018-10-01-06-00-32
1.0,113.33491738251158,23.169172831132812,2018-10-01-06-00-32
1.0,113.33516688831699,23.169172368874214,2018-10-01-06-00-32
1.0,113.34065622988952,23.169162376717125,2018-10-01-06-00-32
1.0,113.34764341128859,23.169150293634413,2018-10-01-06-00-32
1.0,113.33566588514537,23.16942135077148,2018-10-01-06-00-32
1.0,113.34065619574204,23.169662185859355,2018-10-01-06-00-32
1.0,113.34290197286373,23.16965821403013,2018-10-01-06-00-32
1.0,113.33716291179566,23.169918407797585,2018-10-01-06-00-32
1.0,113.34664511349017,23.170151586020527,2018-10-01-06-00-32
1.0,113.33816093516886,23.17041639649293,2018-10-01-06-00-32
1.0,113.33841045178775,23.170415943199217,2018-10-01-06-00-32
1.0,113.33865996933092,23.170415490680124,2018-10-01-06-00-32
1.0,113.33865995226402,23.1706653954249,2018-10-01-06-00-32
1.0,113.3458964214461,23.170652663209218,2018-10-01-06-00-32
1.0,113.34414958130178,23.170905565079973,2018-10-01-06-00-32
1.0,113.3406560932956,23.17116161421058,2018-10-01-06-00-32
1.0,113.34090561974224,23.1711611692052,2018-10-01-06-00-32
1.0,113.34414956421398,23.171155469901205,2018-10-01-06-00-32
1.0,113.34514774120247,23.171153750728255,2018-10-01-06-00-32
1.0,113.34639549115765,23.171151626501977,2018-10-01-06-00-32
1.0,113.34714415705203,23.17115036571832,2018-10-01-06-00-32
1.0,113.34489817798793,23.171404083767023,2018-10-01-06-00-32
1.0,113.34240276685836,23.171658328142232,2018-10-01-06-00-32
1.0,113.3349171949354,23.17192178333524,2018-10-01-06-00-32
1.0,113.34215321681107,23.171908672537644,2018-10-01-06-00-32
1.0,113.34414951294957,23.171905184597765,2018-10-01-06-00-32
1.0,113.34464859894449,23.171904322866364,2018-10-01-06-00-32
1.0,113.3523857818272,23.16239521087451,2018-10-01-06-00-32
1.0,113.35038910461034,23.16264828737737,2018-10-01-06-00-32
1.0,113.34914122513672,23.162900217829037,2018-10-01-06-00-32
1.0,113.34988992094357,23.163148901380072,2018-10-01-06-00-32
1.0,113.35038907040159,23.163148094556693,2018-10-01-06-00-32
1.0,113.35163685130942,23.16489542736561,2018-10-01-06-00-32
1.0,113.3526351833067,23.165143761459866,2018-10-01-06-00-32
1.0,113.35288477465478,23.165143372568284,2018-10-01-06-00-32
1.0,113.35413275641524,23.165141450024727,2018-10-01-06-00-32
1.0,113.35163681708924,23.16539523521442,2018-10-01-06-00-32
1.0,113.35288475754048,23.165393276511203,2018-10-01-06-00-32
1.0,113.35413273929689,23.165391353967422,2018-10-01-06-00-32
1.0,113.3516367999789,23.165645139195075,2018-10-01-06-00-32
1.0,113.352884740426,23.165643180491635,2018-10-01-06-00-32
1.0,113.35338375691732,23.168141448937643,2018-10-01-06-00-32
1.0,113.34739390316359,23.168400996911707,2018-10-01-06-00-32
1.0,113.35463172132033,23.168639350067277,2018-10-01-06-00-32
1.0,113.35438210104876,23.168889633079164,2018-10-01-06-00-32
1.0,113.34764341128859,23.169150293634413,2018-10-01-06-00-32
1.0,113.35438208392709,23.169139537590365,2018-10-01-06-00-32
1.0,113.34939034993707,23.16939731584106,2018-10-01-06-00-32
1.0,113.34963992088058,23.169396909150436,2018-10-01-06-00-32
1.0,113.34963990377432,23.169646813739206,2018-10-01-06-00-32
1.0,113.35263485812185,23.169891942845087,2018-10-01-06-00-32
1.0,113.35338363708817,23.169890780518042,2018-10-01-06-00-32
1.0,113.35413243113783,23.169889631404907,2018-10-01-06-00-32
1.0,113.34664511349017,23.170151586020527,2018-10-01-06-00-32
1.0,113.34914072916317,23.170147437704518,2018-10-01-06-00-32
1.0,113.35038859140856,23.17014541081771,2018-10-01-06-00-32
1.0,113.35363321629318,23.17014030066265,2018-10-01-06-00-32
1.0,113.35488122346374,23.17013840046286,2018-10-01-06-00-32
1.0,113.35113730993594,23.170394115329547,2018-10-01-06-00-32
1.0,113.35138689160286,23.170393717989157,2018-10-01-06-00-32
1.0,113.35438199831621,23.170389060722552,2018-10-01-06-00-32
3.0,113.35513081296466,23.170387929682114,2018-10-01-06-00-32
1.0,113.3458964214461,23.170652663209218,2018-10-01-06-00-32
1.0,113.34963983534757,23.170646432479323,2018-10-01-06-00-32
1.0,113.35088771272656,23.17064441878189,2018-10-01-06-00-32
1.0,113.35138687448999,23.170643622731745,2018-10-01-06-00-32
1.0,113.35612924002848,23.170636348030143,2018-10-01-06-00-32
1.0,113.34839197826355,23.170898383510817,2018-10-01-06-00-32
1.0,113.34514774120247,23.171153750728255,2018-10-01-06-00-32
1.0,113.34639549115765,23.171151626501977,2018-10-01-06-00-32
1.0,113.34714415705203,23.17115036571832,2018-10-01-06-00-32
1.0,113.35013894750828,23.171145432616978,2018-10-01-06-00-32
1.0,113.3558795920491,23.1711365268756,2018-10-01-06-00-32
1.0,113.34489817798793,23.171404083767023,2018-10-01-06-00-32
1.0,113.34864150913269,23.171397781404064,2018-10-01-06-00-32
1.0,113.34939021308911,23.171396553631194,2018-10-01-06-00-32
1.0,113.35662842150872,23.171385328764423,2018-10-01-06-00-32
1.0,113.34889105854981,23.17164727577244,2018-10-01-06-00-32
1.0,113.35188597411664,23.17164245156031,2018-10-01-06-00-32
1.0,113.35213556055766,23.171642058394042,2018-10-01-06-00-32
1.0,113.3334202263776,23.171174854448353,2018-10-01-06-00-32
1.0,113.33217271117496,23.171427095528625,2018-10-01-06-00-32
1.0,113.32743232220983,23.171685971913288,2018-10-01-06-00-32
1.0,113.33242219252294,23.171676532198113,2018-10-01-06-00-32
1.0,113.32793128434487,23.171934927028097,2018-10-01-06-00-32
1.0,113.32843026496661,23.17193397823966,2018-10-01-06-00-32
1.0,113.3349171949354,23.17192178333524,2018-10-01-06-00-32
1.0,113.3269333103628,23.17218673259745,2018-10-01-06-00-32
1.0,113.32718279910007,23.172186257104254,2018-10-01-06-00-32
1.0,113.32743228816301,23.172185781833285,2018-10-01-06-00-32
1.0,113.33242215843606,23.172176342116448,2018-10-01-06-00-32
1.0,113.32668380491711,23.17243711331908,2018-10-01-06-00-32
1.0,113.32718278207743,23.17243616212275,2018-10-01-06-00-32
1.0,113.32743227113934,23.17243568685174,2018-10-01-06-00-32
1.0,113.32793125029367,23.172434737025853,2018-10-01-06-00-32
1.0,113.33292114000005,23.172425312127945,2018-10-01-06-00-32
1.0,113.33342014114103,23.172424379146282,2018-10-01-06-00-32
1.0,113.33391914492181,23.172423448287397,2018-10-01-06-00-32
1.0,113.33441815144886,23.172422519649498,2018-10-01-06-00-32
1.0,113.33566568047863,23.17242020841495,2018-10-01-06-00-32
1.0,113.33591518856989,23.17241974804195,2018-10-01-06-00-32
1.0,113.33716274118012,23.172417456217783,2018-10-01-06-00-32
1.0,113.32543634999567,23.172689399607503,2018-10-01-06-00-32
1.0,113.32668378789631,23.172687018376713,2018-10-01-06-00-32
1.0,113.32867970477368,23.17268321932015,2018-10-01-06-00-32
1.0,113.32967767252858,23.17268132651009,2018-10-01-06-00-32
1.0,113.33466763872272,23.172671961250376,2018-10-01-06-00-32
1.0,113.33516664956646,23.17267103612775,2018-10-01-06-00-32
1.0,113.33616468039519,23.17266919337814,2018-10-01-06-00-32
1.0,113.336414190084,23.17266873432357,2018-10-01-06-00-32
1.0,113.33666370059188,23.17266827594652,2018-10-01-06-00-32
1.0,113.33691321193203,23.172667818259164,2018-10-01-06-00-32
1.0,113.32818070635905,23.17293407264958,2018-10-01-06-00-32
1.0,113.32967765549553,23.172931231606327,2018-10-01-06-00-32
1.0,113.33092512562595,23.17292887346763,2018-10-01-06-00-32
1.0,113.33267160629634,23.172925589536472,2018-10-01-06-00-32
1.0,113.33292110590821,23.172925122280233,2018-10-01-06-00-32
1.0,113.33491712672087,23.172921403482295,2018-10-01-06-00-32
1.0,113.33616466333643,23.172919098473294,2018-10-01-06-00-32
1.0,113.32718273100848,23.17318587741275,2018-10-01-06-00-32
1.0,113.32768170946528,23.17318492710507,2018-10-01-06-00-32
1.0,113.32793119921564,23.17318445231548,2018-10-01-06-00-32
1.0,113.32843017982732,23.173183503526634,2018-10-01-06-00-32
1.0,113.32867967071543,23.173183029552103,2018-10-01-06-00-32
1.0,113.33516661545657,23.173170846357543,2018-10-01-06-00-32
1.0,113.33691317780853,23.17316762848837,2018-10-01-06-00-32
1.0,113.33716268999221,23.17316717150279,2018-10-01-06-00-32
1.0,113.3251868121195,23.173439591718605,2018-10-01-06-00-32
1.0,113.32668373683293,23.173436733784424,2018-10-01-06-00-32
1.0,113.32892914497921,23.17343246104871,2018-10-01-06-00-32
1.0,113.32917863669181,23.173431987679326,2018-10-01-06-00-32
1.0,113.33541610494312,23.173420289888412,2018-10-01-06-00-32
1.0,113.3364141389043,23.17341844972642,2018-10-01-06-00-32
1.0,113.33691316074652,23.173417533661762,2018-10-01-06-00-32
1.0,113.32668371981147,23.173686638998785,2018-10-01-06-00-32
1.0,113.32867963665655,23.173682839940895,2018-10-01-06-00-32
1.0,113.32917861966027,23.17368189289327,2018-10-01-06-00-32
1.0,113.3346675705101,23.173671581867136,2018-10-01-06-00-32
1.0,113.33491707555822,23.173671119003526,2018-10-01-06-00-32
1.0,113.33666363234806,23.17366789656194,2018-10-01-06-00-32
1.0,113.3371626558661,23.173666981888754,2018-10-01-06-00-32
1.0,113.32892911091797,23.173932271515998,2018-10-01-06-00-32
1.0,113.33466755345654,23.173921487119483,2018-10-01-06-00-32
1.0,113.3379111805496,23.17391552051623,2018-10-01-06-00-32
1.0,113.32867958556695,23.174432555819102,2018-10-01-06-00-32
1.0,113.32917856856464,23.17443160877123,2018-10-01-06-00-32
1.0,113.33566554402077,23.174419449961892,2018-10-01-06-00-32
1.0,113.32843007765466,23.174682935165503,2018-10-01-06-00-32
1.0,113.32867956853674,23.174682461190724,2018-10-01-06-00-32
1.0,113.33566552696279,23.174669355332348,2018-10-01-06-00-32
1.0,113.32768159028443,23.174934264156008,2018-10-01-06-00-32
1.0,113.33666354703954,23.174917423216268,2018-10-01-06-00-32
1.0,113.33716257054789,23.174916508542662,2018-10-01-06-00-32
1.0,113.33516647901034,23.175170088849423,2018-10-01-06-00-32
1.0,113.32718257779263,23.175435025405893,2018-10-01-06-00-32
1.0,113.32768155623125,23.17543407509747,2018-10-01-06-00-32
1.0,113.32793104597253,23.175433600307507,2018-10-01-06-00-32
1.0,113.33317043567426,23.175423708649106,2018-10-01-06-00-32
1.0,113.33416844321513,23.17542184695389,2018-10-01-06-00-32
1.0,113.32643409552172,23.175686358034756,2018-10-01-06-00-32
1.0,113.32768153920442,23.175683980627717,2018-10-01-06-00-32
2.0,113.32568561582568,23.17593769236977,2018-10-01-06-00-32
1.0,113.33566544167036,23.17591888277873,2018-10-01-06-00-32
1.0,113.33691299011726,23.175916587564085,2018-10-01-06-00-32
1.0,113.33791102694629,23.176164669560677,2018-10-01-06-00-32
1.0,113.33791100987843,23.17641457520863,2018-10-01-06-00-32
1.0,113.3316733412361,23.176925950272864,2018-10-01-06-00-32
1.0,113.33466733174492,23.177170259002498,2018-10-01-06-00-32
1.0,113.33641388298324,23.17716703207042,2018-10-01-06-00-32
1.0,113.3379109586738,23.177164292392163,2018-10-01-06-00-32
1.0,113.33017633541564,23.177428585705517,2018-10-01-06-00-32
1.0,113.33192280434217,23.177425292692305,2018-10-01-06-00-32
1.0,113.33416830678826,23.177421092303245,2018-10-01-06-00-32
1.0,113.33591484738571,23.177417856654657,2018-10-01-06-00-32
1.0,113.33691288773169,23.177416021812594,2018-10-01-06-00-32
1.0,113.32743191360399,23.1776837013425,2018-10-01-06-00-32
1.0,113.33092480187125,23.177677077793255,2018-10-01-06-00-32
1.0,113.33641383179452,23.177916749615367,2018-10-01-06-00-32
1.0,113.3309247677883,23.178176889612278,2018-10-01-06-00-32
1.0,113.33142375939063,23.17817594912168,2018-10-01-06-00-32
1.0,113.337162348701,23.17816528249141,2018-10-01-06-00-32
1.0,113.32743186252151,23.178433419133174,2018-10-01-06-00-32
1.0,113.33142374234691,23.17842585509151,2018-10-01-06-00-32
1.0,113.33666330815342,23.17841610313506,2018-10-01-06-00-32
1.0,113.33741184465671,23.178414732187836,2018-10-01-06-00-32
1.0,113.32718235645702,23.178683800416056,2018-10-01-06-00-32
1.0,113.33641378060429,23.178666467522415,2018-10-01-06-00-32
1.0,113.33666329108888,23.178666009144358,2018-10-01-06-00-32
1.0,113.3371623145682,23.178665094469494,2018-10-01-06-00-32
1.0,113.33791085626007,23.178663727842647,2018-10-01-06-00-32
1.0,113.32718233943004,23.17893370646733,2018-10-01-06-00-32
1.0,113.3369127853401,23.178915457505646,2018-10-01-06-00-32
1.0,113.32718232240289,23.179183612559047,2018-10-01-06-00-32
1.0,113.32743181143753,23.17918313728692,2018-10-01-06-00-32
1.0,113.33117419514764,23.179176043278776,2018-10-01-06-00-32
1.0,113.33491670031952,23.179169043732216,2018-10-01-06-00-32
1.0,113.33566521989052,23.179167658813107,2018-10-01-06-00-32
1.0,113.32768128378189,23.17943256838152,2018-10-01-06-00-32
1.0,113.33267116306737,23.17942313592708,2018-10-01-06-00-32
1.0,113.33317016287295,23.17942220191856,2018-10-01-06-00-32
1.0,113.33391866746464,23.17942080482455,2018-10-01-06-00-32
1.0,113.33566520282935,23.17941756494392,2018-10-01-06-00-32
1.0,113.33641372941256,23.179416185793013,2018-10-01-06-00-32
1.0,113.33766129027595,23.179413900920654,2018-10-01-06-00-32
1.0,113.32768126675239,23.17968247455422,2018-10-01-06-00-32
1.0,113.32793075647652,23.179681999763556,2018-10-01-06-00-32
1.0,113.33067517053681,23.17967679690103,2018-10-01-06-00-32
1.0,113.3319226509293,23.179674446784723,2018-10-01-06-00-32
1.0,113.33292064560298,23.179672574841586,2018-10-01-06-00-32
1.0,113.33341964668661,23.179671641857507,2018-10-01-06-00-32
1.0,113.3379107879809,23.17966335228348,2018-10-01-06-00-32
1.0,113.32543585646698,23.17993666351303,2018-10-01-06-00-32
1.0,113.32718227132044,23.179933331077436,2018-10-01-06-00-32
1.0,113.33192263388258,23.179924352997322,2018-10-01-06-00-32
1.0,113.3336691311581,23.179921082367674,2018-10-01-06-00-32
1.0,113.33741174224953,23.179914168849855,2018-10-01-06-00-32
1.0,113.33766125613762,23.17991371330332,2018-10-01-06-00-32
1.0,113.32518635264566,23.180187046471254,2018-10-01-06-00-32
1.0,113.33142362303622,23.180175198012886,2018-10-01-06-00-32
1.0,113.33192261683571,23.18017425925058,2018-10-01-06-00-32
1.0,113.33317011171795,23.180171920555786,2018-10-01-06-00-32
1.0,113.33591465970592,23.1801668232056,2018-10-01-06-00-32
1.0,113.33691270000918,23.180164988361692,2018-10-01-06-00-32
1.0,113.33741172518107,23.1801640751022,2018-10-01-06-00-32
1.0,113.33341959552814,23.180421360616595,2018-10-01-06-00-32
1.0,113.33791073676977,23.180413071040313,2018-10-01-06-00-32
1.0,113.33242157885698,23.180673134944378,2018-10-01-06-00-32
1.0,113.33391858219068,23.180670336089456,2018-10-01-06-00-32
1.0,113.33691266587564,23.180664800988744,2018-10-01-06-00-32
1.0,113.33791071969905,23.180662977374052,2018-10-01-06-00-32
1.0,113.33341956142165,23.18092117332641,2018-10-01-06-00-32
1.0,113.33766118785896,23.180913338557033,2018-10-01-06-00-32
1.0,113.33791070262818,23.180912883748622,2018-10-01-06-00-32
1.0,113.34414958130178,23.170905565079973,2018-10-01-06-00-32
1.0,113.3406560932956,23.17116161421058,2018-10-01-06-00-32
1.0,113.34090561974224,23.1711611692052,2018-10-01-06-00-32
1.0,113.34414956421398,23.171155469901205,2018-10-01-06-00-32
1.0,113.34514774120247,23.171153750728255,2018-10-01-06-00-32
1.0,113.34639549115765,23.171151626501977,2018-10-01-06-00-32
1.0,113.34714415705203,23.17115036571832,2018-10-01-06-00-32
1.0,113.34489817798793,23.171404083767023,2018-10-01-06-00-32
1.0,113.34240276685836,23.171658328142232,2018-10-01-06-00-32
1.0,113.3349171949354,23.17192178333524,2018-10-01-06-00-32
1.0,113.34215321681107,23.171908672537644,2018-10-01-06-00-32
1.0,113.34414951294957,23.171905184597765,2018-10-01-06-00-32
1.0,113.34464859894449,23.171904322866364,2018-10-01-06-00-32
1.0,113.33890936833299,23.172164372974773,2018-10-01-06-00-32
1.0,113.34439903824052,23.172154658178368,2018-10-01-06-00-32
1.0,113.34739364667928,23.172149567489388,2018-10-01-06-00-32
1.0,113.33566568047863,23.17242020841495,2018-10-01-06-00-32
1.0,113.33591518856989,23.17241974804195,2018-10-01-06-00-32
1.0,113.33716274118012,23.172417456217783,2018-10-01-06-00-32
1.0,113.33841031525552,23.172415182243466,2018-10-01-06-00-32
1.0,113.34539720313438,23.172402848332865,2018-10-01-06-00-32
1.0,113.3461458530689,23.172401573773236,2018-10-01-06-00-32
1.0,113.33516664956646,23.17267103612775,2018-10-01-06-00-32
1.0,113.33616468039519,23.17266919337814,2018-10-01-06-00-32
1.0,113.336414190084,23.17266873432357,2018-10-01-06-00-32
1.0,113.33666370059188,23.17266827594652,2018-10-01-06-00-32
1.0,113.33691321193203,23.172667818259164,2018-10-01-06-00-32
1.0,113.34564673471664,23.17265232741125,2018-10-01-06-00-32
1.0,113.34739361247853,23.172649377558617,2018-10-01-06-00-32
1.0,113.33491712672087,23.172921403482295,2018-10-01-06-00-32
1.0,113.33616466333643,23.172919098473294,2018-10-01-06-00-32
1.0,113.33865979865439,23.1729145398744,2018-10-01-06-00-32
1.0,113.34639537148156,23.172900961336648,2018-10-01-06-00-32
1.0,113.34689448070938,23.172900119640627,2018-10-01-06-00-32
1.0,113.34714403735731,23.17289970055208,2018-10-01-06-00-32
1.0,113.33516661545657,23.173170846357543,2018-10-01-06-00-32
1.0,113.33691317780853,23.17316762848837,2018-10-01-06-00-32
1.0,113.33716268999221,23.17316717150279,2018-10-01-06-00-32
1.0,113.33890930005587,23.173163993275438,2018-10-01-06-00-32
1.0,113.33990738357167,23.173162194452345,2018-10-01-06-00-32
1.0,113.33541610494312,23.173420289888412,2018-10-01-06-00-32
1.0,113.3364141389043,23.17341844972642,2018-10-01-06-00-32
1.0,113.33691316074652,23.173417533661762,2018-10-01-06-00-32
1.0,113.34190358248128,23.173408543397713,2018-10-01-06-00-32
1.0,113.34240264728177,23.173407663527968,2018-10-01-06-00-32
1.0,113.34564668343293,23.173402042809396,2018-10-01-06-00-32
1.0,113.34589623340331,23.173401617952145,2018-10-01-06-00-32
1.0,113.34689444651116,23.1733999299448,2018-10-01-06-00-32
1.0,113.33491707555822,23.173671119003526,2018-10-01-06-00-32
1.0,113.33666363234806,23.17366789656194,2018-10-01-06-00-32
1.0,113.3371626558661,23.173666981888754,2018-10-01-06-00-32
1.0,113.33890926591633,23.173663803660812,2018-10-01-06-00-32
1.0,113.33915878533496,23.173663352726656,2018-10-01-06-00-32
1.0,113.33965782707601,23.173662453302903,2018-10-01-06-00-32
1.0,113.34439893570071,23.173654088858804,2018-10-01-06-00-32
1.0,113.34489802416412,23.173653229259774,2018-10-01-06-00-32
1.0,113.34589621630751,23.173651523163272,2018-10-01-06-00-32
1.0,113.34614576758709,23.173651099436565,2018-10-01-06-00-32
1.0,113.34689442941179,23.173649835155757,2018-10-01-06-00-32
1.0,113.3379111805496,23.17391552051623,2018-10-01-06-00-32
1.0,113.33816069624385,23.173915066459404,2018-10-01-06-00-32
1.0,113.33940828864525,23.173912807854887,2018-10-01-06-00-32
1.0,113.34464846221746,23.173903563773777,2018-10-01-06-00-32
1.0,113.34514755318567,23.17390270633103,2018-10-01-06-00-32
1.0,113.34589619921154,23.173901428413718,2018-10-01-06-00-32
1.0,113.34639530309154,23.17390058210239,2018-10-01-06-00-32
1.0,113.34664485702805,23.17390016067156,2018-10-01-06-00-32
1.0,113.34689441231225,23.173899740406025,2018-10-01-06-00-32
1.0,113.34714396895664,23.173899321317307,2018-10-01-06-00-32
1.0,113.33990731527668,23.174161815379687,2018-10-01-06-00-32
1.0,113.3429016653553,23.174156503276397,2018-10-01-06-00-32
1.0,113.34439890151944,23.17415389939958,2018-10-01-06-00-32
1.0,113.34514753609223,23.17415261162098,2018-10-01-06-00-32
1.0,113.34614573339319,23.174150909976742,2018-10-01-06-00-32
1.0,113.33566554402077,23.174419449961892,2018-10-01-06-00-32
1.0,113.3399072982025,23.174411720709955,2018-10-01-06-00-32
1.0,113.34439888442854,23.17440380472908,2018-10-01-06-00-32
1.0,113.34514751899862,23.17440251695035,2018-10-01-06-00-32
1.0,113.345397066383,23.174402089866604,2018-10-01-06-00-32
1.0,113.3468943781127,23.174399551024745,2018-10-01-06-00-32
1.0,113.34714393475531,23.174399131935942,2018-10-01-06-00-32
1.0,113.33566552696279,23.174669355332348,2018-10-01-06-00-32
1.0,113.33816064504137,23.17466478245114,2018-10-01-06-00-32
1.0,113.33965775878347,23.174662074545385,2018-10-01-06-00-32
1.0,113.34340070513474,23.17465544193044,2018-10-01-06-00-32
1.0,113.34489795579364,23.17465285049869,2018-10-01-06-00-32
1.0,113.34589614792262,23.1746511444015,2018-10-01-06-00-32
1.0,113.34614569919862,23.17465072067462,2018-10-01-06-00-32
1.0,113.34639525179726,23.174650298089915,2018-10-01-06-00-32
1.0,113.34664480573112,23.174649876658957,2018-10-01-06-00-32
1.0,113.34689436101266,23.174649456393293,2018-10-01-06-00-32
1.0,113.33666354703954,23.174917423216268,2018-10-01-06-00-32
1.0,113.33716257054789,23.174916508542662,2018-10-01-06-00-32
1.0,113.33865966210112,23.174913782046392,2018-10-01-06-00-32
1.0,113.33990726405366,23.174911531488977,2018-10-01-06-00-32
1.0,113.34290161409862,23.17490621938416,2018-10-01-06-00-32
1.0,113.34414930787685,23.174904046903105,2018-10-01-06-00-32
1.0,113.3448979387006,23.174902755907116,2018-10-01-06-00-32
1.0,113.3451474848109,23.174902327727587,2018-10-01-06-00-32
1.0,113.34539703219347,23.174901900643754,2018-10-01-06-00-32
1.0,113.34564658086097,23.174901474667266,2018-10-01-06-00-32
1.0,113.34614568210108,23.174900626082835,2018-10-01-06-00-32
1.0,113.3471439005533,23.17489894271249,2018-10-01-06-00-32
1.0,113.33516647901034,23.175170088849423,2018-10-01-06-00-32
1.0,113.34564656376506,23.175151380115157,2018-10-01-06-00-32
1.0,113.34789256165774,23.175147598069177,2018-10-01-06-00-32
1.0,113.33890914642261,23.17541314125096,2018-10-01-06-00-32
1.0,113.33915866583457,23.17541269031651,2018-10-01-06-00-32
1.0,113.34190344582714,23.17540778619612,2018-10-01-06-00-32
1.0,113.34215297766035,23.175407345783682,2018-10-01-06-00-32
1.0,113.34240251061277,23.175406906325694,2018-10-01-06-00-32
1.0,113.34265204469726,23.175406467834023,2018-10-01-06-00-32
1.0,113.34489790451403,23.17540256684279,2018-10-01-06-00-32
1.0,113.34539699800328,23.175401711579255,2018-10-01-06-00-32
1.0,113.34614564790552,23.17540043701808,2018-10-01-06-00-32
1.0,113.33865961089089,23.175663498512606,2018-10-01-06-00-32
1.0,113.33990721282916,23.175661247954555,2018-10-01-06-00-32
1.0,113.34115483983422,23.17565901856919,2018-10-01-06-00-32
1.0,113.3414043683862,23.175658575364736,2018-10-01-06-00-32
1.0,113.3421529605769,23.175657251311506,2018-10-01-06-00-32
1.0,113.34464834257254,23.175652901633832,2018-10-01-06-00-32
1.0,113.33566544167036,23.17591888277873,2018-10-01-06-00-32
1.0,113.33691299011726,23.175916587564085,2018-10-01-06-00-32
1.0,113.33865959382048,23.17591340408077,2018-10-01-06-00-32
1.0,113.3391586316901,23.17591250141292,2018-10-01-06-00-32
1.0,113.339907195754,23.17591115352251,2018-10-01-06-00-32
1.0,113.34564651247632,23.175901096696883,2018-10-01-06-00-32
1.0,113.33791102694629,23.176164669560677,2018-10-01-06-00-32
1.0,113.3389090952085,23.17616285795538,2018-10-01-06-00-32
1.0,113.33990717867866,23.176161059130262,2018-10-01-06-00-32
1.0,113.34015670202038,23.176160611511257,2018-10-01-06-00-32
1.0,113.34464830838675,23.176152712807927,2018-10-01-06-00-32
1.0,113.33791100987843,23.17641457520863,2018-10-01-06-00-32
1.0,113.33816052556307,23.176414121151385,2018-10-01-06-00-32
1.0,113.34065573468563,23.176409624509546,2018-10-01-06-00-32
1.0,113.34464829129362,23.176402618454734,2018-10-01-06-00-32
1.0,113.33816050849407,23.176664026839205,2018-10-01-06-00-32
1.0,113.33841002508899,23.17666357354444,2018-10-01-06-00-32
1.0,113.33865954260824,23.176663121024298,2018-10-01-06-00-32
1.0,113.33890906106494,23.17666266929086,2018-10-01-06-00-32
1.0,113.33915858047213,23.1766622183562,2018-10-01-06-00-32
1.0,113.33990714452747,23.176660870465405,2018-10-01-06-00-32
1.0,113.3401566678673,23.176660422846314,2018-10-01-06-00-32
1.0,113.34090524403308,23.176659085190636,2018-10-01-06-00-32
1.0,113.34115477151369,23.176658641079197,2018-10-01-06-00-32
1.0,113.34140430006191,23.176658197874573,2018-10-01-06-00-32
1.0,113.34564646118606,23.176650813636844,2018-10-01-06-00-32
1.0,113.3381604914249,23.17691393256699,2018-10-01-06-00-32
1.0,113.33841000801887,23.176913479272184,2018-10-01-06-00-32
1.0,113.33865952553715,23.176913026751997,2018-10-01-06-00-32
1.0,113.33965760511548,23.176911224658962,2018-10-01-06-00-32
1.0,113.34539689542868,23.17690114534018,2018-10-01-06-00-32
1.0,113.33641388298324,23.17716703207042,2018-10-01-06-00-32
1.0,113.3379109586738,23.177164292392163,2018-10-01-06-00-32
1.0,113.33840999094858,23.177163385039947,2018-10-01-06-00-32
1.0,113.33890902692069,23.177162480786198,2018-10-01-06-00-32
1.0,113.33915854632599,23.177162029851452,2018-10-01-06-00-32
1.0,113.33940806669489,23.177161579727542,2018-10-01-06-00-32
1.0,113.34015663371358,23.17716023434123,2018-10-01-06-00-32
1.0,113.34115473735241,23.17715845257377,2018-10-01-06-00-32
1.0,113.33591484738571,23.177417856654657,2018-10-01-06-00-32
1.0,113.33691288773169,23.177416021812594,2018-10-01-06-00-32
1.0,113.33890900984832,23.177412386593947,2018-10-01-06-00-32
1.0,113.33965757096519,23.17741103623414,2018-10-01-06-00-32
1.0,113.3453968612358,23.177400956913406,2018-10-01-06-00-32
1.0,113.34564640989431,23.177400530936488,2018-10-01-06-00-32
1.0,113.34664461762941,23.17739883833459,2018-10-01-06-00-32
1.0,113.33890899277579,23.177662292441823,2018-10-01-06-00-32
1.0,113.33915851217917,23.177661841506993,2018-10-01-06-00-32
1.0,113.34190329207846,23.177656937382416,2018-10-01-06-00-32
1.0,113.33641383179452,23.177916749615367,2018-10-01-06-00-32
1.0,113.33816042314658,23.177913555878856,2018-10-01-06-00-32
1.0,113.3384099397367,23.177913102583883,2018-10-01-06-00-32
1.0,113.34040610683253,23.17790950512392,2018-10-01-06-00-32
1.0,113.34190327499442,23.17790684326997,2018-10-01-06-00-32
1.0,113.34664458342692,23.177898650067885,2018-10-01-06-00-32
1.0,113.34689413869692,23.177898229801656,2018-10-01-06-00-32
1.0,113.34789237350385,23.17789656061988,2018-10-01-06-00-32
1.0,113.337162348701,23.17816528249141,2018-10-01-06-00-32
1.0,113.34689412159454,23.178148135728588,2018-10-01-06-00-32
1.0,113.34739323622597,23.17814729873801,2018-10-01-06-00-32
1.0,113.33666330815342,23.17841610313506,2018-10-01-06-00-32
1.0,113.33741184465671,23.178414732187836,2018-10-01-06-00-32
1.0,113.33915846095769,23.178411559291792,2018-10-01-06-00-32
1.0,113.34240230558919,23.178405775294376,2018-10-01-06-00-32
1.0,113.33641378060429,23.178666467522415,2018-10-01-06-00-32
1.0,113.33666329108888,23.178666009144358,2018-10-01-06-00-32
1.0,113.3371623145682,23.178665094469494,2018-10-01-06-00-32
1.0,113.33791085626007,23.178663727842647,2018-10-01-06-00-32
1.0,113.34664453212193,23.178648367969714,2018-10-01-06-00-32
1.0,113.3369127853401,23.178915457505646,2018-10-01-06-00-32
1.0,113.33816035486556,23.178913179834467,2018-10-01-06-00-32
1.0,113.34489766518918,23.178901247862548,2018-10-01-06-00-32
1.0,113.33491670031952,23.179169043732216,2018-10-01-06-00-32
1.0,113.33566521989052,23.179167658813107,2018-10-01-06-00-32
1.0,113.34290132361566,23.179154617434136,2018-10-01-06-00-32
1.0,113.33566520282935,23.17941756494392,2018-10-01-06-00-32
1.0,113.33641372941256,23.179416185793013,2018-10-01-06-00-32
1.0,113.33766129027595,23.179413900920654,2018-10-01-06-00-32
1.0,113.33816032072406,23.179412992054743,2018-10-01-06-00-32
1.0,113.33965743435736,23.17941028414419,2018-10-01-06-00-32
1.0,113.33990695668405,23.1794098356777,2018-10-01-06-00-32
1.0,113.3379107879809,23.17966335228348,2018-10-01-06-00-32
1.0,113.33915837558521,23.179661089740662,2018-10-01-06-00-32
1.0,113.34290128943802,23.17965442973387,2018-10-01-06-00-32
1.0,113.33741174224953,23.179914168849855,2018-10-01-06-00-32
1.0,113.33766125613762,23.17991371330332,2018-10-01-06-00-32
1.0,113.33840980316434,23.179912351141933,2018-10-01-06-00-32
1.0,113.33591465970592,23.1801668232056,2018-10-01-06-00-32
1.0,113.33691270000918,23.180164988361692,2018-10-01-06-00-32
1.0,113.33741172518107,23.1801640751022,2018-10-01-06-00-32
1.0,113.33816026951055,23.180162710689462,2018-10-01-06-00-32
1.0,113.33890882204122,23.180161353139347,2018-10-01-06-00-32
1.0,113.33915834143507,23.180160902204097,2018-10-01-06-00-32
1.0,113.33791073676977,23.180413071040313,2018-10-01-06-00-32
1.0,113.33816025243904,23.180412616982395,2018-10-01-06-00-32
1.0,113.33840976901958,23.180412163687002,2018-10-01-06-00-32
1.0,113.33865928652448,23.180411711166226,2018-10-01-06-00-32
1.0,113.33691266587564,23.180664800988744,2018-10-01-06-00-32
1.0,113.33791071969905,23.180662977374052,2018-10-01-06-00-32
1.0,113.33766118785896,23.180913338557033,2018-10-01-06-00-32
1.0,113.33791070262818,23.180912883748622,2018-10-01-06-00-32
1.0,113.33816021829553,23.180912429690622,2018-10-01-06-00-32
1.0,113.33840973487415,23.180911976395144,2018-10-01-06-00-32
1.0,113.33865925237713,23.180911523874283,2018-10-01-06-00-32
1.0,113.3458964214461,23.170652663209218,2018-10-01-06-00-32
1.0,113.34963983534757,23.170646432479323,2018-10-01-06-00-32
1.0,113.35088771272656,23.17064441878189,2018-10-01-06-00-32
1.0,113.35138687448999,23.170643622731745,2018-10-01-06-00-32
1.0,113.35612924002848,23.170636348030143,2018-10-01-06-00-32
1.0,113.34839197826355,23.170898383510817,2018-10-01-06-00-32
1.0,113.34514774120247,23.171153750728255,2018-10-01-06-00-32
1.0,113.34639549115765,23.171151626501977,2018-10-01-06-00-32
1.0,113.34714415705203,23.17115036571832,2018-10-01-06-00-32
1.0,113.35013894750828,23.171145432616978,2018-10-01-06-00-32
1.0,113.3558795920491,23.1711365268756,2018-10-01-06-00-32
1.0,113.34489817798793,23.171404083767023,2018-10-01-06-00-32
1.0,113.34864150913269,23.171397781404064,2018-10-01-06-00-32
1.0,113.34939021308911,23.171396553631194,2018-10-01-06-00-32
1.0,113.35662842150872,23.171385328764423,2018-10-01-06-00-32
1.0,113.34889105854981,23.17164727577244,2018-10-01-06-00-32
1.0,113.35188597411664,23.17164245156031,2018-10-01-06-00-32
1.0,113.35213556055766,23.171642058394042,2018-10-01-06-00-32
1.0,113.34464859894449,23.171904322866364,2018-10-01-06-00-32
1.0,113.35063804863164,23.17189434314444,2018-10-01-06-00-32
1.0,113.34739364667928,23.172149567489388,2018-10-01-06-00-32
1.0,113.34539720313438,23.172402848332865,2018-10-01-06-00-32
1.0,113.3461458530689,23.172401573773236,2018-10-01-06-00-32
1.0,113.35138675469527,23.17239295701557,2018-10-01-06-00-32
1.0,113.3528842782719,23.172390602345832,2018-10-01-06-00-32
1.0,113.34564673471664,23.17265232741125,2018-10-01-06-00-32
1.0,113.34739361247853,23.172649377558617,2018-10-01-06-00-32
1.0,113.34639537148156,23.172900961336648,2018-10-01-06-00-32
1.0,113.34689448070938,23.172900119640627,2018-10-01-06-00-32
1.0,113.34714403735731,23.17289970055208,2018-10-01-06-00-32
1.0,113.3498892366956,23.17314507665476,2018-10-01-06-00-32
1.0,113.3501388106304,23.173144672579014,2018-10-01-06-00-32
1.0,113.34564668343293,23.173402042809396,2018-10-01-06-00-32
1.0,113.34589623340331,23.173401617952145,2018-10-01-06-00-32
1.0,113.34689444651116,23.1733999299448,2018-10-01-06-00-32
1.0,113.34988921958596,23.17339498182593,2018-10-01-06-00-32
1.0,113.35163626947511,23.173392181503637,2018-10-01-06-00-32
1.0,113.34489802416412,23.173653229259774,2018-10-01-06-00-32
1.0,113.34589621630751,23.173651523163272,2018-10-01-06-00-32
1.0,113.34614576758709,23.173651099436565,2018-10-01-06-00-32
1.0,113.34689442941179,23.173649835155757,2018-10-01-06-00-32
1.0,113.35038835186273,23.17364408020932,2018-10-01-06-00-32
1.0,113.35063792884868,23.17364367879393,2018-10-01-06-00-32
1.0,113.35088750737927,23.173643278725542,2018-10-01-06-00-32
1.0,113.34464846221746,23.173903563773777,2018-10-01-06-00-32
1.0,113.34514755318567,23.17390270633103,2018-10-01-06-00-32
1.0,113.34589619921154,23.173901428413718,2018-10-01-06-00-32
1.0,113.34639530309154,23.17390058210239,2018-10-01-06-00-32
1.0,113.34664485702805,23.17390016067156,2018-10-01-06-00-32
1.0,113.34689441231225,23.173899740406025,2018-10-01-06-00-32
1.0,113.34714396895664,23.173899321317307,2018-10-01-06-00-32
1.0,113.35113707035234,23.173892785264833,2018-10-01-06-00-32
1.0,113.35163623524352,23.17389199196321,2018-10-01-06-00-32
1.0,113.34514753609223,23.17415261162098,2018-10-01-06-00-32
1.0,113.34614573339319,23.174150909976742,2018-10-01-06-00-32
1.0,113.34514751899862,23.17440251695035,2018-10-01-06-00-32
1.0,113.345397066383,23.174402089866604,2018-10-01-06-00-32
1.0,113.3468943781127,23.174399551024745,2018-10-01-06-00-32
1.0,113.34714393475531,23.174399131935942,2018-10-01-06-00-32
1.0,113.35113703612342,23.174392595882075,2018-10-01-06-00-32
1.0,113.34489795579364,23.17465285049869,2018-10-01-06-00-32
1.0,113.34589614792262,23.1746511444015,2018-10-01-06-00-32
1.0,113.34614569919862,23.17465072067462,2018-10-01-06-00-32
1.0,113.34639525179726,23.174650298089915,2018-10-01-06-00-32
1.0,113.34664480573112,23.174649876658957,2018-10-01-06-00-32
1.0,113.34689436101266,23.174649456393293,2018-10-01-06-00-32
1.0,113.34864128676553,23.174646548127324,2018-10-01-06-00-32
1.0,113.3448979387006,23.174902755907116,2018-10-01-06-00-32
1.0,113.3451474848109,23.174902327727587,2018-10-01-06-00-32
1.0,113.34539703219347,23.174901900643754,2018-10-01-06-00-32
1.0,113.34564658086097,23.174901474667266,2018-10-01-06-00-32
1.0,113.34614568210108,23.174900626082835,2018-10-01-06-00-32
1.0,113.3471439005533,23.17489894271249,2018-10-01-06-00-32
1.0,113.34564656376506,23.175151380115157,2018-10-01-06-00-32
1.0,113.34789256165774,23.175147598069177,2018-10-01-06-00-32
1.0,113.34489790451403,23.17540256684279,2018-10-01-06-00-32
1.0,113.34539699800328,23.175401711579255,2018-10-01-06-00-32
1.0,113.34614564790552,23.17540043701808,2018-10-01-06-00-32
1.0,113.34464834257254,23.175652901633832,2018-10-01-06-00-32
1.0,113.34564651247632,23.175901096696883,2018-10-01-06-00-32
1.0,113.34464830838675,23.176152712807927,2018-10-01-06-00-32
1.0,113.34464829129362,23.176402618454734,2018-10-01-06-00-32
1.0,113.34564646118606,23.176650813636844,2018-10-01-06-00-32
1.0,113.34539689542868,23.17690114534018,2018-10-01-06-00-32
1.0,113.35088726777691,23.177141955822115,2018-10-01-06-00-32
1.0,113.3453968612358,23.177400956913406,2018-10-01-06-00-32
1.0,113.34564640989431,23.177400530936488,2018-10-01-06-00-32
1.0,113.34664461762941,23.17739883833459,2018-10-01-06-00-32
1.0,113.34664458342692,23.177898650067885,2018-10-01-06-00-32
1.0,113.34689413869692,23.177898229801656,2018-10-01-06-00-32
1.0,113.34789237350385,23.17789656061988,2018-10-01-06-00-32
1.0,113.34689412159454,23.178148135728588,2018-10-01-06-00-32
1.0,113.34739323622597,23.17814729873801,2018-10-01-06-00-32
1.0,113.34664453212193,23.178648367969714,2018-10-01-06-00-32
1.0,113.34489766518918,23.178901247862548,2018-10-01-06-00-32
