count,wgs_lng,wgs_lat,time
1.0,113.32893115341308,23.143943906465978,2018-10-05-05-00-34
1.0,113.33017861702983,23.143941542978407,2018-10-05-05-00-34
1.0,113.33117659659607,23.143939658784046,2018-10-05-05-00-34
1.0,113.33292308213228,23.14393637808479,2018-10-05-05-00-34
1.0,113.33417059052954,23.143934049665283,2018-10-05-05-00-34
1.0,113.33641615083957,23.143929895291038,2018-10-05-05-00-34
1.0,113.33716468520706,23.1439285222556,2018-10-05-05-00-34
1.0,113.32618675100136,23.14419903209564,2018-10-05-05-00-34
1.0,113.32718470458337,23.144197128931694,2018-10-05-05-00-34
1.0,113.32468981152583,23.144451792771385,2018-10-05-05-00-34
1.0,113.33716465112002,23.14442832420675,2018-10-05-05-00-34
1.0,113.32618671700126,23.144698834116067,2018-10-05-05-00-34
1.0,113.32943008646882,23.14469266303795,2018-10-05-05-00-34
1.0,113.32468977753754,23.144951594858032,2018-10-05-05-00-34
1.0,113.32643618795198,23.14494825909442,2018-10-05-05-00-34
1.0,113.33417052240154,23.144933653700935,2018-10-05-05-00-34
1.0,113.334420026123,23.144933189670333,2018-10-05-05-00-34
1.0,113.33516854161849,23.144931801106146,2018-10-05-05-00-34
1.0,113.33641608267644,23.144929499325183,2018-10-05-05-00-34
1.0,113.33741413018363,23.144927670022422,2018-10-05-05-00-34
1.0,113.33092699881244,23.145439535487807,2018-10-05-05-00-34
1.0,113.33591702981033,23.145430220305077,2018-10-05-05-00-34
1.0,113.3254381867334,23.145699867783097,2018-10-05-05-00-34
1.0,113.3331724632939,23.145685218748824,2018-10-05-05-00-34
1.0,113.33392096828496,23.14568382167169,2018-10-05-05-00-34
1.0,113.32943000140021,23.14594216866293,2018-10-05-05-00-34
1.0,113.32992898726364,23.145941223588377,2018-10-05-05-00-34
1.0,113.33042797501874,23.145940279946615,2018-10-05-05-00-34
1.0,113.33067746963908,23.145939808693903,2018-10-05-05-00-34
1.0,113.33142595663196,23.145938397356545,2018-10-05-05-00-34
1.0,113.3356674875365,23.1459304830206,2018-10-05-05-00-34
1.0,113.32992897024742,23.146191124812592,2018-10-05-05-00-34
1.0,113.32518864880169,23.146450048156336,2018-10-05-05-00-34
1.0,113.32918047511778,23.14644244418853,2018-10-05-05-00-34
1.0,113.32967946007153,23.14644149843447,2018-10-05-05-00-34
1.0,113.33541794604518,23.146430746509925,2018-10-05-05-00-34
1.0,113.32493914508628,23.14670042626953,2018-10-05-05-00-34
1.0,113.32893094927148,23.146942720168585,2018-10-05-05-00-34
1.0,113.33516837124762,23.14743081350796,2018-10-05-05-00-34
1.0,113.33741395972545,23.147426682420466,2018-10-05-05-00-34
1.0,113.32918039004836,23.14769195097683,2018-10-05-05-00-34
1.0,113.33616635134385,23.148178675146244,2018-10-05-05-00-34
1.0,113.3371643783997,23.148426744582324,2018-10-05-05-00-34
1.0,113.33192476342865,23.148686373905377,2018-10-05-05-00-34
1.0,113.33566730009883,23.148679398313472,2018-10-05-05-00-34
1.0,113.3364158270409,23.14867801917801,2018-10-05-05-00-34
1.0,113.33666533764182,23.148677560804984,2018-10-05-05-00-34
1.0,113.33691484907489,23.148677103121653,2018-10-05-05-00-34
1.0,113.32967928990848,23.148940512849503,2018-10-05-05-00-34
1.0,113.33017827668034,23.148939568477996,2018-10-05-05-00-34
1.0,113.33142575235443,23.14893721424983,2018-10-05-05-00-34
1.0,113.32992876603973,23.14918994211137,2018-10-05-05-00-34
1.0,113.33242372574206,23.149185240199852,2018-10-05-05-00-34
1.0,113.3279328159589,23.149443631683155,2018-10-05-05-00-34
1.0,113.33117622212016,23.149437487567244,2018-10-05-05-00-34
1.0,113.33342170882631,23.14943327388758,2018-10-05-05-00-34
1.0,113.32593688930382,23.149697337885982,2018-10-05-05-00-34
1.0,113.33092670945172,23.14968785971215,2018-10-05-05-00-34
1.0,113.33242369168521,23.14968504355424,2018-10-05-05-00-34
1.0,113.32593687230121,23.14994723961526,2018-10-05-05-00-34
1.0,113.3311761880729,23.149937290990035,2018-10-05-05-00-34
1.0,113.33142568425659,23.149936820959386,2018-10-05-05-00-34
1.0,113.33317217377855,23.149933543537504,2018-10-05-05-00-34
1.0,113.33192466126995,23.15018578396949,2018-10-05-05-00-34
1.0,113.33292265641161,23.150183912045982,2018-10-05-05-00-34
1.0,113.32668530209521,23.15044561494222,2018-10-05-05-00-34
1.0,113.33541767341215,23.15042917117995,2018-10-05-05-00-34
1.0,113.32967917078443,23.150689824950863,2018-10-05-05-00-34
1.0,113.32568731689291,23.15094732328901,2018-10-05-05-00-34
1.0,113.32643577987061,23.150945894536598,2018-10-05-05-00-34
1.0,113.33491862682357,23.15092989876899,2018-10-05-05-00-34
1.0,113.33741372105597,23.150925305420667,2018-10-05-05-00-34
1.0,113.33142559913054,23.151186330113475,2018-10-05-05-00-34
1.0,113.32967911972877,23.151439530649718,2018-10-05-05-00-34
1.0,113.32768317302114,23.151693222952954,2018-10-05-05-00-34
1.0,113.33292255422315,23.151683323337885,2018-10-05-05-00-34
1.0,113.32992857882829,23.15193886225558,2018-10-05-05-00-34
1.0,113.32493875412307,23.152448165292608,2018-10-05-05-00-34
1.0,113.32593670226589,23.152446258791493,2018-10-05-05-00-34
1.0,113.32868108357205,23.15244103152688,2018-10-05-05-00-34
1.0,113.3314254629202,23.153185546549533,2018-10-05-05-00-34
1.0,113.32942945686251,23.15393902460282,2018-10-05-05-00-34
1.0,113.33017793626423,23.15393760751813,2018-10-05-05-00-34
1.0,113.33042743035296,23.153937135881197,2018-10-05-05-00-34
1.0,113.33641615083957,23.143929895291038,2018-10-05-05-00-34
1.0,113.33716468520706,23.1439285222556,2018-10-05-05-00-34
1.0,113.34190557982471,23.144169890030145,2018-10-05-05-00-34
1.0,113.33716465112002,23.14442832420675,2018-10-05-05-00-34
1.0,113.34614776676425,23.144412441933333,2018-10-05-05-00-34
1.0,113.334420026123,23.144933189670333,2018-10-05-05-00-34
1.0,113.33516854161849,23.144931801106146,2018-10-05-05-00-34
1.0,113.33641608267644,23.144929499325183,2018-10-05-05-00-34
1.0,113.33741413018363,23.144927670022422,2018-10-05-05-00-34
1.0,113.33916074738322,23.14492449716583,2018-10-05-05-00-34
1.0,113.347395509607,23.144910142767724,2018-10-05-05-00-34
1.0,113.33591702981033,23.145430220305077,2018-10-05-05-00-34
1.0,113.3394102337692,23.145423849260897,2018-10-05-05-00-34
1.0,113.34015880114883,23.145422503890668,2018-10-05-05-00-34
1.0,113.34315316555697,23.145417202941292,2018-10-05-05-00-34
1.0,113.33841214048917,23.1456755557084,2018-10-05-05-00-34
1.0,113.3356674875365,23.1459304830206,2018-10-05-05-00-34
1.0,113.33541794604518,23.146430746509925,2018-10-05-05-00-34
1.0,113.33516837124762,23.14743081350796,2018-10-05-05-00-34
1.0,113.33741395972545,23.147426682420466,2018-10-05-05-00-34
1.0,113.34165582717945,23.147419046842895,2018-10-05-05-00-34
1.0,113.33616635134385,23.148178675146244,2018-10-05-05-00-34
1.0,113.3371643783997,23.148426744582324,2018-10-05-05-00-34
1.0,113.33841195293653,23.14842447062817,2018-10-05-05-00-34
1.0,113.33566730009883,23.148679398313472,2018-10-05-05-00-34
1.0,113.3364158270409,23.14867801917801,2018-10-05-05-00-34
1.0,113.33666533764182,23.148677560804984,2018-10-05-05-00-34
1.0,113.33691484907489,23.148677103121653,2018-10-05-05-00-34
1.0,113.33990903890637,23.1489215707263,2018-10-05-05-00-34
1.0,113.34415101607964,23.149913692916492,2018-10-05-05-00-34
1.0,113.34564828960644,23.149911120706356,2018-10-05-05-00-34
1.0,113.34415099900589,23.150163594676783,2018-10-05-05-00-34
1.0,113.33541767341215,23.15042917117995,2018-10-05-05-00-34
1.0,113.33940987562006,23.15067178057386,2018-10-05-05-00-34
1.0,113.34240420113797,23.150666446756958,2018-10-05-05-00-34
1.0,113.33491862682357,23.15092989876899,2018-10-05-05-00-34
1.0,113.33741372105597,23.150925305420667,2018-10-05-05-00-34
1.0,113.3446500339313,23.150912438438475,2018-10-05-05-00-34
1.0,113.34315275590106,23.15141483993297,2018-10-05-05-00-34
1.0,113.34464994854848,23.152161948268013,2018-10-05-05-00-34
1.0,113.35538223573559,23.143897861159015,2018-10-05-05-00-34
1.0,113.35613107179327,23.14389674871998,2018-10-05-05-00-34
1.0,113.34614776676425,23.144412441933333,2018-10-05-05-00-34
1.0,113.347395509607,23.144910142767724,2018-10-05-05-00-34
1.0,113.35663021926769,23.145145520114085,2018-10-05-05-00-34
1.0,113.35638044783211,23.147394997450547,2018-10-05-05-00-34
1.0,113.349391837466,23.147655757556546,2018-10-05-05-00-34
1.0,113.35538194487575,23.148146181908103,2018-10-05-05-00-34
1.0,113.35014041826771,23.149653753995153,2018-10-05-05-00-34
1.0,113.3541338174254,23.149647476554396,2018-10-05-05-00-34
1.0,113.34415101607964,23.149913692916492,2018-10-05-05-00-34
1.0,113.34564828960644,23.149911120706356,2018-10-05-05-00-34
1.0,113.34415099900589,23.150163594676783,2018-10-05-05-00-34
1.0,113.35613064398291,23.150144282581365,2018-10-05-05-00-34
1.0,113.35638024245874,23.15039381671757,2018-10-05-05-00-34
1.0,113.3446500339313,23.150912438438475,2018-10-05-05-00-34
1.0,113.35588097885312,23.150894357303272,2018-10-05-05-00-34
1.0,113.34864287692253,23.151405510696232,2018-10-05-05-00-34
1.0,113.34464994854848,23.152161948268013,2018-10-05-05-00-34
1.0,113.34989067330652,23.152153176859255,2018-10-05-05-00-34
1.0,113.34939144433457,23.15340349962233,2018-10-05-05-00-34
1.0,113.3314254629202,23.153185546549533,2018-10-05-05-00-34
1.0,113.32942945686251,23.15393902460282,2018-10-05-05-00-34
1.0,113.33017793626423,23.15393760751813,2018-10-05-05-00-34
1.0,113.33042743035296,23.153937135881197,2018-10-05-05-00-34
1.0,113.32917994762025,23.154189399963514,2018-10-05-05-00-34
1.0,113.3354174177799,23.154177702252667,2018-10-05-05-00-34
1.0,113.32843143946364,23.154690625712796,2018-10-05-05-00-34
1.0,113.33691443993344,23.15467475077926,2018-10-05-05-00-34
1.0,113.33192433772786,23.154933924003494,2018-10-05-05-00-34
1.0,113.3274334113564,23.1556921342118,2018-10-05-05-00-34
1.0,113.32843137139851,23.155690235608404,2018-10-05-05-00-34
1.0,113.32967883038503,23.155687868837983,2018-10-05-05-00-34
1.0,113.32668491091172,23.15619336583117,2018-10-05-05-00-34
1.0,113.3351677748182,23.15617738367539,2018-10-05-05-00-34
1.0,113.32743334330472,23.156691744673893,2018-10-05-05-00-34
1.0,113.3276828327692,23.156691269640078,2018-10-05-05-00-34
1.0,113.3281818127688,23.156690320325684,2018-10-05-05-00-34
1.0,113.32768279874035,23.157191075084338,2018-10-05-05-00-34
1.0,113.337163781675,23.157173319583265,2018-10-05-05-00-34
1.0,113.33192416741836,23.15743295015321,2018-10-05-05-00-34
1.0,113.32893021756722,23.157688509453134,2018-10-05-05-00-34
1.0,113.3254373366331,23.158194969114817,2018-10-05-05-00-34
1.0,113.32618579874698,23.158193539877598,2018-10-05-05-00-34
1.0,113.3366646898269,23.158173845562263,2018-10-05-05-00-34
1.0,113.32493832906329,23.158695728513514,2018-10-05-05-00-34
1.0,113.32518781573266,23.158695251689856,2018-10-05-05-00-34
1.0,113.32843116718712,23.158689068704405,2018-10-05-05-00-34
1.0,113.33591612648193,23.158675028577726,2018-10-05-05-00-34
1.0,113.33616563541933,23.158674568860164,2018-10-05-05-00-34
1.0,113.33042707282331,23.159185091936216,2018-10-05-05-00-34
1.0,113.33042705579626,23.159434994998993,2018-10-05-05-00-34
1.0,113.33117554104825,23.159433582432186,2018-10-05-05-00-34
1.0,113.33067653333448,23.159684426842972,2018-10-05-05-00-34
1.0,113.33092602841302,23.159683955983215,2018-10-05-05-00-34
1.0,113.33192401412558,23.159682076743273,2018-10-05-05-00-34
1.0,113.33192399709222,23.159931979878245,2018-10-05-05-00-34
1.0,113.32743310510286,23.16019038579845,2018-10-05-05-00-34
1.0,113.32743308808719,23.160440289006843,2018-10-05-05-00-34
1.0,113.32618561163571,23.160942473977073,2018-10-05-05-00-34
1.0,113.3291794880565,23.160936775910162,2018-10-05-05-00-34
1.0,113.3251876456695,23.161194283234543,2018-10-05-05-00-34
1.0,113.32992794896913,23.161185261101856,2018-10-05-05-00-34
1.0,113.32793199926593,23.161438952382905,2018-10-05-05-00-34
1.0,113.32693402512133,23.16169075635688,2018-10-05-05-00-34
1.0,113.32568656862836,23.16194304014277,2018-10-05-05-00-34
1.0,113.32643503147251,23.161941611384904,2018-10-05-05-00-34
1.0,113.33491787693377,23.161925615555184,2018-10-05-05-00-34
1.0,113.33466835479389,23.16217598188011,2018-10-05-05-00-34
1.0,113.33541687230559,23.162174595120053,2018-10-05-05-00-34
1.0,113.3354174177799,23.154177702252667,2018-10-05-05-00-34
1.0,113.33691443993344,23.15467475077926,2018-10-05-05-00-34
1.0,113.34689572848613,23.154657147189727,2018-10-05-05-00-34
1.0,113.34689571139933,23.154907049607665,2018-10-05-05-00-34
1.0,113.34714526811089,23.154906630522227,2018-10-05-05-00-34
1.0,113.3351677748182,23.15617738367539,2018-10-05-05-00-34
1.0,113.34415058918584,23.156161247292726,2018-10-05-05-00-34
1.0,113.3391599628291,23.15641998233614,2018-10-05-05-00-34
1.0,113.34015805053161,23.156418186839925,2018-10-05-05-00-34
1.0,113.34390103089255,23.156411582365426,2018-10-05-05-00-34
1.0,113.3471451484924,23.15665594843611,2018-10-05-05-00-34
1.0,113.337163781675,23.157173319583265,2018-10-05-05-00-34
1.0,113.34415050379454,23.15741076080072,2018-10-05-05-00-34
1.0,113.34415048671576,23.157660663609352,2018-10-05-05-00-34
1.0,113.3366646898269,23.158173845562263,2018-10-05-05-00-34
1.0,113.33591612648193,23.158675028577726,2018-10-05-05-00-34
1.0,113.33616563541933,23.158674568860164,2018-10-05-05-00-34
1.0,113.33491787693377,23.161925615555184,2018-10-05-05-00-34
1.0,113.34614657095081,23.161905596077737,2018-10-05-05-00-34
1.0,113.33466835479389,23.16217598188011,2018-10-05-05-00-34
1.0,113.33541687230559,23.162174595120053,2018-10-05-05-00-34
1.0,113.33915955335617,23.16241765627368,2018-10-05-05-00-34
1.0,113.34115574482861,23.162414079015942,2018-10-05-05-00-34
1.0,113.34939144433457,23.15340349962233,2018-10-05-05-00-34
1.0,113.34689572848613,23.154657147189727,2018-10-05-05-00-34
1.0,113.34689571139933,23.154907049607665,2018-10-05-05-00-34
1.0,113.34714526811089,23.154906630522227,2018-10-05-05-00-34
1.0,113.34864263763671,23.154904141365616,2018-10-05-05-00-34
1.0,113.3471451484924,23.15665594843611,2018-10-05-05-00-34
1.0,113.35288532222386,23.157146465876234,2018-10-05-05-00-34
1.0,113.35088851677088,23.158898936730058,2018-10-05-05-00-34
1.0,113.35263554265107,23.15989578722748,2018-10-05-05-00-34
1.0,113.35288509979463,23.160395204708596,2018-10-05-05-00-34
1.0,113.34939089722164,23.16140038897321,2018-10-05-05-00-34
1.0,113.34614657095081,23.161905596077737,2018-10-05-05-00-34
1.0,113.35138745623318,23.162146882818785,2018-10-05-05-00-34
1.0,113.34764387290262,23.16240288507847,2018-10-05-05-00-34
1.0,113.32568656862836,23.16194304014277,2018-10-05-05-00-34
1.0,113.32643503147251,23.161941611384904,2018-10-05-05-00-34
1.0,113.33491787693377,23.161925615555184,2018-10-05-05-00-34
1.0,113.33466835479389,23.16217598188011,2018-10-05-05-00-34
1.0,113.33541687230559,23.162174595120053,2018-10-05-05-00-34
1.0,113.32618544151707,23.16344150881019,2018-10-05-05-00-34
1.0,113.32718339478794,23.16343960563351,2018-10-05-05-00-34
1.0,113.32768237332346,23.163438655329056,2018-10-05-05-00-34
1.0,113.32793184609329,23.16368808422714,2018-10-05-05-00-34
1.0,113.32568643254564,23.16394226889457,2018-10-05-05-00-34
1.0,113.32643489536552,23.16394084013571,2018-10-05-05-00-34
1.0,113.32518744157174,23.16419312592212,2018-10-05-05-00-34
1.0,113.32593590287708,23.164191696237804,2018-10-05-05-00-34
1.0,113.32818130220559,23.164187417181935,2018-10-05-05-00-34
1.0,113.3379118460075,23.164169244333916,2018-10-05-05-00-34
1.0,113.33591573432561,23.16442280656701,2018-10-05-05-00-34
1.0,113.33491768941084,23.164674555684147,2018-10-05-05-00-34
1.0,113.32743278177671,23.164938553038954,2018-10-05-05-00-34
1.0,113.32543686039527,23.16519226463707,2018-10-05-05-00-34
1.0,113.32643479327828,23.165440263259274,2018-10-05-05-00-34
1.0,113.32643474223241,23.166189975326837,2018-10-05-05-00-34
1.0,113.33491757006756,23.166423883569525,2018-10-05-05-00-34
1.0,113.33516707588373,23.166423421311386,2018-10-05-05-00-34
1.0,113.3346680479423,23.166674250566114,2018-10-05-05-00-34
1.0,113.33491755301785,23.166673787703672,2018-10-05-05-00-34
1.0,113.33516705883305,23.16667332544549,2018-10-05-05-00-34
1.0,113.3359155808491,23.166671942418798,2018-10-05-05-00-34
1.0,113.33766216057744,23.166668738784665,2018-10-05-05-00-34
1.0,113.33441852654522,23.1669246181926,2018-10-05-05-00-34
1.0,113.33491753596797,23.166923691875613,2018-10-05-05-00-34
1.0,113.32543672430336,23.167191497271283,2018-10-05-05-00-34
1.0,113.32643467416892,23.167189591944755,2018-10-05-05-00-34
1.0,113.33466801384435,23.16717405894792,2018-10-05-05-00-34
1.0,113.33566603862965,23.167172211172307,2018-10-05-05-00-34
1.0,113.32668414529806,23.167439020294097,2018-10-05-05-00-34
1.0,113.3351669735771,23.167922846684007,2018-10-05-05-00-34
1.0,113.33042644271133,23.168431529794983,2018-10-05-05-00-34
1.0,113.32543662222743,23.16869092333735,2018-10-05-05-00-34
1.0,113.33441840720513,23.168673948459578,2018-10-05-05-00-34
1.0,113.33217281342465,23.169927666937017,2018-10-05-05-00-34
1.0,113.33516683715892,23.169922082647982,2018-10-05-05-00-34
1.0,113.33067578392782,23.170680199868055,2018-10-05-05-00-34
1.0,113.33117477452357,23.170679258552465,2018-10-05-05-00-34
1.0,113.32543643507267,23.171439874708252,2018-10-05-05-00-34
1.0,113.33292120818174,23.171425692291503,2018-10-05-05-00-34
1.0,113.32618486298918,23.171938255307047,2018-10-05-05-00-34
1.0,113.32693332738427,23.1719368276179,2018-10-05-05-00-34
1.0,113.32793128434487,23.171934927028097,2018-10-05-05-00-34
1.0,113.33017671021436,23.171930667076648,2018-10-05-05-00-34
1.0,113.33067569874754,23.1719297241797,2018-10-05-05-00-34
1.0,113.33491787693377,23.161925615555184,2018-10-05-05-00-34
1.0,113.34614657095081,23.161905596077737,2018-10-05-05-00-34
1.0,113.33541687230559,23.162174595120053,2018-10-05-05-00-34
1.0,113.33915955335617,23.16241765627368,2018-10-05-05-00-34
1.0,113.34115574482861,23.162414079015942,2018-10-05-05-00-34
1.0,113.34764387290262,23.16240288507847,2018-10-05-05-00-34
1.0,113.34365104684854,23.16290949687185,2018-10-05-05-00-34
1.0,113.3379118460075,23.164169244333916,2018-10-05-05-00-34
1.0,113.3381613617392,23.164168790278733,2018-10-05-05-00-34
1.0,113.33915943390843,23.164166981804144,2018-10-05-05-00-34
1.0,113.34739419380021,23.164152627297682,2018-10-05-05-00-34
1.0,113.33591573432561,23.16442280656701,2018-10-05-05-00-34
1.0,113.33491768941084,23.164674555684147,2018-10-05-05-00-34
1.0,113.33841082719624,23.16491804848566,2018-10-05-05-00-34
1.0,113.33491757006756,23.166423883569525,2018-10-05-05-00-34
1.0,113.33516707588373,23.166423421311386,2018-10-05-05-00-34
1.0,113.33491755301785,23.166673787703672,2018-10-05-05-00-34
1.0,113.33516705883305,23.16667332544549,2018-10-05-05-00-34
1.0,113.3359155808491,23.166671942418798,2018-10-05-05-00-34
1.0,113.33766216057744,23.166668738784665,2018-10-05-05-00-34
1.0,113.33491753596797,23.166923691875613,2018-10-05-05-00-34
1.0,113.34489848559481,23.16690580217749,2018-10-05-05-00-34
1.0,113.33566603862965,23.167172211172307,2018-10-05-05-00-34
1.0,113.34140491488408,23.16766161789105,2018-10-05-05-00-34
1.0,113.3351669735771,23.167922846684007,2018-10-05-05-00-34
1.0,113.34015726544945,23.167913747177952,2018-10-05-05-00-34
1.0,113.34065631525529,23.167912854531544,2018-10-05-05-00-34
1.0,113.34115533507804,23.168411774176235,2018-10-05-05-00-34
1.0,113.34090579049237,23.168662122723298,2018-10-05-05-00-34
1.0,113.34265248885643,23.168908937887867,2018-10-05-05-00-34
1.0,113.34714431093316,23.16890122372128,2018-10-05-05-00-34
1.0,113.34090575634369,23.169161931712086,2018-10-05-05-00-34
1.0,113.34714429383592,23.16915112823375,2018-10-05-05-00-34
1.0,113.34764341128859,23.169150293634413,2018-10-05-05-00-34
1.0,113.34739383477145,23.16940061488494,2018-10-05-05-00-34
1.0,113.33516683715892,23.169922082647982,2018-10-05-05-00-34
1.0,113.34040665325834,23.1699125363762,2018-10-05-05-00-34
1.0,113.34564692274404,23.169903373951026,2018-10-05-05-00-34
1.0,113.34689468588469,23.16990126108944,2018-10-05-05-00-34
1.0,113.34614600692561,23.17015243003464,2018-10-05-05-00-34
1.0,113.33816093516886,23.17041639649293,2018-10-05-05-00-34
1.0,113.34614597273641,23.170652239483026,2018-10-05-05-00-34
1.0,113.34739374927753,23.17065013821578,2018-10-05-05-00-34
1.0,113.34390004013936,23.170905997524724,2018-10-05-05-00-34
1.0,113.34414958130178,23.170905565079973,2018-10-05-05-00-34
1.0,113.34514775829389,23.170903845907194,2018-10-05-05-00-34
1.0,113.34664506220076,23.170901300250822,2018-10-05-05-00-34
1.0,113.3471441741506,23.170900460897602,2018-10-05-05-00-34
1.0,113.34589638725801,23.171152472812356,2018-10-05-05-00-34
1.0,113.34639549115765,23.171151626501977,2018-10-05-05-00-34
1.0,113.34489817798793,23.171404083767023,2018-10-05-05-00-34
1.0,113.34739369797916,23.171399852677848,2018-10-05-05-00-34
1.0,113.3476432573901,23.171399435977698,2018-10-05-05-00-34
1.0,113.34439907241912,23.171654848264073,2018-10-05-05-00-34
1.0,113.34739368087936,23.171649757576123,2018-10-05-05-00-34
1.0,113.34614657095081,23.161905596077737,2018-10-05-05-00-34
1.0,113.35138745623318,23.162146882818785,2018-10-05-05-00-34
1.0,113.34764387290262,23.16240288507847,2018-10-05-05-00-34
1.0,113.34739419380021,23.164152627297682,2018-10-05-05-00-34
1.0,113.35213600551985,23.16514454353853,2018-10-05-05-00-34
1.0,113.35238559359901,23.165144151786937,2018-10-05-05-00-34
1.0,113.35338391097127,23.165892311076433,2018-10-05-05-00-34
1.0,113.35338389385484,23.166142215131988,2018-10-05-05-00-34
1.0,113.35687840039166,23.16613697036543,2018-10-05-05-00-34
1.0,113.34489848559481,23.16690580217749,2018-10-05-05-00-34
1.0,113.35513098420606,23.167888884377575,2018-10-05-05-00-34
1.0,113.35538059259662,23.16788851043755,2018-10-05-05-00-34
1.0,113.3531341280282,23.168641643757603,2018-10-05-05-00-34
1.0,113.34714431093316,23.16890122372128,2018-10-05-05-00-34
1.0,113.34714429383592,23.16915112823375,2018-10-05-05-00-34
1.0,113.34764341128859,23.169150293634413,2018-10-05-05-00-34
1.0,113.34739383477145,23.16940061488494,2018-10-05-05-00-34
1.0,113.35313405955732,23.169641261880077,2018-10-05-05-00-34
1.0,113.34564692274404,23.169903373951026,2018-10-05-05-00-34
1.0,113.34689468588469,23.16990126108944,2018-10-05-05-00-34
1.0,113.34914074626805,23.16989753303871,2018-10-05-05-00-34
1.0,113.34614600692561,23.17015243003464,2018-10-05-05-00-34
1.0,113.34939029862035,23.1701470297229,2018-10-05-05-00-34
1.0,113.34963986956127,23.170146623032146,2018-10-05-05-00-34
1.0,113.35138690871555,23.170143813285183,2018-10-05-05-00-34
1.0,113.35388281430501,23.170139917621285,2018-10-05-05-00-34
1.0,113.354631618584,23.170138777479867,2018-10-05-05-00-34
1.0,113.35413239689458,23.170389440773327,2018-10-05-05-00-34
1.0,113.35612925715668,23.170386443288397,2018-10-05-05-00-34
1.0,113.35637887268516,23.170386075628688,2018-10-05-05-00-34
1.0,113.34614597273641,23.170652239483026,2018-10-05-05-00-34
1.0,113.34739374927753,23.17065013821578,2018-10-05-05-00-34
1.0,113.35438198119353,23.17063896546461,2018-10-05-05-00-34
1.0,113.35612924002848,23.170636348030143,2018-10-05-05-00-34
1.0,113.34514775829389,23.170903845907194,2018-10-05-05-00-34
1.0,113.34664506220076,23.170901300250822,2018-10-05-05-00-34
1.0,113.3471441741506,23.170900460897602,2018-10-05-05-00-34
1.0,113.34589638725801,23.171152472812356,2018-10-05-05-00-34
1.0,113.34639549115765,23.171151626501977,2018-10-05-05-00-34
1.0,113.34789283529993,23.17114911562945,2018-10-05-05-00-34
1.0,113.34914066074195,23.17114705675388,2018-10-05-05-00-34
1.0,113.35113725859937,23.171143829673497,2018-10-05-05-00-34
1.0,113.34489817798793,23.171404083767023,2018-10-05-05-00-34
1.0,113.34739369797916,23.171399852677848,2018-10-05-05-00-34
1.0,113.3476432573901,23.171399435977698,2018-10-05-05-00-34
1.0,113.34739368087936,23.171649757576123,2018-10-05-05-00-34
1.0,113.34939019598235,23.17164645852912,2018-10-05-05-00-34
1.0,113.32543643507267,23.171439874708252,2018-10-05-05-00-34
1.0,113.33292120818174,23.171425692291503,2018-10-05-05-00-34
1.0,113.32618486298918,23.171938255307047,2018-10-05-05-00-34
1.0,113.32693332738427,23.1719368276179,2018-10-05-05-00-34
1.0,113.32793128434487,23.171934927028097,2018-10-05-05-00-34
1.0,113.33017671021436,23.171930667076648,2018-10-05-05-00-34
1.0,113.33067569874754,23.1719297241797,2018-10-05-05-00-34
1.0,113.32768177756496,23.172185306796905,2018-10-05-05-00-34
1.0,113.33017669317981,23.17218057205566,2018-10-05-05-00-34
1.0,113.33616471451221,23.17216938330509,2018-10-05-05-00-34
1.0,113.32743227113934,23.17243568685174,2018-10-05-05-00-34
1.0,113.32992718261677,23.17243094908421,2018-10-05-05-00-34
1.0,113.33591518856989,23.17241974804195,2018-10-05-05-00-34
1.0,113.32593532436664,23.172688446621617,2018-10-05-05-00-34
1.0,113.32693327631935,23.172686542673578,2018-10-05-05-00-34
1.0,113.32818072338607,23.172684167553093,2018-10-05-05-00-34
1.0,113.32843021388354,23.172683693294594,2018-10-05-05-00-34
1.0,113.33317062320039,23.17267475043446,2018-10-05-05-00-34
1.0,113.3291786707544,23.172932177369173,2018-10-05-05-00-34
1.0,113.32942816290185,23.172931704321005,2018-10-05-05-00-34
1.0,113.32967765549553,23.172931231606327,2018-10-05-05-00-34
1.0,113.32643426573206,23.173187304510037,2018-10-05-05-00-34
1.0,113.32793119921564,23.17318445231548,2018-10-05-05-00-34
1.0,113.32967763846231,23.173181136741714,2018-10-05-05-00-34
1.0,113.33516661545657,23.173170846357543,2018-10-05-05-00-34
1.0,113.3379112317477,23.173165804878714,2018-10-05-05-00-34
1.0,113.32892914497921,23.17343246104871,2018-10-05-05-00-34
1.0,113.33691316074652,23.173417533661762,2018-10-05-05-00-34
1.0,113.328180655277,23.173683788174174,2018-10-05-05-00-34
1.0,113.32967760439537,23.173680947130176,2018-10-05-05-00-34
1.0,113.3371626558661,23.173666981888754,2018-10-05-05-00-34
1.0,113.32917860262856,23.173931798146533,2018-10-05-05-00-34
1.0,113.33466755345654,23.173921487119483,2018-10-05-05-00-34
1.0,113.32693317418502,23.174185973842125,2018-10-05-05-00-34
1.0,113.32718266291421,23.1741854983486,2018-10-05-05-00-34
1.0,113.33616457804011,23.17416862453746,2018-10-05-05-00-34
1.0,113.33691310955949,23.17416724941773,2018-10-05-05-00-34
1.0,113.32793111408225,23.174433978583103,2018-10-05-05-00-34
1.0,113.32892907685607,23.17443208214078,2018-10-05-05-00-34
1.0,113.33641407066236,23.174418070813495,2018-10-05-05-00-34
1.0,113.33716260467567,23.174416697762716,2018-10-05-05-00-34
1.0,113.3269331401389,23.17468578454647,2018-10-05-05-00-34
1.0,113.32793109705507,23.174683883954845,2018-10-05-05-00-34
1.0,113.32818058716525,23.174683409424333,2018-10-05-05-00-34
1.0,113.32917855153242,23.17468151414277,2018-10-05-05-00-34
1.0,113.3269331231156,23.174935689957916,2018-10-05-05-00-34
1.0,113.32917853450004,23.174931419553843,2018-10-05-05-00-34
1.0,113.33591501798615,23.17491880036892,2018-10-05-05-00-34
1.0,113.33691305837097,23.174916965528535,2018-10-05-05-00-34
1.0,113.32693310609211,23.17518559540895,2018-10-05-05-00-34
1.0,113.32942800960592,23.175180851955965,2018-10-05-05-00-34
1.0,113.32743206684242,23.175434550134387,2018-10-05-05-00-34
1.0,113.3256856328446,23.175687786799443,2018-10-05-05-00-34
1.0,113.32668358363377,23.17568588213363,2018-10-05-05-00-34
1.0,113.33566545872918,23.175668977210062,2018-10-05-05-00-34
1.0,113.33791106108153,23.17566485838429,2018-10-05-05-00-34
1.0,113.33042593164218,23.175928679809676,2018-10-05-05-00-34
1.0,113.33092492115631,23.17592773768953,2018-10-05-05-00-34
1.0,113.33691299011726,23.175916587564085,2018-10-05-05-00-34
1.0,113.32593508610051,23.1761871215604,2018-10-05-05-00-34
1.0,113.33791102694629,23.176164669560677,2018-10-05-05-00-34
1.0,113.32618455663179,23.17643655095121,2018-10-05-05-00-34
1.0,113.33716246816053,23.176415941834343,2018-10-05-05-00-34
1.0,113.3341683579496,23.176671374997767,2018-10-05-05-00-34
1.0,113.33716245109538,23.176665847522333,2018-10-05-05-00-34
1.0,113.3376614780248,23.176664935704192,2018-10-05-05-00-34
1.0,113.33441784449174,23.176920816690277,2018-10-05-05-00-34
1.0,113.3306753068646,23.177677548656,2018-10-05-05-00-34
1.0,113.33117429740446,23.177676607338086,2018-10-05-05-00-34
1.0,113.33092478482986,23.17792698368265,2018-10-05-05-00-34
1.0,113.33416827267988,23.177920904040768,2018-10-05-05-00-34
1.0,113.337162348701,23.17816528249141,2018-10-05-05-00-34
1.0,113.33791089039865,23.178163915864815,2018-10-05-05-00-34
1.0,113.32718235645702,23.178683800416056,2018-10-05-05-00-34
1.0,113.32743182846569,23.178933231195245,2018-10-05-05-00-34
1.0,113.3296772466523,23.178928965786774,2018-10-05-05-00-34
1.0,113.3369127853401,23.178915457505646,2018-10-05-05-00-34
1.0,113.33716229750155,23.178915000519105,2018-10-05-05-00-34
1.0,113.32967722961509,23.17917887187808,2018-10-05-05-00-34
1.0,113.33117419514764,23.179176043278776,2018-10-05-05-00-34
1.0,113.33092468257803,23.1794264198658,2018-10-05-05-00-34
1.0,113.33142367417037,23.179425479374785,2018-10-05-05-00-34
1.0,113.32793075647652,23.179681999763556,2018-10-05-05-00-34
1.0,113.3379107879809,23.17966335228348,2018-10-05-05-00-34
1.0,113.33741174224953,23.179914168849855,2018-10-05-05-00-34
1.0,113.32618430129274,23.180185140519242,2018-10-05-05-00-34
1.0,113.33766123906821,23.18016361955562,2018-10-05-05-00-34
1.0,113.33341959552814,23.180421360616595,2018-10-05-05-00-34
1.0,113.33766122199863,23.18041352584864,2018-10-05-05-00-34
1.0,113.33067510236891,23.180676421996445,2018-10-05-05-00-34
1.0,113.33217208050253,23.18067360317724,2018-10-05-05-00-34
1.0,113.33766120492888,23.180663432182424,2018-10-05-05-00-34
1.0,113.33791071969905,23.180662977374052,2018-10-05-05-00-34
1.0,113.33092458032019,23.18092585750894,2018-10-05-05-00-34
1.0,113.34390004013936,23.170905997524724,2018-10-05-05-00-34
1.0,113.34414958130178,23.170905565079973,2018-10-05-05-00-34
1.0,113.34514775829389,23.170903845907194,2018-10-05-05-00-34
1.0,113.34664506220076,23.170901300250822,2018-10-05-05-00-34
1.0,113.3471441741506,23.170900460897602,2018-10-05-05-00-34
1.0,113.34589638725801,23.171152472812356,2018-10-05-05-00-34
1.0,113.34639549115765,23.171151626501977,2018-10-05-05-00-34
1.0,113.34789283529993,23.17114911562945,2018-10-05-05-00-34
1.0,113.34489817798793,23.171404083767023,2018-10-05-05-00-34
1.0,113.34739369797916,23.171399852677848,2018-10-05-05-00-34
1.0,113.3476432573901,23.171399435977698,2018-10-05-05-00-34
1.0,113.34439907241912,23.171654848264073,2018-10-05-05-00-34
1.0,113.34739368087936,23.171649757576123,2018-10-05-05-00-34
1.0,113.33616471451221,23.17216938330509,2018-10-05-05-00-34
1.0,113.34439903824052,23.172154658178368,2018-10-05-05-00-34
1.0,113.33591518856989,23.17241974804195,2018-10-05-05-00-34
1.0,113.34564673471664,23.17265232741125,2018-10-05-05-00-34
1.0,113.34639537148156,23.172900961336648,2018-10-05-05-00-34
1.0,113.34689448070938,23.172900119640627,2018-10-05-05-00-34
1.0,113.33516661545657,23.173170846357543,2018-10-05-05-00-34
1.0,113.3379112317477,23.173165804878714,2018-10-05-05-00-34
1.0,113.34389988635132,23.173155142316663,2018-10-05-05-00-34
1.0,113.34514760446498,23.173152990697208,2018-10-05-05-00-34
1.0,113.34539715185387,23.173152563613673,2018-10-05-05-00-34
1.0,113.3473935782771,23.173149187784254,2018-10-05-05-00-34
1.0,113.33691316074652,23.173417533661762,2018-10-05-05-00-34
1.0,113.34190358248128,23.173408543397713,2018-10-05-05-00-34
1.0,113.34514758737204,23.173402895869202,2018-10-05-05-00-34
1.0,113.34539713476003,23.173402468785625,2018-10-05-05-00-34
1.0,113.34664489122518,23.173400350210247,2018-10-05-05-00-34
1.0,113.34764312058005,23.173398676255363,2018-10-05-05-00-34
1.0,113.3371626558661,23.173666981888754,2018-10-05-05-00-34
1.0,113.3463953201893,23.173650676852034,2018-10-05-05-00-34
1.0,113.34664487412671,23.173650255421247,2018-10-05-05-00-34
1.0,113.34689442941179,23.173649835155757,2018-10-05-05-00-34
1.0,113.34240261311552,23.173907473990734,2018-10-05-05-00-34
1.0,113.34514755318567,23.17390270633103,2018-10-05-05-00-34
1.0,113.34589619921154,23.173901428413718,2018-10-05-05-00-34
1.0,113.34714396895664,23.173899321317307,2018-10-05-05-00-34
1.0,113.34764308637585,23.173898486716332,2018-10-05-05-00-34
1.0,113.33616457804011,23.17416862453746,2018-10-05-05-00-34
1.0,113.33691310955949,23.17416724941773,2018-10-05-05-00-34
1.0,113.3389092317761,23.174163614203454,2018-10-05-05-00-34
1.0,113.34614573339319,23.174150909976742,2018-10-05-05-00-34
1.0,113.33641407066236,23.174418070813495,2018-10-05-05-00-34
1.0,113.33716260467567,23.174416697762716,2018-10-05-05-00-34
1.0,113.34365026096687,23.174405102053385,2018-10-05-05-00-34
1.0,113.34514751899862,23.17440251695035,2018-10-05-05-00-34
1.0,113.346145716296,23.174400815305944,2018-10-05-05-00-34
1.0,113.34664482283026,23.174399971290367,2018-10-05-05-00-34
1.0,113.3468943781127,23.174399551024745,2018-10-05-05-00-34
1.0,113.33965775878347,23.174662074545385,2018-10-05-05-00-34
1.0,113.33990728112818,23.174661626079697,2018-10-05-05-00-34
1.0,113.34414932496716,23.174654141494546,2018-10-05-05-00-34
1.0,113.34489795579364,23.17465285049869,2018-10-05-05-00-34
1.0,113.34564659795672,23.174651569258966,2018-10-05-05-00-34
1.0,113.34614569919862,23.17465072067462,2018-10-05-05-00-34
1.0,113.34714391765439,23.174649037304444,2018-10-05-05-00-34
1.0,113.33591501798615,23.17491880036892,2018-10-05-05-00-34
1.0,113.33691305837097,23.174916965528535,2018-10-05-05-00-34
1.0,113.33865966210112,23.174913782046392,2018-10-05-05-00-34
1.0,113.3448979387006,23.174902755907116,2018-10-05-05-00-34
1.0,113.34539703219347,23.174901900643754,2018-10-05-05-00-34
1.0,113.34564658086097,23.174901474667266,2018-10-05-05-00-34
1.0,113.34589613082598,23.17490104980976,2018-10-05-05-00-34
1.0,113.34664478863179,23.174899782067087,2018-10-05-05-00-34
1.0,113.34689434391245,23.17489936180138,2018-10-05-05-00-34
1.0,113.34240252769699,23.17515700083761,2018-10-05-05-00-34
1.0,113.34464837675763,23.175153090618736,2018-10-05-05-00-34
1.0,113.34514746771679,23.17515223317556,2018-10-05-05-00-34
1.0,113.34539701509846,23.175151806091684,2018-10-05-05-00-34
1.0,113.34789256165774,23.175147598069177,2018-10-05-05-00-34
1.0,113.33965770756231,23.175411790892163,2018-10-05-05-00-34
1.0,113.34240251061277,23.175406906325694,2018-10-05-05-00-34
1.0,113.34464835966517,23.175402996106435,2018-10-05-05-00-34
1.0,113.33566545872918,23.175668977210062,2018-10-05-05-00-34
1.0,113.33791106108153,23.17566485838429,2018-10-05-05-00-34
1.0,113.3389091293514,23.175663046779334,2018-10-05-05-00-34
1.0,113.33940816913703,23.175662145721184,2018-10-05-05-00-34
1.0,113.33965769048825,23.175661696420413,2018-10-05-05-00-34
1.0,113.33990721282916,23.175661247954555,2018-10-05-05-00-34
1.0,113.34115483983422,23.17565901856919,2018-10-05-05-00-34
1.0,113.34539698090794,23.175651617106524,2018-10-05-05-00-34
1.0,113.34564652957273,23.17565119112991,2018-10-05-05-00-34
1.0,113.33691299011726,23.175916587564085,2018-10-05-05-00-34
1.0,113.34489787032678,23.17590237793725,2018-10-05-05-00-34
1.0,113.33791102694629,23.176164669560677,2018-10-05-05-00-34
1.0,113.33965765633964,23.176161507596206,2018-10-05-05-00-34
1.0,113.34040622637781,23.17616016475119,2018-10-05-05-00-34
1.0,113.34689425840891,23.176148889436696,2018-10-05-05-00-34
1.0,113.34764293244871,23.176147635745835,2018-10-05-05-00-34
1.0,113.33716246816053,23.176415941834343,2018-10-05-05-00-34
1.0,113.33890907813681,23.176412763603164,2018-10-05-05-00-34
1.0,113.34090526111252,23.176409179503278,2018-10-05-05-00-34
1.0,113.34140431714323,23.1764082921873,2018-10-05-05-00-34
1.0,113.34489783613884,23.17640218919092,2018-10-05-05-00-34
1.0,113.34639513210475,23.176399636780346,2018-10-05-05-00-34
1.0,113.33716245109538,23.176665847522333,2018-10-05-05-00-34
1.0,113.3376614780248,23.176664935704192,2018-10-05-05-00-34
1.0,113.33890906106494,23.17666266929086,2018-10-05-05-00-34
1.0,113.33990714452747,23.176660870465405,2018-10-05-05-00-34
1.0,113.3401566678673,23.176660422846314,2018-10-05-05-00-34
1.0,113.33865952553715,23.176913026751997,2018-10-05-05-00-34
1.0,113.3389090439929,23.176912575018516,2018-10-05-05-00-34
1.0,113.33990712745164,23.176910776192894,2018-10-05-05-00-34
1.0,113.34315101378843,23.17690502756024,2018-10-05-05-00-34
1.0,113.34664465183123,23.1768990267618,2018-10-05-05-00-34
1.0,113.33890902692069,23.177162480786198,2018-10-05-05-00-34
1.0,113.34040615806722,23.177159787580994,2018-10-05-05-00-34
1.0,113.3453968612358,23.177400956913406,2018-10-05-05-00-34
1.0,113.34564640989431,23.177400530936488,2018-10-05-05-00-34
1.0,113.34589594275187,23.177650011925234,2018-10-05-05-00-34
1.0,113.33816042314658,23.177913555878856,2018-10-05-05-00-34
1.0,113.34240233976146,23.177905963398693,2018-10-05-05-00-34
1.0,113.34664458342692,23.177898650067885,2018-10-05-05-00-34
1.0,113.337162348701,23.17816528249141,2018-10-05-05-00-34
1.0,113.33791089039865,23.178163915864815,2018-10-05-05-00-34
1.0,113.34589590855438,23.178149823739204,2018-10-05-05-00-34
1.0,113.3369127853401,23.178915457505646,2018-10-05-05-00-34
1.0,113.33716229750155,23.178915000519105,2018-10-05-05-00-34
1.0,113.33890889033705,23.179161728374744,2018-10-05-05-00-34
1.0,113.33965743435736,23.17941028414419,2018-10-05-05-00-34
1.0,113.3379107879809,23.17966335228348,2018-10-05-05-00-34
1.0,113.33840982023648,23.179662444930422,2018-10-05-05-00-34
1.0,113.33965741728062,23.179660190314884,2018-10-05-05-00-34
1.0,113.33741174224953,23.179914168849855,2018-10-05-05-00-34
1.0,113.33766123906821,23.18016361955562,2018-10-05-05-00-34
1.0,113.33766122199863,23.18041352584864,2018-10-05-05-00-34
1.0,113.33766120492888,23.180663432182424,2018-10-05-05-00-34
1.0,113.33791071969905,23.180662977374052,2018-10-05-05-00-34
1.0,113.33840975194695,23.18066207002066,2018-10-05-05-00-34
1.0,113.3438993736266,23.18065231478152,2018-10-05-05-00-34
1.0,113.34614597273641,23.170652239483026,2018-10-05-05-00-34
1.0,113.34739374927753,23.17065013821578,2018-10-05-05-00-34
1.0,113.35438198119353,23.17063896546461,2018-10-05-05-00-34
1.0,113.35612924002848,23.170636348030143,2018-10-05-05-00-34
1.0,113.34514775829389,23.170903845907194,2018-10-05-05-00-34
1.0,113.34664506220076,23.170901300250822,2018-10-05-05-00-34
1.0,113.3471441741506,23.170900460897602,2018-10-05-05-00-34
1.0,113.34589638725801,23.171152472812356,2018-10-05-05-00-34
1.0,113.34639549115765,23.171151626501977,2018-10-05-05-00-34
1.0,113.34789283529993,23.17114911562945,2018-10-05-05-00-34
1.0,113.34914066074195,23.17114705675388,2018-10-05-05-00-34
1.0,113.35113725859937,23.171143829673497,2018-10-05-05-00-34
1.0,113.34489817798793,23.171404083767023,2018-10-05-05-00-34
1.0,113.34739369797916,23.171399852677848,2018-10-05-05-00-34
1.0,113.3476432573901,23.171399435977698,2018-10-05-05-00-34
1.0,113.34739368087936,23.171649757576123,2018-10-05-05-00-34
1.0,113.34939019598235,23.17164645852912,2018-10-05-05-00-34
1.0,113.34939017887544,23.171896363465937,2018-10-05-05-00-34
1.0,113.35013889618033,23.171895147310433,2018-10-05-05-00-34
1.0,113.34814232910911,23.172148321033788,2018-10-05-05-00-34
1.0,113.3513867718093,23.17214305200118,2018-10-05-05-00-34
1.0,113.34889100723372,23.172396990700015,2018-10-05-05-00-34
1.0,113.34564673471664,23.17265232741125,2018-10-05-05-00-34
1.0,113.34639537148156,23.172900961336648,2018-10-05-05-00-34
1.0,113.34689448070938,23.172900119640627,2018-10-05-05-00-34
1.0,113.34514760446498,23.173152990697208,2018-10-05-05-00-34
1.0,113.34539715185387,23.173152563613673,2018-10-05-05-00-34
1.0,113.3473935782771,23.173149187784254,2018-10-05-05-00-34
1.0,113.34514758737204,23.173402895869202,2018-10-05-05-00-34
1.0,113.34539713476003,23.173402468785625,2018-10-05-05-00-34
1.0,113.34664489122518,23.173400350210247,2018-10-05-05-00-34
1.0,113.34764312058005,23.173398676255363,2018-10-05-05-00-34
1.0,113.35063794596104,23.173393773583626,2018-10-05-05-00-34
1.0,113.3463953201893,23.173650676852034,2018-10-05-05-00-34
1.0,113.34664487412671,23.173650255421247,2018-10-05-05-00-34
1.0,113.34689442941179,23.173649835155757,2018-10-05-05-00-34
1.0,113.35088750737927,23.173643278725542,2018-10-05-05-00-34
1.0,113.34514755318567,23.17390270633103,2018-10-05-05-00-34
1.0,113.34589619921154,23.173901428413718,2018-10-05-05-00-34
1.0,113.34714396895664,23.173899321317307,2018-10-05-05-00-34
1.0,113.34764308637585,23.173898486716332,2018-10-05-05-00-34
1.0,113.34614573339319,23.174150909976742,2018-10-05-05-00-34
1.0,113.34514751899862,23.17440251695035,2018-10-05-05-00-34
1.0,113.346145716296,23.174400815305944,2018-10-05-05-00-34
1.0,113.34664482283026,23.174399971290367,2018-10-05-05-00-34
1.0,113.3468943781127,23.174399551024745,2018-10-05-05-00-34
1.0,113.3486413038717,23.174396642759078,2018-10-05-05-00-34
1.0,113.35338332891833,23.17438907043292,2018-10-05-05-00-34
1.0,113.34489795579364,23.17465285049869,2018-10-05-05-00-34
1.0,113.34564659795672,23.174651569258966,2018-10-05-05-00-34
1.0,113.34614569919862,23.17465072067462,2018-10-05-05-00-34
1.0,113.34714391765439,23.174649037304444,2018-10-05-05-00-34
1.0,113.3448979387006,23.174902755907116,2018-10-05-05-00-34
1.0,113.34539703219347,23.174901900643754,2018-10-05-05-00-34
1.0,113.34564658086097,23.174901474667266,2018-10-05-05-00-34
1.0,113.34589613082598,23.17490104980976,2018-10-05-05-00-34
1.0,113.34664478863179,23.174899782067087,2018-10-05-05-00-34
1.0,113.34689434391245,23.17489936180138,2018-10-05-05-00-34
1.0,113.34464837675763,23.175153090618736,2018-10-05-05-00-34
1.0,113.34514746771679,23.17515223317556,2018-10-05-05-00-34
1.0,113.34539701509846,23.175151806091684,2018-10-05-05-00-34
1.0,113.34789256165774,23.175147598069177,2018-10-05-05-00-34
1.0,113.34464835966517,23.175402996106435,2018-10-05-05-00-34
1.0,113.34539698090794,23.175651617106524,2018-10-05-05-00-34
1.0,113.34564652957273,23.17565119112991,2018-10-05-05-00-34
1.0,113.34489787032678,23.17590237793725,2018-10-05-05-00-34
1.0,113.34689425840891,23.176148889436696,2018-10-05-05-00-34
1.0,113.34764293244871,23.176147635745835,2018-10-05-05-00-34
1.0,113.34489783613884,23.17640218919092,2018-10-05-05-00-34
1.0,113.34639513210475,23.176399636780346,2018-10-05-05-00-34
1.0,113.34664465183123,23.1768990267618,2018-10-05-05-00-34
1.0,113.3453968612358,23.177400956913406,2018-10-05-05-00-34
1.0,113.34564640989431,23.177400530936488,2018-10-05-05-00-34
1.0,113.34589594275187,23.177650011925234,2018-10-05-05-00-34
1.0,113.34664458342692,23.177898650067885,2018-10-05-05-00-34
1.0,113.34589590855438,23.178149823739204,2018-10-05-05-00-34
1.0,113.34988879179053,23.179642624006195,2018-10-05-05-00-34
1.0,113.35313332332578,23.180387196261744,2018-10-05-05-00-34
