count,wgs_lng,wgs_lat,time
1.0,113.32618676800116,23.143949131134626,2018-09-26-03-33-32
1.0,113.32967963021795,23.14394248734825,2018-09-26-03-33-32
1.0,113.33117659659607,23.143939658784046,2018-09-26-03-33-32
1.0,113.33442009425494,23.143933585634848,2018-09-26-03-33-32
1.0,113.33691517291034,23.14392897923627,2018-09-26-03-33-32
1.0,113.32468982851972,23.14420189177734,2018-09-26-03-33-32
1.0,113.32543828871748,23.144200461325912,2018-09-26-03-33-32
1.0,113.32718470458337,23.144197128931694,2018-09-26-03-33-32
1.0,113.32768366626819,23.14444607962716,2018-09-26-03-33-32
1.0,113.33292303105131,23.144686081062872,2018-09-26-03-33-32
1.0,113.33766366125242,23.144677313424157,2018-09-26-03-33-32
1.0,113.32468976054315,23.145201495950754,2018-09-26-03-33-32
1.0,113.32693514772004,23.145197208592187,2018-09-26-03-33-32
1.0,113.33142600769759,23.14518869388348,2018-09-26-03-33-32
1.0,113.33317249735136,23.14518541646713,2018-09-26-03-33-32
1.0,113.33392100234832,23.145184019390243,2018-09-26-03-33-32
1.0,113.33566753865236,23.14518077954966,2018-09-26-03-33-32
1.0,113.33541801419676,23.145431141682973,2018-09-26-03-33-32
1.0,113.3256876569067,23.14594929241234,2018-09-26-03-33-32
1.0,113.32843203491991,23.14594406271507,2018-09-26-03-33-32
1.0,113.32868152591766,23.145943588745055,2018-09-26-03-33-32
1.0,113.33491896757579,23.145931867923032,2018-09-26-03-33-32
1.0,113.33516847347214,23.145931405668318,2018-09-26-03-33-32
1.0,113.33591699573098,23.145930022652035,2018-09-26-03-33-32
1.0,113.32918049213117,23.14619254293096,2018-09-26-03-33-32
1.0,113.33491895053976,23.146181769146413,2018-09-26-03-33-32
2.0,113.33516845643514,23.14618130689166,2018-09-26-03-33-32
1.0,113.3294299673716,23.146441971144753,2018-09-26-03-33-32
1.0,113.33042794098212,23.146440082428107,2018-09-26-03-33-32
1.0,113.33591696165095,23.146429825131694,2018-09-26-03-33-32
1.0,113.32468965857329,23.146700903202174,2018-09-26-03-33-32
1.0,113.32568760590887,23.146698996186842,2018-09-26-03-33-32
1.0,113.32992893621447,23.14669092736077,2018-09-26-03-33-32
2.0,113.32868145787181,23.146943193842354,2018-09-26-03-33-32
1.0,113.32693501168607,23.147196418523922,2018-09-26-03-33-32
1.0,113.33067738454132,23.14718931514723,2018-09-26-03-33-32
1.0,113.33716446362939,23.147177237297978,2018-09-26-03-33-32
1.0,113.33092686264868,23.14743874568032,2018-09-26-03-33-32
1.0,113.33541787789093,23.14743035186949,2018-09-26-03-33-32
1.0,113.33766345669106,23.147676128302546,2018-09-26-03-33-32
1.0,113.33616636838607,23.147928773655636,2018-09-26-03-33-32
1.0,113.33017832773702,23.148189863800855,2018-09-26-03-33-32
1.0,113.33042782184872,23.148189392164873,2018-09-26-03-33-32
1.0,113.32568748690811,23.14844830616371,2018-09-26-03-33-32
1.0,113.3311762902127,23.148437881128796,2018-09-26-03-33-32
1.0,113.33142578640235,23.148437411098392,2018-09-26-03-33-32
1.0,113.33766340554698,23.14842583277367,2018-09-26-03-33-32
1.0,113.3359168082826,23.14867893794445,2018-09-26-03-33-32
1.0,113.32967928990848,23.148940512849503,2018-09-26-03-33-32
1.0,113.33017827668034,23.148939568477996,2018-09-26-03-33-32
1.0,113.32793283296925,23.149193730022198,2018-09-26-03-33-32
1.0,113.33017825966112,23.149189470104677,2018-09-26-03-33-32
1.0,113.33067724837622,23.14918852721528,2018-09-26-03-33-32
1.0,113.33042773674845,23.14943890012907,2018-09-26-03-33-32
1.0,113.3339207127884,23.149432343036366,2018-09-26-03-33-32
1.0,113.32543791474653,23.149698290864265,2018-09-26-03-33-32
1.0,113.326685336107,23.149945811381638,2018-09-26-03-33-32
1.0,113.33192467829682,23.149935882207135,2018-09-26-03-33-32
1.0,113.33242367465652,23.149934945282435,2018-09-26-03-33-32
1.0,113.33067718028967,23.1501881340613,2018-09-26-03-33-32
1.0,113.32843172871073,23.15044228988588,2018-09-26-03-33-32
1.0,113.3301781745625,23.150438978747808,2018-09-26-03-33-32
1.0,113.33367114233596,23.15043241517071,2018-09-26-03-33-32
1.0,113.3291801348151,23.151440476405437,2018-09-26-03-33-32
1.0,113.33042760057933,23.151438114640868,2018-09-26-03-33-32
1.0,113.33491859274467,23.1514297026008,2018-09-26-03-33-32
1.0,113.32893060898222,23.151940753742636,2018-09-26-03-33-32
1.0,113.33242353842107,23.151934160339497,2018-09-26-03-33-32
1.0,113.33616609569032,23.151927201578825,2018-09-26-03-33-32
1.0,113.328930591966,23.152190655780128,2018-09-26-03-33-32
1.0,113.32942957599471,23.152189709369537,2018-09-26-03-33-32
1.0,113.32967906867161,23.152189236658298,2018-09-26-03-33-32
1.0,113.3339205254004,23.152181263549963,2018-09-26-03-33-32
1.0,113.3361660786454,23.152177103615113,2018-09-26-03-33-32
1.0,113.32868108357205,23.15244103152688,2018-09-26-03-33-32
1.0,113.33541753707962,23.152428386782727,2018-09-26-03-33-32
1.0,113.32918003271132,23.15293988873433,2018-09-26-03-33-32
1.0,113.32693460352029,23.15319406128211,2018-09-26-03-33-32
1.0,113.32942950792017,23.153189317865547,2018-09-26-03-33-32
1.0,113.33716405448881,23.15317488001523,2018-09-26-03-33-32
1.0,113.3311759497234,23.153435918791313,2018-09-26-03-33-32
1.0,113.33292243499568,23.153432638081,2018-09-26-03-33-32
1.0,113.33342143628681,23.153431705105664,2018-09-26-03-33-32
1.0,113.32917998165718,23.153689595367144,2018-09-26-03-33-32
1.0,113.33017795328662,23.1536877052376,2018-09-26-03-33-32
1.0,113.33117593269718,23.153685821036763,2018-09-26-03-33-32
1.0,113.33317191828381,23.153682073579244,2018-09-26-03-33-32
1.0,113.33042743035296,23.153937135881197,2018-09-26-03-33-32
1.0,113.33641546908805,23.153925959789095,2018-09-26-03-33-32
1.0,113.33442009425494,23.143933585634848,2018-09-26-03-33-32
1.0,113.33691517291034,23.14392897923627,2018-09-26-03-33-32
1.0,113.33866177747485,23.143925795790597,2018-09-26-03-33-32
1.0,113.34165606604188,23.143920430421417,2018-09-26-03-33-32
1.0,113.34190559688615,23.143919989071765,2018-09-26-03-33-32
1.0,113.3426541961069,23.14391867072573,2018-09-26-03-33-32
1.0,113.340408393848,23.1444224528412,2018-09-26-03-33-32
1.0,113.34090744590092,23.14442156195659,2018-09-26-03-33-32
1.0,113.34265416197829,23.14441847267502,2018-09-26-03-33-32
1.0,113.33766366125242,23.144677313424157,2018-09-26-03-33-32
1.0,113.34090742884288,23.14467146298076,2018-09-26-03-33-32
1.0,113.34240461071539,23.144668812185337,2018-09-26-03-33-32
1.0,113.33566753865236,23.14518077954966,2018-09-26-03-33-32
1.0,113.33965977228911,23.145173498842,2018-09-26-03-33-32
1.0,113.33541801419676,23.145431141682973,2018-09-26-03-33-32
1.0,113.3394102337692,23.145423849260897,2018-09-26-03-33-32
1.0,113.33965975523527,23.145423399965228,2018-09-26-03-33-32
1.0,113.33491896757579,23.145931867923032,2018-09-26-03-33-32
1.0,113.33516847347214,23.145931405668318,2018-09-26-03-33-32
1.0,113.33591699573098,23.145930022652035,2018-09-26-03-33-32
1.0,113.33491895053976,23.146181769146413,2018-09-26-03-33-32
2.0,113.33516845643514,23.14618130689166,2018-09-26-03-33-32
1.0,113.33591696165095,23.146429825131694,2018-09-26-03-33-32
1.0,113.34539896285136,23.146662826878025,2018-09-26-03-33-32
1.0,113.33716446362939,23.147177237297978,2018-09-26-03-33-32
1.0,113.33541787789093,23.14743035186949,2018-09-26-03-33-32
1.0,113.33841202113983,23.147424864734393,2018-09-26-03-33-32
1.0,113.33766345669106,23.147676128302546,2018-09-26-03-33-32
1.0,113.33866152171944,23.147674313642167,2018-09-26-03-33-32
1.0,113.33891104028687,23.14767386191361,2018-09-26-03-33-32
1.0,113.33616636838607,23.147928773655636,2018-09-26-03-33-32
1.0,113.33891102323422,23.147923763370127,2018-09-26-03-33-32
1.0,113.34614752766718,23.14791105927295,2018-09-26-03-33-32
1.0,113.33866148761588,23.148174116588912,2018-09-26-03-33-32
1.0,113.3396595676321,23.148172314515264,2018-09-26-03-33-32
1.0,113.34015861352485,23.148171418439773,2018-09-26-03-33-32
1.0,113.33766340554698,23.14842583277367,2018-09-26-03-33-32
1.0,113.3379129204412,23.148425377970717,2018-09-26-03-33-32
1.0,113.3359168082826,23.14867893794445,2018-09-26-03-33-32
1.0,113.33841193588529,23.14867437218582,2018-09-26-03-33-32
1.0,113.3394099950113,23.1489224684839,2018-09-26-03-33-32
1.0,113.34340241304636,23.14966509161336,2018-09-26-03-33-32
1.0,113.34115659816631,23.149918948066578,2018-09-26-03-33-32
1.0,113.3404079332729,23.15116979220652,2018-09-26-03-33-32
1.0,113.33491859274467,23.1514297026008,2018-09-26-03-33-32
1.0,113.34215459982512,23.151666493869584,2018-09-26-03-33-32
1.0,113.34265366703812,23.151665615928,2018-09-26-03-33-32
1.0,113.33616609569032,23.151927201578825,2018-09-26-03-33-32
1.0,113.3361660786454,23.152177103615113,2018-09-26-03-33-32
1.0,113.34689589934494,23.152158124933898,2018-09-26-03-33-32
1.0,113.33541753707962,23.152428386782727,2018-09-26-03-33-32
1.0,113.33716405448881,23.15317488001523,2018-09-26-03-33-32
1.0,113.34065730519266,23.153418464954274,2018-09-26-03-33-32
1.0,113.35463343270297,23.143649086663032,2018-09-26-03-33-32
1.0,113.34764513744103,23.143910122045657,2018-09-26-03-33-32
1.0,113.35313582182704,23.14390128125049,2018-09-26-03-33-32
1.0,113.35463341559745,23.143898987586486,2018-09-26-03-33-32
1.0,113.35613107179327,23.14389674871998,2018-09-26-03-33-32
1.0,113.35288619455707,23.144401470637625,2018-09-26-03-33-32
1.0,113.3511390544815,23.144904024691332,2018-09-26-03-33-32
1.0,113.35513255883932,23.144897839115995,2018-09-26-03-33-32
1.0,113.35563177753424,23.14489709279843,2018-09-26-03-33-32
1.0,113.3491424388219,23.145157152823657,2018-09-26-03-33-32
1.0,113.34939195709711,23.145906448310303,2018-09-26-03-33-32
1.0,113.34989110064093,23.145905636239387,2018-09-26-03-33-32
1.0,113.35363487614518,23.145899719322415,2018-09-26-03-33-32
1.0,113.35638051628453,23.14639539210546,2018-09-26-03-33-32
2.0,113.35663013370208,23.146395026046655,2018-09-26-03-33-32
1.0,113.34539896285136,23.146662826878025,2018-09-26-03-33-32
1.0,113.35663011658846,23.146644927332808,2018-09-26-03-33-32
1.0,113.35687973583138,23.14664456288106,2018-09-26-03-33-32
1.0,113.35113890062117,23.1471531356785,2018-09-26-03-33-32
1.0,113.3543835728847,23.14739798251159,2018-09-26-03-33-32
1.0,113.35413395428297,23.1476482639786,2018-09-26-03-33-32
1.0,113.34614752766718,23.14791105927295,2018-09-26-03-33-32
1.0,113.35638036226281,23.14864450488639,2018-09-26-03-33-32
1.0,113.3541338174254,23.149647476554396,2018-09-26-03-33-32
1.0,113.3571291515168,23.14964301809667,2018-09-26-03-33-32
1.0,113.35638025957411,23.150143914925284,2018-09-26-03-33-32
1.0,113.35588101308126,23.150394553615897,2018-09-26-03-33-32
1.0,113.35687947909537,23.150393086205625,2018-09-26-03-33-32
1.0,113.34839334595712,23.150906118652067,2018-09-26-03-33-32
1.0,113.3501402644091,23.151902870753275,2018-09-26-03-33-32
1.0,113.350639416996,23.151902066594275,2018-09-26-03-33-32
1.0,113.34689589934494,23.152158124933898,2018-09-26-03-33-32
1.0,113.34864282564976,23.15215521669518,2018-09-26-03-33-32
1.0,113.3491419090069,23.15290410322076,2018-09-26-03-33-32
1.0,113.32918003271132,23.15293988873433,2018-09-26-03-33-32
1.0,113.32693460352029,23.15319406128211,2018-09-26-03-33-32
1.0,113.32942950792017,23.153189317865547,2018-09-26-03-33-32
1.0,113.33716405448881,23.15317488001523,2018-09-26-03-33-32
1.0,113.3311759497234,23.153435918791313,2018-09-26-03-33-32
1.0,113.33292243499568,23.153432638081,2018-09-26-03-33-32
1.0,113.33342143628681,23.153431705105664,2018-09-26-03-33-32
1.0,113.32917998165718,23.153689595367144,2018-09-26-03-33-32
1.0,113.33017795328662,23.1536877052376,2018-09-26-03-33-32
1.0,113.33117593269718,23.153685821036763,2018-09-26-03-33-32
1.0,113.33317191828381,23.153682073579244,2018-09-26-03-33-32
1.0,113.33042743035296,23.153937135881197,2018-09-26-03-33-32
1.0,113.33641546908805,23.153925959789095,2018-09-26-03-33-32
1.0,113.32618605386628,23.154445000368213,2018-09-26-03-33-32
1.0,113.33466888313377,23.154428991358497,2018-09-26-03-33-32
1.0,113.33691445698292,23.15442484839477,2018-09-26-03-33-32
1.0,113.33691443993344,23.15467475077926,2018-09-26-03-33-32
1.0,113.32618601985253,23.15494480517592,2018-09-26-03-33-32
1.0,113.33566687402904,23.154926948395957,2018-09-26-03-33-32
1.0,113.33716393513804,23.15492419621638,2018-09-26-03-33-32
1.0,113.32543752369084,23.155446039360264,2018-09-26-03-33-32
1.0,113.33067682279155,23.15543607904625,2018-09-26-03-33-32
1.0,113.32543748968183,23.155945844450237,2018-09-26-03-33-32
1.0,113.32768288381124,23.15594156174045,2018-09-26-03-33-32
1.0,113.33516779186188,23.155927481078923,2018-09-26-03-33-32
1.0,113.32543745567217,23.15644564968189,2018-09-26-03-33-32
1.0,113.32568694280089,23.15644517311761,2018-09-26-03-33-32
1.0,113.33466874680335,23.156428211424537,2018-09-26-03-33-32
1.0,113.32518795177121,23.156696029050988,2018-09-26-03-33-32
1.0,113.3254374386671,23.156695552350985,2018-09-26-03-33-32
1.0,113.32618590079919,23.156694123114512,2018-09-26-03-33-32
1.0,113.33566675471081,23.1566762663235,2018-09-26-03-33-32
1.0,113.33566673766468,23.156926169026477,2018-09-26-03-33-32
1.0,113.33616575476053,23.156925248938805,2018-09-26-03-33-32
1.0,113.3369142864806,23.156923873827747,2018-09-26-03-33-32
1.0,113.32743330927788,23.157191550118235,2018-09-26-03-33-32
1.0,113.32868076024832,23.157189177541966,2018-09-26-03-33-32
1.0,113.33691426942946,23.157173776566157,2018-09-26-03-33-32
1.0,113.337163781675,23.157173319583265,2018-09-26-03-33-32
1.0,113.32618584977384,23.157443831335165,2018-09-26-03-33-32
1.0,113.32518788375326,23.15769564008395,2018-09-26-03-33-32
1.0,113.332672645737,23.15768144828911,2018-09-26-03-33-32
1.0,113.33641519631267,23.157924401055265,2018-09-26-03-33-32
1.0,113.32518784974329,23.158195445815064,2018-09-26-03-33-32
1.0,113.32568682375472,23.158194492550248,2018-09-26-03-33-32
1.0,113.32593631112155,23.158194016133724,2018-09-26-03-33-32
1.0,113.3286806921725,23.15818878885864,2018-09-26-03-33-32
1.0,113.32618578173769,23.15844344279684,2018-09-26-03-33-32
1.0,113.3321735290043,23.15943170494602,2018-09-26-03-33-32
1.0,113.32593619206015,23.15994333732614,2018-09-26-03-33-32
1.0,113.3316744998286,23.15993244903375,2018-09-26-03-33-32
1.0,113.33267249241594,23.159930575202324,2018-09-26-03-33-32
109.0,113.32743310510286,23.16019038579845,2018-09-26-03-33-32
1.0,113.33167448279606,23.160182352205073,2018-09-26-03-33-32
1.0,113.33342097627958,23.160179078141784,2018-09-26-03-33-32
1.0,113.33416948311876,23.16017768268632,2018-09-26-03-33-32
1.0,113.33391996311533,23.160428050494296,2018-09-26-03-33-32
1.0,113.32768256051972,23.160689717217178,2018-09-26-03-33-32
1.0,113.32518766267657,23.16094437991636,2018-09-26-03-33-32
1.0,113.3259361070113,23.161192853551714,2018-09-26-03-33-32
1.0,113.32618559462459,23.161192377295095,2018-09-26-03-33-32
1.0,113.3266845706806,23.161191425312513,2018-09-26-03-33-32
1.0,113.33691399658836,23.161172225273383,2018-09-26-03-33-32
1.0,113.3261855776133,23.161442280649695,2018-09-26-03-33-32
1.0,113.33491787693377,23.161925615555184,2018-09-26-03-33-32
1.0,113.32768240736064,23.16293884806805,2018-09-26-03-33-32
1.0,113.32793189715234,23.162938373280156,2018-09-26-03-33-32
1.0,113.33716405448881,23.15317488001523,2018-09-26-03-33-32
1.0,113.34065730519266,23.153418464954274,2018-09-26-03-33-32
1.0,113.33641546908805,23.153925959789095,2018-09-26-03-33-32
1.0,113.34614710062652,23.154158606729954,2018-09-26-03-33-32
1.0,113.34739487746013,23.15415650547693,2018-09-26-03-33-32
1.0,113.33466888313377,23.154428991358497,2018-09-26-03-33-32
1.0,113.33691445698292,23.15442484839477,2018-09-26-03-33-32
1.0,113.33691443993344,23.15467475077926,2018-09-26-03-33-32
1.0,113.33566687402904,23.154926948395957,2018-09-26-03-33-32
1.0,113.33716393513804,23.15492419621638,2018-09-26-03-33-32
1.0,113.33841150954994,23.154921922256765,2018-09-26-03-33-32
1.0,113.34664613896167,23.155157372323103,2018-09-26-03-33-32
1.0,113.33516779186188,23.155927481078923,2018-09-26-03-33-32
1.0,113.347394757839,23.155905822649043,2018-09-26-03-33-32
1.0,113.33965902176247,23.156169180287012,2018-09-26-03-33-32
1.0,113.33466874680335,23.156428211424537,2018-09-26-03-33-32
1.0,113.33566675471081,23.1566762663235,2018-09-26-03-33-32
1.0,113.33866090775311,23.156670787664304,2018-09-26-03-33-32
1.0,113.34689559178702,23.15665636752185,2018-09-26-03-33-32
1.0,113.33566673766468,23.156926169026477,2018-09-26-03-33-32
1.0,113.33616575476053,23.156925248938805,2018-09-26-03-33-32
1.0,113.3369142864806,23.156923873827747,2018-09-26-03-33-32
1.0,113.34489916897147,23.156909664303903,2018-09-26-03-33-32
1.0,113.33691426942946,23.157173776566157,2018-09-26-03-33-32
1.0,113.337163781675,23.157173319583265,2018-09-26-03-33-32
1.0,113.3463964482709,23.157157014650224,2018-09-26-03-33-32
1.0,113.34415050379454,23.15741076080072,2018-09-26-03-33-32
1.0,113.33641519631267,23.157924401055265,2018-09-26-03-33-32
1.0,113.34464950449035,23.15865941347567,2018-09-26-03-33-32
1.0,113.33990825409835,23.16041708142394,2018-09-26-03-33-32
1.0,113.33691399658836,23.161172225273383,2018-09-26-03-33-32
1.0,113.34464933366863,23.161158444987706,2018-09-26-03-33-32
1.0,113.34390068931712,23.161409642510144,2018-09-26-03-33-32
1.0,113.33491787693377,23.161925615555184,2018-09-26-03-33-32
1.0,113.3436510980894,23.16215978626552,2018-09-26-03-33-32
1.0,113.34090621729453,23.16241452312497,2018-09-26-03-33-32
1.0,113.34265293290247,23.16241143382201,2018-09-26-03-33-32
1.0,113.3491419090069,23.15290410322076,2018-09-26-03-33-32
1.0,113.34614710062652,23.154158606729954,2018-09-26-03-33-32
1.0,113.34739487746013,23.15415650547693,2018-09-26-03-33-32
1.0,113.35014009343918,23.154401892655134,2018-09-26-03-33-32
1.0,113.34939135885948,23.154653011183846,2018-09-26-03-33-32
1.0,113.34814350880612,23.15490496617847,2018-09-26-03-33-32
1.0,113.3483930725042,23.154904553149283,2018-09-26-03-33-32
1.0,113.34664613896167,23.155157372323103,2018-09-26-03-33-32
1.0,113.347394757839,23.155905822649043,2018-09-26-03-33-32
1.0,113.35088872199943,23.155900103251067,2018-09-26-03-33-32
1.0,113.35113826794161,23.15639950976689,2018-09-26-03-33-32
1.0,113.34689559178702,23.15665636752185,2018-09-26-03-33-32
1.0,113.34489916897147,23.156909664303903,2018-09-26-03-33-32
1.0,113.3463964482709,23.157157014650224,2018-09-26-03-33-32
1.0,113.34464950449035,23.15865941347567,2018-09-26-03-33-32
1.0,113.35338425326474,23.160894237794594,2018-09-26-03-33-32
1.0,113.34464933366863,23.161158444987706,2018-09-26-03-33-32
1.0,113.33491787693377,23.161925615555184,2018-09-26-03-33-32
1.0,113.32768240736064,23.16293884806805,2018-09-26-03-33-32
1.0,113.32793189715234,23.162938373280156,2018-09-26-03-33-32
1.0,113.3271834118046,23.163189701984415,2018-09-26-03-33-32
1.0,113.32543697946696,23.16344293805001,2018-09-26-03-33-32
1.0,113.3269339060153,23.16344008112526,2018-09-26-03-33-32
1.0,113.32768237332346,23.163438655329056,2018-09-26-03-33-32
1.0,113.3251874755897,23.16369331843764,2018-09-26-03-33-32
1.0,113.3271833777711,23.163689509319692,2018-09-26-03-33-32
1.0,113.32743286686836,23.16368903405013,2018-09-26-03-33-32
1.0,113.32768235630462,23.163688559015156,2018-09-26-03-33-32
1.0,113.32618540749134,23.16394131622002,2018-09-26-03-33-32
1.0,113.32643489536552,23.16394084013571,2018-09-26-03-33-32
1.0,113.32793182907328,23.16393798795033,2018-09-26-03-33-32
1.0,113.32618539047823,23.16419121998069,2018-09-26-03-33-32
1.0,113.32718334373698,23.164189316803515,2018-09-26-03-33-32
1.0,113.33516721228322,23.164424189592577,2018-09-26-03-33-32
1.0,113.3369137748735,23.16442097173366,2018-09-26-03-33-32
1.0,113.32718330970216,23.164689124436322,2018-09-26-03-33-32
1.0,113.32768228822759,23.164688174131452,2018-09-26-03-33-32
1.0,113.32793177801224,23.164687699343272,2018-09-26-03-33-32
1.0,113.33491768941084,23.164674555684147,2018-09-26-03-33-32
1.0,113.32743278177671,23.164938553038954,2018-09-26-03-33-32
1.0,113.32793176099156,23.164937603215552,2018-09-26-03-33-32
1.0,113.3279317269497,23.165437411072407,2018-09-26-03-33-32
1.0,113.32643477626316,23.1656901672442,2018-09-26-03-33-32
1.0,113.32718324163054,23.16568874015063,2018-09-26-03-33-32
1.0,113.3351671270348,23.165673709135294,2018-09-26-03-33-32
1.0,113.33741269781605,23.165919482040962,2018-09-26-03-33-32
1.0,113.32518730549327,23.166192357354273,2018-09-26-03-33-32
1.0,113.3259357667743,23.166190927668964,2018-09-26-03-33-32
1.0,113.32693371883221,23.16618902372522,2018-09-26-03-33-32
1.0,113.32768218610705,23.166187597927657,2018-09-26-03-33-32
1.0,113.33491757006756,23.166423883569525,2018-09-26-03-33-32
1.0,113.33591559790271,23.166422038284818,2018-09-26-03-33-32
1.0,113.33441854359313,23.166674714020576,2018-09-26-03-33-32
1.0,113.3346680479423,23.166674250566114,2018-09-26-03-33-32
1.0,113.33416902291016,23.166925082226875,2018-09-26-03-33-32
1.0,113.32718313951811,23.167188164850444,2018-09-26-03-33-32
1.0,113.32668414529806,23.167439020294097,2018-09-26-03-33-32
1.0,113.3259356646902,23.16769035282354,2018-09-26-03-33-32
1.0,113.3374125783989,23.16766881124237,2018-09-26-03-33-32
1.0,113.33042645974439,23.16818162539438,2018-09-26-03-33-32
1.0,113.33591547852392,23.16817136801825,2018-09-26-03-33-32
1.0,113.3309254322854,23.168430587677328,2018-09-26-03-33-32
1.0,113.33491743366521,23.16842311770398,2018-09-26-03-33-32
1.0,113.33541642898184,23.16867209824147,2018-09-26-03-33-32
1.0,113.33691348489606,23.16866934201959,2018-09-26-03-33-32
1.0,113.32618506719747,23.16893939857264,2018-09-26-03-33-32
1.0,113.33641444595996,23.168920162558667,2018-09-26-03-33-32
1.0,113.33441837310647,23.16917375745055,2018-09-26-03-33-32
1.0,113.33491738251158,23.169172831132812,2018-09-26-03-33-32
1.0,113.32618503316442,23.169439207642974,2018-09-26-03-33-32
1.0,113.33466786039527,23.169423198548596,2018-09-26-03-33-32
1.0,113.33217279638345,23.170177571605706,2018-09-26-03-33-32
1.0,113.33292129340511,23.17017616836921,2018-09-26-03-33-32
1.0,113.32768189673298,23.17043597275674,2018-09-26-03-33-32
1.0,113.33142428766314,23.17042888377238,2018-09-26-03-33-32
1.0,113.33192328154027,23.170427945013316,2018-09-26-03-33-32
1.0,113.32518699927775,23.170690636937408,2018-09-26-03-33-32
1.0,113.33292125931627,23.17067597782207,2018-09-26-03-33-32
1.0,113.33317075957034,23.170675511072325,2018-09-26-03-33-32
1.0,113.33092526192571,23.170929633791207,2018-09-26-03-33-32
1.0,113.3266838900186,23.171187588615552,2018-09-26-03-33-32
1.0,113.32768184566197,23.17118568711262,2018-09-26-03-33-32
1.0,113.33292119113658,23.17167559719223,2018-09-26-03-33-32
1.0,113.32818077446612,23.171934452498036,2018-09-26-03-33-32
1.0,113.33317067434037,23.171925035381893,2018-09-26-03-33-32
1.0,113.33491787693377,23.161925615555184,2018-09-26-03-33-32
1.0,113.3436510980894,23.16215978626552,2018-09-26-03-33-32
1.0,113.34090621729453,23.16241452312497,2018-09-26-03-33-32
1.0,113.34265293290247,23.16241143382201,2018-09-26-03-33-32
1.0,113.34140523928615,23.162913442922264,2018-09-26-03-33-32
1.0,113.34340150806162,23.162909931377794,2018-09-26-03-33-32
1.0,113.3424033475423,23.163161583029186,2018-09-26-03-33-32
1.0,113.33841092956634,23.16341862582169,2018-09-26-03-33-32
1.0,113.3429023998688,23.163410610674635,2018-09-26-03-33-32
1.0,113.34065660546761,23.163664486178245,2018-09-26-03-33-32
1.0,113.33866041301168,23.163917980709442,2018-09-26-03-33-32
1.0,113.34140517099598,23.16391305758341,2018-09-26-03-33-32
1.0,113.33516721228322,23.164424189592577,2018-09-26-03-33-32
1.0,113.3369137748735,23.16442097173366,2018-09-26-03-33-32
1.0,113.3386603788864,23.16441778826387,2018-09-26-03-33-32
1.0,113.3389098973899,23.164417336532495,2018-09-26-03-33-32
1.0,113.3414051368499,23.164412865136907,2018-09-26-03-33-32
1.0,113.33491768941084,23.164674555684147,2018-09-26-03-33-32
1.0,113.34115555703823,23.165163019949716,2018-09-26-03-33-32
1.0,113.3351671270348,23.165673709135294,2018-09-26-03-33-32
1.0,113.34015741908031,23.1656646096368,2018-09-26-03-33-32
1.0,113.33741269781605,23.165919482040962,2018-09-26-03-33-32
1.0,113.33491757006756,23.166423883569525,2018-09-26-03-33-32
1.0,113.33591559790271,23.166422038284818,2018-09-26-03-33-32
1.0,113.33990782742393,23.166664673561037,2018-09-26-03-33-32
1.0,113.34190399237941,23.167410829968542,2018-09-26-03-33-32
1.0,113.3374125783989,23.16766881124237,2018-09-26-03-33-32
1.0,113.34015726544945,23.167913747177952,2018-09-26-03-33-32
1.0,113.33591547852392,23.16817136801825,2018-09-26-03-33-32
1.0,113.34040677276616,23.16816320478009,2018-09-26-03-33-32
1.0,113.3416544103935,23.168160984289816,2018-09-26-03-33-32
1.0,113.33491743366521,23.16842311770398,2018-09-26-03-33-32
1.0,113.34265252301783,23.16840912897619,2018-09-26-03-33-32
1.0,113.33541642898184,23.16867209824147,2018-09-26-03-33-32
1.0,113.33691348489606,23.16866934201959,2018-09-26-03-33-32
1.0,113.34140484658121,23.168661235409942,2018-09-26-03-33-32
1.0,113.33641444595996,23.168920162558667,2018-09-26-03-33-32
1.0,113.34240295474785,23.168909376378434,2018-09-26-03-33-32
1.0,113.33491738251158,23.169172831132812,2018-09-26-03-33-32
1.0,113.34015718009312,23.169163269363956,2018-09-26-03-33-32
1.0,113.34065622988952,23.169162376717125,2018-09-26-03-33-32
1.0,113.3421534046922,23.169159720348645,2018-09-26-03-33-32
1.0,113.34015716302135,23.16941317391596,2018-09-26-03-33-32
1.0,113.34065621281587,23.169412281269043,2018-09-26-03-33-32
1.0,113.34040665325834,23.1699125363762,2018-09-26-03-33-32
1.0,113.33841043472181,23.170665847944033,2018-09-26-03-33-32
1.0,113.3458964214461,23.170652663209218,2018-09-26-03-33-32
1.0,113.3471441741506,23.170900460897602,2018-09-26-03-33-32
1.0,113.34414956421398,23.171155469901205,2018-09-26-03-33-32
1.0,113.34315137260101,23.171657015615455,2018-09-26-03-33-32
1.0,113.34639545696533,23.171651436260046,2018-09-26-03-33-32
1.0,113.34764324028943,23.171649340875927,2018-09-26-03-33-32
1.0,113.35338399655093,23.164642791362024,2018-09-26-03-33-32
1.0,113.35413279065145,23.16464164225168,2018-09-26-03-33-32
1.0,113.35438239209151,23.164641262201926,2018-09-26-03-33-32
1.0,113.35463199525432,23.164640883663665,2018-09-26-03-33-32
1.0,113.35088810624134,23.164896619372783,2018-09-26-03-33-32
1.0,113.3526351833067,23.165143761459866,2018-09-26-03-33-32
1.0,113.35213597129602,23.165644351462145,2018-09-26-03-33-32
1.0,113.35363350730917,23.165891926556732,2018-09-26-03-33-32
1.0,113.34789317729232,23.166151026512708,2018-09-26-03-33-32
1.0,113.35288470619658,23.166142988565287,2018-09-26-03-33-32
1.0,113.3526350635088,23.166893089850426,2018-09-26-03-33-32
1.0,113.34988964727657,23.16714736418464,2018-09-26-03-33-32
1.0,113.34939048677431,23.167398080508185,2018-09-26-03-33-32
1.0,113.35238543957904,23.1673932886293,2018-09-26-03-33-32
1.0,113.35088786672117,23.168395277483295,2018-09-26-03-33-32
1.0,113.35463172132033,23.168639350067277,2018-09-26-03-33-32
1.0,113.35687822910755,23.168636012996387,2018-09-26-03-33-32
1.0,113.35288451792263,23.168891935676548,2018-09-26-03-33-32
1.0,113.35687821197823,23.168885917468856,2018-09-26-03-33-32
1.0,113.35737745585203,23.16888519342053,2018-09-26-03-33-32
1.0,113.34839209797956,23.16914905084848,2018-09-26-03-33-32
1.0,113.35238528554547,23.169642428546258,2018-09-26-03-33-32
1.0,113.354631618584,23.170138777479867,2018-09-26-03-33-32
1.0,113.34789288660306,23.170399401283806,2018-09-26-03-33-32
1.0,113.35138689160286,23.170393717989157,2018-09-26-03-33-32
1.0,113.3458964214461,23.170652663209218,2018-09-26-03-33-32
1.0,113.3471441741506,23.170900460897602,2018-09-26-03-33-32
1.0,113.35238518284888,23.171141856885324,2018-09-26-03-33-32
1.0,113.3556299629917,23.171386802555013,2018-09-26-03-33-32
1.0,113.34639545696533,23.171651436260046,2018-09-26-03-33-32
1.0,113.34764324028943,23.171649340875927,2018-09-26-03-33-32
1.0,113.3266838900186,23.171187588615552,2018-09-26-03-33-32
1.0,113.32768184566197,23.17118568711262,2018-09-26-03-33-32
1.0,113.33292119113658,23.17167559719223,2018-09-26-03-33-32
1.0,113.32818077446612,23.171934452498036,2018-09-26-03-33-32
1.0,113.33317067434037,23.171925035381893,2018-09-26-03-33-32
1.0,113.32768177756496,23.172185306796905,2018-09-26-03-33-32
1.0,113.33342015818867,23.17217447412882,2018-09-26-03-33-32
1.0,113.33616471451221,23.17216938330509,2018-09-26-03-33-32
1.0,113.32992718261677,23.17243094908421,2018-09-26-03-33-32
1.0,113.33317064024722,23.172424845377908,2018-09-26-03-33-32
1.0,113.32543634999567,23.172689399607503,2018-09-26-03-33-32
1.0,113.32668378789631,23.172687018376713,2018-09-26-03-33-32
1.0,113.32768174351546,23.172685116872785,2018-09-26-03-33-32
1.0,113.32818072338607,23.172684167553093,2018-09-26-03-33-32
1.0,113.32843021388354,23.172683693294594,2018-09-26-03-33-32
1.0,113.33491714377475,23.172671498386933,2018-09-26-03-33-32
1.0,113.32793121624182,23.172934547179803,2018-09-26-03-33-32
1.0,113.3291786707544,23.172932177369173,2018-09-26-03-33-32
1.0,113.32967765549553,23.172931231606327,2018-09-26-03-33-32
1.0,113.3341686137337,23.172922793836563,2018-09-26-03-33-32
1.0,113.32518682913471,23.17318968654326,2018-09-26-03-33-32
1.0,113.32643426573206,23.173187304510037,2018-09-26-03-33-32
1.0,113.32818068933186,23.17318397778521,2018-09-26-03-33-32
1.0,113.32917865372319,23.173182082504642,2018-09-26-03-33-32
1.0,113.33441810029309,23.173172234935883,2018-09-26-03-33-32
1.0,113.33516661545657,23.173170846357543,2018-09-26-03-33-32
1.0,113.3251868121195,23.173439591718605,2018-09-26-03-33-32
1.0,113.32768169243994,23.17343483228,2018-09-26-03-33-32
1.0,113.32843016279895,23.173433408701438,2018-09-26-03-33-32
1.0,113.32892914497921,23.17343246104871,2018-09-26-03-33-32
1.0,113.32942812883726,23.173431514631073,2018-09-26-03-33-32
1.0,113.3349170926126,23.173421213790537,2018-09-26-03-33-32
1.0,113.33516659840139,23.173420751531225,2018-09-26-03-33-32
1.0,113.32593525629393,23.173688067244186,2018-09-26-03-33-32
1.0,113.32867963665655,23.173682839940895,2018-09-26-03-33-32
1.0,113.326184726837,23.173937496239255,2018-09-26-03-33-32
1.0,113.32643421467071,23.173937020153293,2018-09-26-03-33-32
1.0,113.32743216899388,23.173935117784374,2018-09-26-03-33-32
1.0,113.32867961962684,23.17393274519424,2018-09-26-03-33-32
1.0,113.32693317418502,23.174185973842125,2018-09-26-03-33-32
1.0,113.32718266291421,23.1741854983486,2018-09-26-03-33-32
1.0,113.32793113110927,23.174184073250835,2018-09-26-03-33-32
1.0,113.32818062122145,23.1741835987204,2018-09-26-03-33-32
1.0,113.32917858559668,23.174181703439167,2018-09-26-03-33-32
1.0,113.32718264589022,23.17443540368099,2018-09-26-03-33-32
1.0,113.32768162433693,23.174434453372896,2018-09-26-03-33-32
1.0,113.32793111408225,23.174433978583103,2018-09-26-03-33-32
1.0,113.32917856856464,23.17443160877123,2018-09-26-03-33-32
1.0,113.33516653017892,23.17442037261914,2018-09-26-03-33-32
1.0,113.3269331401389,23.17468578454647,2018-09-26-03-33-32
1.0,113.32718262886607,23.17468530905286,2018-09-26-03-33-32
1.0,113.32843007765466,23.174682935165503,2018-09-26-03-33-32
1.0,113.32917855153242,23.17468151414277,2018-09-26-03-33-32
1.0,113.33566552696279,23.174669355332348,2018-09-26-03-33-32
1.0,113.32743210089357,23.174934739192842,2018-09-26-03-33-32
1.0,113.32793108002772,23.17493378936613,2018-09-26-03-33-32
1.0,113.32942802663948,23.174930946505345,2018-09-26-03-33-32
1.0,113.32867953447584,23.175182272052627,2018-09-26-03-33-32
1.0,113.32693308906848,23.175435500899628,2018-09-26-03-33-32
1.0,113.32743206684242,23.175434550134387,2018-09-26-03-33-32
1.0,113.32768155623125,23.17543407509747,2018-09-26-03-33-32
1.0,113.33366943809814,23.17542277671555,2018-09-26-03-33-32
1.0,113.33541596848772,23.175419532695575,2018-09-26-03-33-32
1.0,113.32593512014053,23.175687310380024,2018-09-26-03-33-32
1.0,113.32768153920442,23.175683980627717,2018-09-26-03-33-32
1.0,113.32793102894469,23.175683505837714,2018-09-26-03-33-32
1.0,113.33541595143005,23.175669438224535,2018-09-26-03-33-32
1.0,113.33566545872918,23.175668977210062,2018-09-26-03-33-32
1.0,113.33591496680776,23.175668516836517,2018-09-26-03-33-32
1.0,113.33791104401399,23.175914763952584,2018-09-26-03-33-32
1.0,113.33267138469596,23.176174359363856,2018-09-26-03-33-32
1.0,113.33666346172683,23.17616695086029,2018-09-26-03-33-32
1.0,113.33766151215879,23.17616512436829,2018-09-26-03-33-32
1.0,113.33791102694629,23.176164669560677,2018-09-26-03-33-32
1.0,113.33741198119029,23.176415485562234,2018-09-26-03-33-32
1.0,113.3376614780248,23.176664935704192,2018-09-26-03-33-32
1.0,113.3324218345774,23.176924544180853,2018-09-26-03-33-32
1.0,113.33616439037351,23.176917585357604,2018-09-26-03-33-32
1.0,113.33791097574218,23.17691438662432,2018-09-26-03-33-32
1.0,113.33791094160527,23.177414198200083,2018-09-26-03-33-32
1.0,113.3296773318359,23.177679435935893,2018-09-26-03-33-32
1.0,113.33117429740446,23.177676607338086,2018-09-26-03-33-32
1.0,113.33791092453656,23.177664104048127,2018-09-26-03-33-32
1.0,113.33117428036208,23.177926513227437,2018-09-26-03-33-32
1.0,113.33641383179452,23.177916749615367,2018-09-26-03-33-32
1.0,113.33741187879112,23.177914920290462,2018-09-26-03-33-32
1.0,113.32568546264798,23.178186844300342,2018-09-26-03-33-32
1.0,113.32593494993378,23.17818636788051,2018-09-26-03-33-32
1.0,113.32867933009645,23.178181140569034,2018-09-26-03-33-32
1.0,113.33142375939063,23.17817594912168,2018-09-26-03-33-32
1.0,113.33341974899903,23.178172205434322,2018-09-26-03-33-32
1.0,113.33391875273446,23.178171274573522,2018-09-26-03-33-32
1.0,113.33616430506383,23.17816711459957,2018-09-26-03-33-32
1.0,113.3311742462768,23.178426325126896,2018-09-26-03-33-32
1.0,113.33666330815342,23.17841610313506,2018-09-26-03-33-32
1.0,113.32718235645702,23.178683800416056,2018-09-26-03-33-32
1.0,113.33167322192543,23.1786752914985,2018-09-26-03-33-32
1.0,113.33641378060429,23.178666467522415,2018-09-26-03-33-32
1.0,113.3371623145682,23.178665094469494,2018-09-26-03-33-32
1.0,113.33766134148219,23.17866418265068,2018-09-26-03-33-32
1.0,113.33641376354053,23.17891637357215,2018-09-26-03-33-32
1.0,113.33666327402416,23.17891591519405,2018-09-26-03-33-32
1.0,113.3369127853401,23.178915457505646,2018-09-26-03-33-32
1.0,113.33666325695928,23.179165821284187,2018-09-26-03-33-32
1.0,113.33766130734486,23.179163994790176,2018-09-26-03-33-32
1.0,113.33341964668661,23.179671641857507,2018-09-26-03-33-32
1.0,113.33666322282902,23.17966563358603,2018-09-26-03-33-32
1.0,113.33691273414205,23.1796651758975,2018-09-26-03-33-32
1.0,113.33766127320686,23.179663807091682,2018-09-26-03-33-32
1.0,113.3379107879809,23.17966335228348,2018-09-26-03-33-32
1.0,113.32842972000311,23.179930957185732,2018-09-26-03-33-32
1.0,113.33317012876978,23.17992201430273,2018-09-26-03-33-32
1.0,113.3336691311581,23.179921082367674,2018-09-26-03-33-32
1.0,113.3344176398236,23.17991968856807,2018-09-26-03-33-32
1.0,113.32518635264566,23.180187046471254,2018-09-26-03-33-32
1.0,113.32718225429262,23.180183237331484,2018-09-26-03-33-32
1.0,113.33566515164487,23.180167283579895,2018-09-26-03-33-32
1.0,113.33766123906821,23.18016361955562,2018-09-26-03-33-32
1.0,113.32518633562577,23.18043695276635,2018-09-26-03-33-32
1.0,113.32543582242535,23.18043647606242,2018-09-26-03-33-32
1.0,113.3316731026066,23.18042463470347,2018-09-26-03-33-32
1.0,113.33192259978867,23.18042416554456,2018-09-26-03-33-32
1.0,113.3344176057099,23.18041950111448,2018-09-26-03-33-32
1.0,113.33741170811246,23.18041398139526,2018-09-26-03-33-32
1.0,113.32743170926508,23.180682574689406,2018-09-26-03-33-32
1.0,113.3281801784388,23.18068115032928,2018-09-26-03-33-32
1.0,113.33192258274146,23.180674071879306,2018-09-26-03-33-32
1.0,113.33366907999617,23.180670801248784,2018-09-26-03-33-32
1.0,113.33791071969905,23.180662977374052,2018-09-26-03-33-32
1.0,113.33441757159554,23.18091931382396,2018-09-26-03-33-32
1.0,113.3471441741506,23.170900460897602,2018-09-26-03-33-32
1.0,113.34414956421398,23.171155469901205,2018-09-26-03-33-32
1.0,113.34315137260101,23.171657015615455,2018-09-26-03-33-32
1.0,113.34639545696533,23.171651436260046,2018-09-26-03-33-32
1.0,113.34764324028943,23.171649340875927,2018-09-26-03-33-32
1.0,113.33616471451221,23.17216938330509,2018-09-26-03-33-32
1.0,113.34689453200548,23.172150404477893,2018-09-26-03-33-32
1.0,113.34439902115098,23.17240456319397,2018-09-26-03-33-32
1.0,113.33491714377475,23.172671498386933,2018-09-26-03-33-32
1.0,113.34564673471664,23.17265232741125,2018-09-26-03-33-32
1.0,113.34714405445706,23.172649795458796,2018-09-26-03-33-32
1.0,113.33915883654691,23.172913637207564,2018-09-26-03-33-32
1.0,113.34365036349325,23.172905670665923,2018-09-26-03-33-32
1.0,113.34789271558675,23.172898450462306,2018-09-26-03-33-32
1.0,113.33516661545657,23.173170846357543,2018-09-26-03-33-32
1.0,113.33915881947642,23.173163542341367,2018-09-26-03-33-32
1.0,113.34489805834836,23.17315341887644,2018-09-26-03-33-32
1.0,113.34514760446498,23.173152990697208,2018-09-26-03-33-32
1.0,113.34539715185387,23.173152563613673,2018-09-26-03-33-32
1.0,113.34564670052767,23.173152137637487,2018-09-26-03-33-32
1.0,113.34589625049894,23.173151712780278,2018-09-26-03-33-32
1.0,113.34689446361035,23.173150024773104,2018-09-26-03-33-32
1.0,113.3349170926126,23.173421213790537,2018-09-26-03-33-32
1.0,113.33516659840139,23.173420751531225,2018-09-26-03-33-32
1.0,113.34265218137368,23.173407225036634,2018-09-26-03-33-32
1.0,113.34514758737204,23.173402895869202,2018-09-26-03-33-32
1.0,113.34539713476003,23.173402468785625,2018-09-26-03-33-32
1.0,113.33865974744816,23.173664255393746,2018-09-26-03-33-32
1.0,113.34414939332675,23.17365452025512,2018-09-26-03-33-32
1.0,113.34514757027894,23.173652801080458,2018-09-26-03-33-32
1.0,113.34689442941179,23.173649835155757,2018-09-26-03-33-32
1.0,113.34714398605706,23.173649416067082,2018-09-26-03-33-32
1.0,113.33816069624385,23.173915066459404,2018-09-26-03-33-32
1.0,113.34389983508564,23.17390485795113,2018-09-26-03-33-32
1.0,113.34464846221746,23.173903563773777,2018-09-26-03-33-32
1.0,113.34539710057184,23.17390227924737,2018-09-26-03-33-32
1.0,113.34589619921154,23.173901428413718,2018-09-26-03-33-32
1.0,113.34614575049022,23.173901004686968,2018-09-26-03-33-32
1.0,113.34639530309154,23.17390058210239,2018-09-26-03-33-32
1.0,113.34689441231225,23.173899740406025,2018-09-26-03-33-32
1.0,113.33816067917653,23.17416497175054,2018-09-26-03-33-32
1.0,113.3389092317761,23.174163614203454,2018-09-26-03-33-32
1.0,113.34215306307509,23.174157818738927,2018-09-26-03-33-32
1.0,113.34240259603216,23.17415737928115,2018-09-26-03-33-32
1.0,113.3429016653553,23.174156503276397,2018-09-26-03-33-32
1.0,113.3441493591473,23.174154330795982,2018-09-26-03-33-32
1.0,113.34639528599362,23.174150487392126,2018-09-26-03-33-32
1.0,113.34739350987223,23.174148808706477,2018-09-26-03-33-32
1.0,113.33516653017892,23.17442037261914,2018-09-26-03-33-32
1.0,113.3399072982025,23.174411720709955,2018-09-26-03-33-32
1.0,113.34564661505229,23.1744016638902,2018-09-26-03-33-32
1.0,113.34639526889552,23.17440039272128,2018-09-26-03-33-32
1.0,113.34714393475531,23.174399131935942,2018-09-26-03-33-32
1.0,113.34789261296892,23.174397881845387,2018-09-26-03-33-32
1.0,113.33566552696279,23.174669355332348,2018-09-26-03-33-32
1.0,113.34315116757429,23.174655877452004,2018-09-26-03-33-32
1.0,113.34589614792262,23.1746511444015,2018-09-26-03-33-32
1.0,113.34664480573112,23.174649876658957,2018-09-26-03-33-32
1.0,113.3448979387006,23.174902755907116,2018-09-26-03-33-32
1.0,113.34340067095944,23.175155252787402,2018-09-26-03-33-32
1.0,113.34414929078638,23.17515395235125,2018-09-26-03-33-32
1.0,113.34439883315487,23.175153520954677,2018-09-26-03-33-32
1.0,113.34539701509846,23.175151806091684,2018-09-26-03-33-32
1.0,113.34764300086245,23.175148013558708,2018-09-26-03-33-32
1.0,113.33541596848772,23.175419532695575,2018-09-26-03-33-32
1.0,113.33915866583457,23.17541269031651,2018-09-26-03-33-32
1.0,113.33965770756231,23.175411790892163,2018-09-26-03-33-32
1.0,113.33990722990417,23.17541134242635,2018-09-26-03-33-32
1.0,113.34489790451403,23.17540256684279,2018-09-26-03-33-32
1.0,113.3451474506225,23.175402138663173,2018-09-26-03-33-32
1.0,113.34539699800328,23.175401711579255,2018-09-26-03-33-32
1.0,113.33541595143005,23.175669438224535,2018-09-26-03-33-32
1.0,113.33566545872918,23.175668977210062,2018-09-26-03-33-32
1.0,113.33591496680776,23.175668516836517,2018-09-26-03-33-32
1.0,113.33965769048825,23.175661696420413,2018-09-26-03-33-32
1.0,113.33990721282916,23.175661247954555,2018-09-26-03-33-32
1.0,113.3404062605321,23.17566035357565,2018-09-26-03-33-32
1.0,113.34564652957273,23.17565119112991,2018-09-26-03-33-32
1.0,113.33791104401399,23.175914763952584,2018-09-26-03-33-32
1.0,113.33865959382048,23.17591340408077,2018-09-26-03-33-32
1.0,113.33940815206375,23.175912051289224,2018-09-26-03-33-32
1.0,113.34489787032678,23.17590237793725,2018-09-26-03-33-32
1.0,113.34739339015728,23.175898146840336,2018-09-26-03-33-32
1.0,113.33666346172683,23.17616695086029,2018-09-26-03-33-32
1.0,113.33766151215879,23.17616512436829,2018-09-26-03-33-32
1.0,113.33791102694629,23.176164669560677,2018-09-26-03-33-32
1.0,113.33915861461762,23.176162407020804,2018-09-26-03-33-32
1.0,113.34040622637781,23.17616016475119,2018-09-26-03-33-32
1.0,113.34414922242277,23.176153574540784,2018-09-26-03-33-32
1.0,113.33741198119029,23.176415485562234,2018-09-26-03-33-32
1.0,113.33915859754495,23.176412312668546,2018-09-26-03-33-32
1.0,113.34015668494393,23.176410517158832,2018-09-26-03-33-32
1.0,113.34215290932555,23.17640696813369,2018-09-26-03-33-32
1.0,113.3458960282426,23.17640048309253,2018-09-26-03-33-32
1.0,113.34614557951235,23.17640005936535,2018-09-26-03-33-32
1.0,113.34639513210475,23.176399636780346,2018-09-26-03-33-32
1.0,113.34664468603238,23.176399215349086,2018-09-26-03-33-32
1.0,113.3376614780248,23.176664935704192,2018-09-26-03-33-32
1.0,113.33841002508899,23.17666357354444,2018-09-26-03-33-32
1.0,113.33890906106494,23.17666266929086,2018-09-26-03-33-32
1.0,113.33940810084293,23.176661768232375,2018-09-26-03-33-32
1.0,113.33965762219036,23.176661318931433,2018-09-26-03-33-32
1.0,113.33990714452747,23.176660870465405,2018-09-26-03-33-32
1.0,113.34090524403308,23.176659085190636,2018-09-26-03-33-32
1.0,113.34614556241364,23.176649965051812,2018-09-26-03-33-32
1.0,113.34764289824082,23.17664744707833,2018-09-26-03-33-32
1.0,113.33616439037351,23.176917585357604,2018-09-26-03-33-32
1.0,113.33791097574218,23.17691438662432,2018-09-26-03-33-32
1.0,113.3381604914249,23.17691393256699,2018-09-26-03-33-32
1.0,113.33865952553715,23.176913026751997,2018-09-26-03-33-32
1.0,113.33915856339914,23.176912124083813,2018-09-26-03-33-32
1.0,113.33940808376899,23.176911673959946,2018-09-26-03-33-32
1.0,113.33965760511548,23.176911224658962,2018-09-26-03-33-32
1.0,113.34115475443313,23.176908546806473,2018-09-26-03-33-32
1.0,113.3429014774068,23.176905464084005,2018-09-26-03-33-32
1.0,113.34614554531477,23.176899870778236,2018-09-26-03-33-32
1.0,113.34739332174503,23.176897769505597,2018-09-26-03-33-32
1.0,113.34764288113664,23.176897352804495,2018-09-26-03-33-32
1.0,113.33840999094858,23.177163385039947,2018-09-26-03-33-32
1.0,113.33791094160527,23.177414198200083,2018-09-26-03-33-32
1.0,113.33840997387811,23.177413290847785,2018-09-26-03-33-32
1.0,113.3394080496206,23.17741148553521,2018-09-26-03-33-32
1.0,113.34514731386224,23.17740138399767,2018-09-26-03-33-32
1.0,113.33791092453656,23.177664104048127,2018-09-26-03-33-32
1.0,113.33890899277579,23.177662292441823,2018-09-26-03-33-32
1.0,113.34190329207846,23.177656937382416,2018-09-26-03-33-32
1.0,113.34689415579915,23.177648323914962,2018-09-26-03-33-32
1.0,113.33641383179452,23.177916749615367,2018-09-26-03-33-32
1.0,113.33741187879112,23.177914920290462,2018-09-26-03-33-32
1.0,113.33890897570308,23.17791219832988,2018-09-26-03-33-32
1.0,113.33990705914661,23.177910399503585,2018-09-26-03-33-32
1.0,113.34240233976146,23.177905963398693,2018-09-26-03-33-32
1.0,113.33616430506383,23.17816711459957,2018-09-26-03-33-32
1.0,113.33816040607657,23.178163461807276,2018-09-26-03-33-32
1.0,113.34040608975396,23.178159411051958,2018-09-26-03-33-32
1.0,113.3421527897332,23.17815630878485,2018-09-26-03-33-32
1.0,113.33666330815342,23.17841610313506,2018-09-26-03-33-32
1.0,113.33890894155716,23.178412010226747,2018-09-26-03-33-32
1.0,113.33940798132183,23.178411109167673,2018-09-26-03-33-32
1.0,113.34664454922377,23.17839846196211,2018-09-26-03-33-32
1.0,113.33641378060429,23.178666467522415,2018-09-26-03-33-32
1.0,113.3371623145682,23.178665094469494,2018-09-26-03-33-32
1.0,113.33766134148219,23.17866418265068,2018-09-26-03-33-32
1.0,113.33641376354053,23.17891637357215,2018-09-26-03-33-32
1.0,113.33666327402416,23.17891591519405,2018-09-26-03-33-32
1.0,113.3369127853401,23.178915457505646,2018-09-26-03-33-32
1.0,113.33890890741058,23.178911822284984,2018-09-26-03-33-32
1.0,113.33940794717144,23.17891092122574,2018-09-26-03-33-32
1.0,113.33666325695928,23.179165821284187,2018-09-26-03-33-32
1.0,113.33766130734486,23.179163994790176,2018-09-26-03-33-32
1.0,113.3381603377949,23.17916308592435,2018-09-26-03-33-32
1.0,113.33840985438023,23.17916263262917,2018-09-26-03-33-32
1.0,113.3386593718899,23.179162180108605,2018-09-26-03-33-32
1.0,113.33666322282902,23.17966563358603,2018-09-26-03-33-32
1.0,113.33691273414205,23.1796651758975,2018-09-26-03-33-32
1.0,113.33766127320686,23.179663807091682,2018-09-26-03-33-32
1.0,113.3379107879809,23.17966335228348,2018-09-26-03-33-32
1.0,113.33865933774423,23.179661992409773,2018-09-26-03-33-32
1.0,113.33890885618946,23.17966154067583,2018-09-26-03-33-32
1.0,113.33915837558521,23.179661089740662,2018-09-26-03-33-32
1.0,113.3394078959446,23.179660639616333,2018-09-26-03-33-32
1.0,113.33865932067116,23.179911898621242,2018-09-26-03-33-32
1.0,113.33890883911542,23.179911446887257,2018-09-26-03-33-32
1.0,113.33566515164487,23.180167283579895,2018-09-26-03-33-32
1.0,113.33766123906821,23.18016361955562,2018-09-26-03-33-32
1.0,113.33840978609204,23.18016225739411,2018-09-26-03-33-32
1.0,113.33890882204122,23.180161353139347,2018-09-26-03-33-32
1.0,113.33741170811246,23.18041398139526,2018-09-26-03-33-32
1.0,113.33791071969905,23.180662977374052,2018-09-26-03-33-32
1.0,113.33816023536737,23.180662523316094,2018-09-26-03-33-32
1.0,113.33840975194695,23.18066207002066,2018-09-26-03-33-32
1.0,113.3438993736266,23.18065231478152,2018-09-26-03-33-32
1.0,113.34639484138876,23.18064803892121,2018-09-26-03-33-32
1.0,113.3458964214461,23.170652663209218,2018-09-26-03-33-32
1.0,113.3471441741506,23.170900460897602,2018-09-26-03-33-32
1.0,113.35238518284888,23.171141856885324,2018-09-26-03-33-32
1.0,113.3556299629917,23.171386802555013,2018-09-26-03-33-32
1.0,113.34639545696533,23.171651436260046,2018-09-26-03-33-32
1.0,113.34764324028943,23.171649340875927,2018-09-26-03-33-32
1.0,113.34889104144462,23.171897180709344,2018-09-26-03-33-32
1.0,113.34939017887544,23.171896363465937,2018-09-26-03-33-32
1.0,113.34988932224127,23.17189555138596,2018-09-26-03-33-32
1.0,113.35013889618033,23.171895147310433,2018-09-26-03-33-32
1.0,113.35163637216584,23.171892751065503,2018-09-26-03-33-32
1.0,113.34689453200548,23.172150404477893,2018-09-26-03-33-32
1.0,113.34564673471664,23.17265232741125,2018-09-26-03-33-32
1.0,113.34714405445706,23.172649795458796,2018-09-26-03-33-32
1.0,113.34789271558675,23.172898450462306,2018-09-26-03-33-32
1.0,113.34489805834836,23.17315341887644,2018-09-26-03-33-32
1.0,113.34514760446498,23.173152990697208,2018-09-26-03-33-32
1.0,113.34539715185387,23.173152563613673,2018-09-26-03-33-32
1.0,113.34564670052767,23.173152137637487,2018-09-26-03-33-32
1.0,113.34589625049894,23.173151712780278,2018-09-26-03-33-32
1.0,113.34689446361035,23.173150024773104,2018-09-26-03-33-32
1.0,113.3483918243309,23.173147528295786,2018-09-26-03-33-32
1.0,113.3508875416055,23.173143468344282,2018-09-26-03-33-32
1.0,113.34514758737204,23.173402895869202,2018-09-26-03-33-32
1.0,113.34539713476003,23.173402468785625,2018-09-26-03-33-32
1.0,113.35113710458059,23.173392974805086,2018-09-26-03-33-32
1.0,113.34514757027894,23.173652801080458,2018-09-26-03-33-32
1.0,113.34689442941179,23.173649835155757,2018-09-26-03-33-32
1.0,113.34714398605706,23.173649416067082,2018-09-26-03-33-32
1.0,113.34464846221746,23.173903563773777,2018-09-26-03-33-32
1.0,113.34539710057184,23.17390227924737,2018-09-26-03-33-32
1.0,113.34589619921154,23.173901428413718,2018-09-26-03-33-32
1.0,113.34614575049022,23.173901004686968,2018-09-26-03-33-32
1.0,113.34639530309154,23.17390058210239,2018-09-26-03-33-32
1.0,113.34689441231225,23.173899740406025,2018-09-26-03-33-32
1.0,113.34639528599362,23.174150487392126,2018-09-26-03-33-32
1.0,113.34739350987223,23.174148808706477,2018-09-26-03-33-32
1.0,113.3486413209777,23.17414673743031,2018-09-26-03-33-32
1.0,113.34914045546222,23.17414591763832,2018-09-26-03-33-32
1.0,113.34564661505229,23.1744016638902,2018-09-26-03-33-32
1.0,113.34639526889552,23.17440039272128,2018-09-26-03-33-32
1.0,113.34714393475531,23.174399131935942,2018-09-26-03-33-32
1.0,113.34789261296892,23.174397881845387,2018-09-26-03-33-32
1.0,113.3486413038717,23.174396642759078,2018-09-26-03-33-32
1.0,113.34589614792262,23.1746511444015,2018-09-26-03-33-32
1.0,113.34664480573112,23.174649876658957,2018-09-26-03-33-32
1.0,113.3448979387006,23.174902755907116,2018-09-26-03-33-32
1.0,113.34539701509846,23.175151806091684,2018-09-26-03-33-32
1.0,113.34764300086245,23.175148013558708,2018-09-26-03-33-32
1.0,113.34489790451403,23.17540256684279,2018-09-26-03-33-32
1.0,113.3451474506225,23.175402138663173,2018-09-26-03-33-32
1.0,113.34539699800328,23.175401711579255,2018-09-26-03-33-32
1.0,113.34564652957273,23.17565119112991,2018-09-26-03-33-32
1.0,113.34839165327871,23.17564658178346,2018-09-26-03-33-32
1.0,113.34489787032678,23.17590237793725,2018-09-26-03-33-32
1.0,113.34739339015728,23.175898146840336,2018-09-26-03-33-32
1.0,113.3458960282426,23.17640048309253,2018-09-26-03-33-32
1.0,113.34614557951235,23.17640005936535,2018-09-26-03-33-32
1.0,113.34639513210475,23.176399636780346,2018-09-26-03-33-32
1.0,113.34664468603238,23.176399215349086,2018-09-26-03-33-32
1.0,113.34614556241364,23.176649965051812,2018-09-26-03-33-32
1.0,113.34764289824082,23.17664744707833,2018-09-26-03-33-32
1.0,113.34988899714543,23.17664375264382,2018-09-26-03-33-32
1.0,113.34614554531477,23.176899870778236,2018-09-26-03-33-32
1.0,113.34739332174503,23.176897769505597,2018-09-26-03-33-32
1.0,113.34764288113664,23.176897352804495,2018-09-26-03-33-32
1.0,113.34514731386224,23.17740138399767,2018-09-26-03-33-32
1.0,113.34689415579915,23.177648323914962,2018-09-26-03-33-32
1.0,113.34664454922377,23.17839846196211,2018-09-26-03-33-32
1.0,113.34639484138876,23.18064803892121,2018-09-26-03-33-32
