count,wgs_lng,wgs_lat,time
1.0,113.33017861702983,23.143941542978407,2018-09-27-05-00-25
1.0,113.33167558956437,23.143938719156978,2018-09-27-05-00-25
1.0,113.33242408329887,23.143937313081434,2018-09-27-05-00-25
1.0,113.33491910385798,23.14393265932554,2018-09-27-05-00-25
1.0,113.33691517291034,23.14392897923627,2018-09-27-05-00-25
1.0,113.32493931504284,23.144201414845107,2018-09-27-05-00-25
1.0,113.32668572719483,23.14419808011868,2018-09-27-05-00-25
1.0,113.32718470458337,23.144197128931694,2018-09-27-05-00-25
1.0,113.33192506986872,23.144188150964197,2018-09-27-05-00-25
1.0,113.33716466816362,23.144178423214782,2018-09-27-05-00-25
1.0,113.33292303105131,23.144686081062872,2018-09-27-05-00-25
1.0,113.3291805771956,23.14494303714046,2018-09-27-05-00-25
1.0,113.33591704684976,23.145180319181218,2018-09-27-05-00-25
1.0,113.33017851493197,23.145440949233347,2018-09-27-05-00-25
1.0,113.33591702981033,23.145430220305077,2018-09-27-05-00-25
1.0,113.33466947945384,23.14568242959176,2018-09-27-05-00-25
1.0,113.33566750457528,23.14568058183052,2018-09-27-05-00-25
1.0,113.32543816973546,23.14594976897488,2018-09-27-05-00-25
1.0,113.32768356422855,23.145945486279977,2018-09-27-05-00-25
1.0,113.32992898726364,23.145941223588377,2018-09-27-05-00-25
1.0,113.32468967556869,23.14645100191057,2018-09-27-05-00-25
1.0,113.33017844686341,23.146440554063794,2018-09-27-05-00-25
1.0,113.32468965857329,23.146700903202174,2018-09-27-05-00-25
1.0,113.33192489963089,23.14668716237702,2018-09-27-05-00-25
1.0,113.3339209001562,23.146683426632457,2018-09-27-05-00-25
1.0,113.3341704031711,23.146682962034046,2018-09-27-05-00-25
1.0,113.33541792900687,23.146680647799744,2018-09-27-05-00-25
1.0,113.33616645359474,23.146679266705878,2018-09-27-05-00-25
1.0,113.33641596338451,23.14667880765566,2018-09-27-05-00-25
1.0,113.33741399381843,23.146926879674552,2018-09-27-05-00-25
1.0,113.33766350783365,23.146926424133557,2018-09-27-05-00-25
1.0,113.32718450052433,23.147195943034863,2018-09-27-05-00-25
1.0,113.32967940902437,23.147191202406887,2018-09-27-05-00-25
1.0,113.33217436347549,23.147186496361417,2018-09-27-05-00-25
1.0,113.33516838828545,23.147180912117896,2018-09-27-05-00-25
1.0,113.3299288851638,23.147440631433263,2018-09-27-05-00-25
1.0,113.33017837879218,23.147440159426857,2018-09-27-05-00-25
1.0,113.33466936020618,23.147431738622153,2018-09-27-05-00-25
1.0,113.32668548915186,23.147696697039308,2018-09-27-05-00-25
1.0,113.33017836177396,23.147690060851268,2018-09-27-05-00-25
1.0,113.33591687644798,23.14767933191438,2018-09-27-05-00-25
1.0,113.33292280968305,23.147934797408315,2018-09-27-05-00-25
1.0,113.32518852981627,23.148199357899188,2018-09-27-05-00-25
1.0,113.33042782184872,23.148189392164873,2018-09-27-05-00-25
1.0,113.33292279265356,23.148184698899467,2018-09-27-05-00-25
1.0,113.33417030096707,23.14818237047642,2018-09-27-05-00-25
1.0,113.32868135579805,23.148442602491464,2018-09-27-05-00-25
1.0,113.32967932394243,23.148440709697482,2018-09-27-05-00-25
1.0,113.32967930692554,23.148690611256594,2018-09-27-05-00-25
1.0,113.33616631725887,23.14867847822856,2018-09-27-05-00-25
1.0,113.32493897511308,23.149199441028408,2018-09-27-05-00-25
1.0,113.33017825966112,23.149189470104677,2018-09-27-05-00-25
1.0,113.3374138403948,23.14917599308982,2018-09-27-05-00-25
1.0,113.3316752150447,23.14943654793835,2018-09-27-05-00-25
1.0,113.32493894111644,23.14969924438528,2018-09-27-05-00-25
1.0,113.32543791474653,23.149698290864265,2018-09-27-05-00-25
1.0,113.33092670945172,23.14968785971215,2018-09-27-05-00-25
1.0,113.33142570128129,23.14968691923102,2018-09-27-05-00-25
1.0,113.33192469532351,23.149685980478854,2018-09-27-05-00-25
1.0,113.3329226904731,23.14968410855568,2018-09-27-05-00-25
1.0,113.32893074510591,23.149941538680928,2018-09-27-05-00-25
1.0,113.33142568425659,23.149936820959386,2018-09-27-05-00-25
1.0,113.33217417618005,23.149935413510182,2018-09-27-05-00-25
1.0,113.33142566723171,23.150186722721823,2018-09-27-05-00-25
1.0,113.33167516396757,23.150186253123373,2018-09-27-05-00-25
1.0,113.32768325807372,23.15044371345302,2018-09-27-05-00-25
1.0,113.33142565020667,23.150436624518395,2018-09-27-05-00-25
1.0,113.33167514694154,23.150436154919905,2018-09-27-05-00-25
1.0,113.33217414212417,23.150435217068946,2018-09-27-05-00-25
1.0,113.33541767341215,23.15042917117995,2018-09-27-05-00-25
1.0,113.33716424202352,23.15042595799465,2018-09-27-05-00-25
1.0,113.32718426242513,23.15069456558464,2018-09-27-05-00-25
1.0,113.3279327309046,23.15069314049854,2018-09-27-05-00-25
1.0,113.32967917078443,23.150689824950863,2018-09-27-05-00-25
1.0,113.33491862682357,23.15092989876899,2018-09-27-05-00-25
1.0,113.3336710912331,23.151182120764663,2018-09-27-05-00-25
1.0,113.32668521706282,23.151695124442984,2018-09-27-05-00-25
1.0,113.32868113461767,23.151691325414223,2018-09-27-05-00-25
1.0,113.32893062599825,23.15169085173967,2018-09-27-05-00-25
1.0,113.33017807243867,23.151938390248432,2018-09-27-05-00-25
1.0,113.33392054243652,23.151931361513302,2018-09-27-05-00-25
1.0,113.3249387711233,23.152198263219876,2018-09-27-05-00-25
1.0,113.328930591966,23.152190655780128,2018-09-27-05-00-25
1.0,113.33267302046498,23.1521835946298,2018-09-27-05-00-25
1.0,113.33591656968274,23.152177563331584,2018-09-27-05-00-25
1.0,113.33541753707962,23.152428386782727,2018-09-27-05-00-25
1.0,113.32493873712268,23.15269806739998,2018-09-27-05-00-25
1.0,113.32818208500791,23.152691881859955,2018-09-27-05-00-25
1.0,113.32493872012212,23.15294796954205,2018-09-27-05-00-25
1.0,113.3286810495408,23.15294083577508,2018-09-27-05-00-25
1.0,113.32868103252493,23.153190737951274,2018-09-27-05-00-25
1.0,113.32893052389949,23.15319026427647,2018-09-27-05-00-25
1.0,113.32967900059306,23.153188845154144,2018-09-27-05-00-25
1.0,113.32518817281114,23.1534472971077,2018-09-27-05-00-25
1.0,113.3311759497234,23.153435918791313,2018-09-27-05-00-25
1.0,113.33317193531796,23.153432171334124,2018-09-27-05-00-25
1.0,113.32693456950214,23.15369386573956,2018-09-27-05-00-25
1.0,113.32868099849269,23.153690542408143,2018-09-27-05-00-25
1.0,113.32893048986524,23.153690068733255,2018-09-27-05-00-25
1.0,113.32917998165718,23.153689595367144,2018-09-27-05-00-25
1.0,113.33192442287634,23.153684412251994,2018-09-27-05-00-25
1.0,113.33317191828381,23.153682073579244,2018-09-27-05-00-25
1.0,113.32468916563462,23.153948055392217,2018-09-27-05-00-25
1.0,113.33491910385798,23.14393265932554,2018-09-27-05-00-25
1.0,113.33691517291034,23.14392897923627,2018-09-27-05-00-25
1.0,113.34165606604188,23.143920430421417,2018-09-27-05-00-25
1.0,113.33716466816362,23.144178423214782,2018-09-27-05-00-25
1.0,113.3384122427821,23.1441761492642,2018-09-27-05-00-25
1.0,113.34065793641068,23.144172105966064,2018-09-27-05-00-25
1.0,113.340408393848,23.1444224528412,2018-09-27-05-00-25
1.0,113.33591704684976,23.145180319181218,2018-09-27-05-00-25
1.0,113.33591702981033,23.145430220305077,2018-09-27-05-00-25
1.0,113.33466947945384,23.14568242959176,2018-09-27-05-00-25
1.0,113.33566750457528,23.14568058183052,2018-09-27-05-00-25
1.0,113.33891117670207,23.14567465146526,2018-09-27-05-00-25
1.0,113.34015878409295,23.14567240504687,2018-09-27-05-00-25
1.0,113.34115688820593,23.145670623300735,2018-09-27-05-00-25
1.0,113.33541792900687,23.146680647799744,2018-09-27-05-00-25
1.0,113.33616645359474,23.146679266705878,2018-09-27-05-00-25
1.0,113.33641596338451,23.14667880765566,2018-09-27-05-00-25
1.0,113.33965966996361,23.146672906078425,2018-09-27-05-00-25
1.0,113.33741399381843,23.146926879674552,2018-09-27-05-00-25
1.0,113.33766350783365,23.146926424133557,2018-09-27-05-00-25
1.0,113.33816253853153,23.146925515278575,2018-09-27-05-00-25
1.0,113.33516838828545,23.147180912117896,2018-09-27-05-00-25
1.0,113.33841203819023,23.147174963344874,2018-09-27-05-00-25
1.0,113.33466936020618,23.147431738622153,2018-09-27-05-00-25
1.0,113.33591687644798,23.14767933191438,2018-09-27-05-00-25
1.0,113.3389110061814,23.148173664860273,2018-09-27-05-00-25
1.0,113.34639704620001,23.148410439704275,2018-09-27-05-00-25
1.0,113.33616631725887,23.14867847822856,2018-09-27-05-00-25
1.0,113.3374138403948,23.14917599308982,2018-09-27-05-00-25
1.0,113.34340241304636,23.14966509161336,2018-09-27-05-00-25
1.0,113.34714562691713,23.149658687051705,2018-09-27-05-00-25
1.0,113.34090707058535,23.149919392173487,2018-09-27-05-00-25
1.0,113.34290332184293,23.14991586537622,2018-09-27-05-00-25
1.0,113.33541767341215,23.15042917117995,2018-09-27-05-00-25
1.0,113.33716424202352,23.15042595799465,2018-09-27-05-00-25
1.0,113.33491862682357,23.15092989876899,2018-09-27-05-00-25
1.0,113.33791274994041,23.15092439507563,2018-09-27-05-00-25
1.0,113.34340232769053,23.15091460058642,2018-09-27-05-00-25
1.0,113.33591656968274,23.152177563331584,2018-09-27-05-00-25
1.0,113.33541753707962,23.152428386782727,2018-09-27-05-00-25
1.0,113.34714540480769,23.152907412159898,2018-09-27-05-00-25
1.0,113.34290306578792,23.15366439539335,2018-09-27-05-00-25
1.0,113.35438382947318,23.143649465197562,2018-09-27-05-00-25
1.0,113.35638070451485,23.143646480141875,2018-09-27-05-00-25
1.0,113.35138870461516,23.14390402333153,2018-09-27-05-00-25
1.0,113.35687992408045,23.1438956505554,2018-09-27-05-00-25
1.0,113.34864333830959,23.144658170461156,2018-09-27-05-00-25
1.0,113.35638063606982,23.144646084030988,2018-09-27-05-00-25
1.0,113.35638061895813,23.144895985085352,2018-09-27-05-00-25
1.0,113.34814412398359,23.14590850087961,2018-09-27-05-00-25
1.0,113.35363487614518,23.145899719322415,2018-09-27-05-00-25
1.0,113.34989108354956,23.146155537460213,2018-09-27-05-00-25
1.0,113.35687975294577,23.146394661594954,2018-09-27-05-00-25
1.0,113.35413402270773,23.14664865849819,2018-09-27-05-00-25
1.0,113.34864318452746,23.14690728115367,2018-09-27-05-00-25
1.0,113.35063972473013,23.14740383583527,2018-09-27-05-00-25
1.0,113.34639704620001,23.148410439704275,2018-09-27-05-00-25
1.0,113.35687956467824,23.149143577585413,2018-09-27-05-00-25
1.0,113.34714562691713,23.149658687051705,2018-09-27-05-00-25
1.0,113.3561306782116,23.14964447909905,2018-09-27-05-00-25
1.0,113.34989081006492,23.15015396155132,2018-09-27-05-00-25
1.0,113.35088901269856,23.15165176453045,2018-09-27-05-00-25
1.0,113.347894100337,23.152656259942294,2018-09-27-05-00-25
1.0,113.34714540480769,23.152907412159898,2018-09-27-05-00-25
1.0,113.34989062201934,23.152902883168785,2018-09-27-05-00-25
1.0,113.32493872012212,23.15294796954205,2018-09-27-05-00-25
1.0,113.3286810495408,23.15294083577508,2018-09-27-05-00-25
1.0,113.32868103252493,23.153190737951274,2018-09-27-05-00-25
1.0,113.32893052389949,23.15319026427647,2018-09-27-05-00-25
1.0,113.32967900059306,23.153188845154144,2018-09-27-05-00-25
1.0,113.32518817281114,23.1534472971077,2018-09-27-05-00-25
1.0,113.3311759497234,23.153435918791313,2018-09-27-05-00-25
1.0,113.33317193531796,23.153432171334124,2018-09-27-05-00-25
1.0,113.32693456950214,23.15369386573956,2018-09-27-05-00-25
1.0,113.32868099849269,23.153690542408143,2018-09-27-05-00-25
1.0,113.32893048986524,23.153690068733255,2018-09-27-05-00-25
1.0,113.32917998165718,23.153689595367144,2018-09-27-05-00-25
1.0,113.33192442287634,23.153684412251994,2018-09-27-05-00-25
1.0,113.33317191828381,23.153682073579244,2018-09-27-05-00-25
1.0,113.3284314734952,23.154190820976062,2018-09-27-05-00-25
1.0,113.33142539481102,23.154185155601112,2018-09-27-05-00-25
1.0,113.33691443993344,23.15467475077926,2018-09-27-05-00-25
1.0,113.33267283311108,23.15493251933007,2018-09-27-05-00-25
1.0,113.32543754069509,23.15519613686827,2018-09-27-05-00-25
1.0,113.32942935474271,23.155438439023158,2018-09-27-05-00-25
1.0,113.33491828600462,23.15592794333531,2018-09-27-05-00-25
1.0,113.33142525858467,23.156184375389238,2018-09-27-05-00-25
1.0,113.33491826896191,23.15617784593182,2018-09-27-05-00-25
1.0,113.33541728142734,23.15617692203546,2018-09-27-05-00-25
1.0,113.32718387119137,23.15644231727349,2018-09-27-05-00-25
1.0,113.32893030266493,23.156438995754137,2018-09-27-05-00-25
1.0,113.33117574539783,23.15643474805354,2018-09-27-05-00-25
1.0,113.33491825191905,23.156427748563807,2018-09-27-05-00-25
1.0,113.3256869257948,23.156695075786665,2018-09-27-05-00-25
1.0,113.33666477507947,23.15692433151246,2018-09-27-05-00-25
1.0,113.33067670360917,23.15718539747589,2018-09-27-05-00-25
1.0,113.3309261986977,23.157184926616548,2018-09-27-05-00-25
1.0,113.32917972636398,23.157438133275207,2018-09-27-05-00-25
1.0,113.32543737064509,23.15769516338378,2018-09-27-05-00-25
1.0,113.33541717915591,23.157676338360954,2018-09-27-05-00-25
1.0,113.32593631112155,23.158194016133724,2018-09-27-05-00-25
1.0,113.33392011648382,23.158178922932905,2018-09-27-05-00-25
1.0,113.33616565246857,23.158424665906608,2018-09-27-05-00-25
1.0,113.32593626009624,23.15894372499956,2018-09-27-05-00-25
1.0,113.33641512811214,23.15892401279749,2018-09-27-05-00-25
1.0,113.32543721758587,23.159944290307813,2018-09-27-05-00-25
1.0,113.33267249241594,23.159930575202324,2018-09-27-05-00-25
1.0,113.33342099331905,23.15992917497075,2018-09-27-05-00-25
1.0,113.33367049492212,23.159928709271902,2018-09-27-05-00-25
1.0,113.32693412720572,23.160191336558647,2018-09-27-05-00-25
1.0,113.32743310510286,23.16019038579845,2018-09-27-05-00-25
1.0,113.32843106507244,23.160188487192077,2018-09-27-05-00-25
1.0,113.33716355998232,23.160422058450777,2018-09-27-05-00-25
1.0,113.32518767968347,23.1606944766347,2018-09-27-05-00-25
1.0,113.32568665367464,23.160693523369055,2018-09-27-05-00-25
1.0,113.33441895269303,23.160677025104047,2018-09-27-05-00-25
1.0,113.33042693660222,23.161184317455035,2018-09-27-05-00-25
1.0,113.32992793194275,23.16143516445584,2018-09-27-05-00-25
1.0,113.32593605598,23.161942563725624,2018-09-27-05-00-25
1.0,113.33466835479389,23.16217598188011,2018-09-27-05-00-25
1.0,113.32568651759858,23.16269275064755,2018-09-27-05-00-25
1.0,113.32843089486798,23.162687520919803,2018-09-27-05-00-25
1.0,113.34714540480769,23.152907412159898,2018-09-27-05-00-25
1.0,113.34290306578792,23.15366439539335,2018-09-27-05-00-25
1.0,113.3386610953769,23.153921860273538,2018-09-27-05-00-25
1.0,113.33691443993344,23.15467475077926,2018-09-27-05-00-25
1.0,113.34664615604775,23.154907469869926,2018-09-27-05-00-25
1.0,113.33491828600462,23.15592794333531,2018-09-27-05-00-25
1.0,113.33491826896191,23.15617784593182,2018-09-27-05-00-25
1.0,113.33541728142734,23.15617692203546,2018-09-27-05-00-25
1.0,113.33491825191905,23.156427748563807,2018-09-27-05-00-25
1.0,113.346895608875,23.156406464856364,2018-09-27-05-00-25
1.0,113.34489918605246,23.15665976160249,2018-09-27-05-00-25
1.0,113.33666477507947,23.15692433151246,2018-09-27-05-00-25
1.0,113.34664600226698,23.15715659322228,2018-09-27-05-00-25
1.0,113.34265327439938,23.157413370777284,2018-09-27-05-00-25
1.0,113.33541717915591,23.157676338360954,2018-09-27-05-00-25
1.0,113.33965890233068,23.157918499453434,2018-09-27-05-00-25
1.0,113.3404074555108,23.15816705949862,2018-09-27-05-00-25
1.0,113.33616565246857,23.158424665906608,2018-09-27-05-00-25
1.0,113.33641512811214,23.15892401279749,2018-09-27-05-00-25
1.0,113.34040740431422,23.1589167683572,2018-09-27-05-00-25
1.0,113.33716355998232,23.160422058450777,2018-09-27-05-00-25
1.0,113.33466835479389,23.16217598188011,2018-09-27-05-00-25
1.0,113.347894100337,23.152656259942294,2018-09-27-05-00-25
1.0,113.34714540480769,23.152907412159898,2018-09-27-05-00-25
1.0,113.34989062201934,23.152902883168785,2018-09-27-05-00-25
1.0,113.34664615604775,23.154907469869926,2018-09-27-05-00-25
1.0,113.35088879040357,23.154900493229576,2018-09-27-05-00-25
1.0,113.3508887733028,23.155150395682014,2018-09-27-05-00-25
1.0,113.346895608875,23.156406464856364,2018-09-27-05-00-25
1.0,113.34489918605246,23.15665976160249,2018-09-27-05-00-25
1.0,113.34664600226698,23.15715659322228,2018-09-27-05-00-25
1.0,113.3508883286235,23.16164787198169,2018-09-27-05-00-25
1.0,113.32593605598,23.161942563725624,2018-09-27-05-00-25
1.0,113.33466835479389,23.16217598188011,2018-09-27-05-00-25
1.0,113.32568651759858,23.16269275064755,2018-09-27-05-00-25
1.0,113.32843089486798,23.162687520919803,2018-09-27-05-00-25
1.0,113.32568648357791,23.16319255783523,2018-09-27-05-00-25
1.0,113.3271834118046,23.163189701984415,2018-09-27-05-00-25
1.0,113.32818137028936,23.163187802363495,2018-09-27-05-00-25
1.0,113.32618544151707,23.16344150881019,2018-09-27-05-00-25
1.0,113.32668441755487,23.163440556826863,2018-09-27-05-00-25
1.0,113.32718339478794,23.16343960563351,2018-09-27-05-00-25
1.0,113.3274328838862,23.16343913036399,2018-09-27-05-00-25
1.0,113.32768237332346,23.163438655329056,2018-09-27-05-00-25
1.0,113.32743286686836,23.16368903405013,2018-09-27-05-00-25
1.0,113.32793184609329,23.16368808422714,2018-09-27-05-00-25
1.0,113.32543694544731,23.163942745460087,2018-09-27-05-00-25
1.0,113.33416921041723,23.164176138403803,2018-09-27-05-00-25
1.0,113.32718332671965,23.164439220601267,2018-09-27-05-00-25
1.0,113.3276823052471,23.164438270296483,2018-09-27-05-00-25
1.0,113.33391969042688,23.164426506801764,2018-09-27-05-00-25
1.0,113.32693382093458,23.164689599928273,2018-09-27-05-00-25
1.0,113.32768228822759,23.164688174131452,2018-09-27-05-00-25
1.0,113.32793177801224,23.164687699343272,2018-09-27-05-00-25
1.0,113.33391967338244,23.1646764106357,2018-09-27-05-00-25
1.0,113.33491768941084,23.164674555684147,2018-09-27-05-00-25
1.0,113.32493790389954,23.164943314253016,2018-09-27-05-00-25
1.0,113.33416915928095,23.16492584990553,2018-09-27-05-00-25
1.0,113.33491767236231,23.164924459555266,2018-09-27-05-00-25
1.0,113.33541668475931,23.164923535655983,2018-09-27-05-00-25
1.0,113.33741276605075,23.1649198661835,2018-09-27-05-00-25
1.0,113.32768225418808,23.165187981913512,2018-09-27-05-00-25
1.0,113.32643479327828,23.165440263259274,2018-09-27-05-00-25
1.0,113.33666414411154,23.166170757040323,2018-09-27-05-00-25
1.0,113.32593574976069,23.16644083176686,2018-09-27-05-00-25
1.0,113.33491757006756,23.166423883569525,2018-09-27-05-00-25
1.0,113.33716315062932,23.166419746465678,2018-09-27-05-00-25
1.0,113.32593573274693,23.1666907359025,2018-09-27-05-00-25
1.0,113.33741262957868,23.166919098500497,2018-09-27-05-00-25
1.0,113.32643467416892,23.167189591944755,2018-09-27-05-00-25
1.0,113.33566603862965,23.167172211172307,2018-09-27-05-00-25
1.0,113.32593568170464,23.1674404485364,2018-09-27-05-00-25
1.0,113.32568616034827,23.167940733566834,2018-09-27-05-00-25
1.0,113.32543663924051,23.16844101889775,2018-09-27-05-00-25
1.0,113.33416890357695,23.168674412494145,2018-09-27-05-00-25
1.0,113.33516692242154,23.16867255988349,2018-09-27-05-00-25
1.0,113.33616495331268,23.168670717136557,2018-09-27-05-00-25
1.0,113.33691346783706,23.168919246495516,2018-09-27-05-00-25
1.0,113.32643453803396,23.16918882700346,2018-09-27-05-00-25
1.0,113.32618503316442,23.169439207642974,2018-09-27-05-00-25
1.0,113.32593552856876,23.169689588493732,2018-09-27-05-00-25
1.0,113.33342032865599,23.16967542608983,2018-09-27-05-00-25
1.0,113.33391933245845,23.169674495231863,2018-09-27-05-00-25
1.0,113.33242231182177,23.169927198705942,2018-09-27-05-00-25
1.0,113.33292129340511,23.17017616836921,2018-09-27-05-00-25
1.0,113.33267177673899,23.17042654033216,2018-09-27-05-00-25
1.0,113.33267175969549,23.170676445077937,2018-09-27-05-00-25
1.0,113.33292125931627,23.17067597782207,2018-09-27-05-00-25
1.0,113.3299272677837,23.171181424383374,2018-09-27-05-00-25
1.0,113.33441818555187,23.1719227096539,2018-09-27-05-00-25
1.0,113.33816142998076,23.163169175466958,2018-09-27-05-00-25
1.0,113.33841092956634,23.16341862582169,2018-09-27-05-00-25
1.0,113.34215379746914,23.163411926131683,2018-09-27-05-00-25
1.0,113.33990803224069,23.16366582644011,2018-09-27-05-00-25
1.0,113.34140517099598,23.16391305758341,2018-09-27-05-00-25
1.0,113.33491768941084,23.164674555684147,2018-09-27-05-00-25
1.0,113.33491767236231,23.164924459555266,2018-09-27-05-00-25
1.0,113.33541668475931,23.164923535655983,2018-09-27-05-00-25
1.0,113.33741276605075,23.1649198661835,2018-09-27-05-00-25
1.0,113.33666414411154,23.166170757040323,2018-09-27-05-00-25
1.0,113.33491757006756,23.166423883569525,2018-09-27-05-00-25
1.0,113.33716315062932,23.166419746465678,2018-09-27-05-00-25
1.0,113.33741262957868,23.166919098500497,2018-09-27-05-00-25
1.0,113.33566603862965,23.167172211172307,2018-09-27-05-00-25
1.0,113.34015726544945,23.167913747177952,2018-09-27-05-00-25
1.0,113.34215349008602,23.167910198164332,2018-09-27-05-00-25
1.0,113.33516692242154,23.16867255988349,2018-09-27-05-00-25
1.0,113.33616495331268,23.168670717136557,2018-09-27-05-00-25
1.0,113.34040673862191,23.16866301361612,2018-09-27-05-00-25
1.0,113.34215343885023,23.16865991136028,2018-09-27-05-00-25
1.0,113.33691346783706,23.168919246495516,2018-09-27-05-00-25
1.0,113.34115530092781,23.16891158308842,2018-09-27-05-00-25
1.0,113.3421534217713,23.168909815835317,2018-09-27-05-00-25
1.0,113.34714431093316,23.16890122372128,2018-09-27-05-00-25
1.0,113.34015716302135,23.16941317391596,2018-09-27-05-00-25
1.0,113.34714425964096,23.16965093737376,2018-09-27-05-00-25
1.0,113.34365051727156,23.170656526224047,2018-09-27-05-00-25
1.0,113.34739374927753,23.17065013821578,2018-09-27-05-00-25
1.0,113.34090561974224,23.1711611692052,2018-09-27-05-00-25
1.0,113.34365048309976,23.171156335827956,2018-09-27-05-00-25
1.0,113.34489819507861,23.17115417890714,2018-09-27-05-00-25
1.0,113.34340092725789,23.171406675195442,2018-09-27-05-00-25
1.0,113.3476432573901,23.171399435977698,2018-09-27-05-00-25
1.0,113.34240276685836,23.171658328142232,2018-09-27-05-00-25
1.0,113.34215321681107,23.171908672537644,2018-09-27-05-00-25
1.0,113.34664499381255,23.171900919766898,2018-09-27-05-00-25
1.0,113.3508883286235,23.16164787198169,2018-09-27-05-00-25
1.0,113.35338399655093,23.164642791362024,2018-09-27-05-00-25
1.0,113.3511376692497,23.165146124569837,2018-09-27-05-00-25
1.0,113.35388315668789,23.165141831575287,2018-09-27-05-00-25
1.0,113.35113765214119,23.16539602851306,2018-09-27-05-00-25
3.0,113.3558798146968,23.167887767230972,2018-09-27-05-00-25
1.0,113.35338375691732,23.168141448937643,2018-09-27-05-00-25
14.0,113.35587979757106,23.16813767158909,2018-09-27-05-00-25
2.0,113.35612941130289,23.168137302343716,2018-09-27-05-00-25
1.0,113.35612939417621,23.16838720673991,2018-09-27-05-00-25
1.0,113.34714431093316,23.16890122372128,2018-09-27-05-00-25
1.0,113.34889122959252,23.169148228533093,2018-09-27-05-00-25
1.0,113.34988951042698,23.169146599211622,2018-09-27-05-00-25
1.0,113.35388288278696,23.16914029919219,2018-09-27-05-00-25
1.0,113.34889121248901,23.169398133083597,2018-09-27-05-00-25
1.0,113.34714425964096,23.16965093737376,2018-09-27-05-00-25
1.0,113.34963986956127,23.170146623032146,2018-09-27-05-00-25
1.0,113.35263482388834,23.170391752214037,2018-09-27-05-00-25
1.0,113.35438199831621,23.170389060722552,2018-09-27-05-00-25
1.0,113.34739374927753,23.17065013821578,2018-09-27-05-00-25
1.0,113.34939026440836,23.170646839170164,2018-09-27-05-00-25
1.0,113.35063813418586,23.170644818849755,2018-09-27-05-00-25
1.0,113.35088771272656,23.17064441878189,2018-09-27-05-00-25
1.0,113.3491406778475,23.170897151933513,2018-09-27-05-00-25
1.0,113.34489819507861,23.17115417890714,2018-09-27-05-00-25
1.0,113.3476432573901,23.171399435977698,2018-09-27-05-00-25
1.0,113.35013893039913,23.17139533747595,2018-09-27-05-00-25
1.0,113.35188599123184,23.171392546662815,2018-09-27-05-00-25
1.0,113.3299272677837,23.171181424383374,2018-09-27-05-00-25
1.0,113.33441818555187,23.1719227096539,2018-09-27-05-00-25
1.0,113.33292115704573,23.1721754071104,2018-09-27-05-00-25
1.0,113.32743227113934,23.17243568685174,2018-09-27-05-00-25
1.0,113.32768176054029,23.17243521181532,2018-09-27-05-00-25
1.0,113.33042615312391,23.172679910490665,2018-09-27-05-00-25
1.0,113.33666370059188,23.17266827594652,2018-09-27-05-00-25
1.0,113.33691321193203,23.172667818259164,2018-09-27-05-00-25
1.0,113.32743223709153,23.172935497005856,2018-09-27-05-00-25
1.0,113.32818070635905,23.17293407264958,2018-09-27-05-00-25
1.0,113.32967765549553,23.172931231606327,2018-09-27-05-00-25
1.0,113.32693324227523,23.17318635290611,2018-09-27-05-00-25
1.0,113.32793119921564,23.17318445231548,2018-09-27-05-00-25
1.0,113.33366959154787,23.173173628732112,2018-09-27-05-00-25
1.0,113.32942812883726,23.173431514631073,2018-09-27-05-00-25
1.0,113.3349170926126,23.173421213790537,2018-09-27-05-00-25
1.0,113.33666364940927,23.173417991349243,2018-09-27-05-00-25
1.0,113.32643423169132,23.17368711489958,2018-09-27-05-00-25
1.0,113.32668371981147,23.173686638998785,2018-09-27-05-00-25
1.0,113.32917861966027,23.17368189289327,2018-09-27-05-00-25
1.0,113.32942811180472,23.17368141984498,2018-09-27-05-00-25
1.0,113.33342005590028,23.173673904820383,2018-09-27-05-00-25
1.0,113.3336695574491,23.173673439119245,2018-09-27-05-00-25
1.0,113.3346675705101,23.173671581867136,2018-09-27-05-00-25
1.0,113.33491707555822,23.173671119003526,2018-09-27-05-00-25
1.0,113.326184726837,23.173937496239255,2018-09-27-05-00-25
1.0,113.32867961962684,23.17393274519424,2018-09-27-05-00-25
1.0,113.33317053796374,23.173924276304817,2018-09-27-05-00-25
1.0,113.3379111805496,23.17391552051623,2018-09-27-05-00-25
1.0,113.32668368576805,23.17418644954551,2018-09-27-05-00-25
1.0,113.32718266291421,23.1741854983486,2018-09-27-05-00-25
1.0,113.32818062122145,23.1741835987204,2018-09-27-05-00-25
1.0,113.32843011171288,23.174183124461653,2018-09-27-05-00-25
1.0,113.32593520523766,23.174437783123757,2018-09-27-05-00-25
1.0,113.32768162433693,23.174434453372896,2018-09-27-05-00-25
1.0,113.32818060419343,23.17443350405263,2018-09-27-05-00-25
1.0,113.32793109705507,23.174683883954845,2018-09-27-05-00-25
1.0,113.32843006062531,23.1749328405767,2018-09-27-05-00-25
1.0,113.32867955150637,23.174932366601883,2018-09-27-05-00-25
1.0,113.32892904279349,23.174931892923475,2018-09-27-05-00-25
1.0,113.32917853450004,23.174931419553843,2018-09-27-05-00-25
1.0,113.32743208386808,23.175184644643796,2018-09-27-05-00-25
1.0,113.32768157325792,23.17518416960692,2018-09-27-05-00-25
1.0,113.3379110952161,23.175165047366907,2018-09-27-05-00-25
1.0,113.33317043567426,23.175423708649106,2018-09-27-05-00-25
1.0,113.33341993655623,23.17542324241698,2018-09-27-05-00-25
1.0,113.33791106108153,23.17566485838429,2018-09-27-05-00-25
1.0,113.32793101191669,23.175933411407673,2018-09-27-05-00-25
1.0,113.33691299011726,23.175916587564085,2018-09-27-05-00-25
1.0,113.33791104401399,23.175914763952584,2018-09-27-05-00-25
1.0,113.32593508610051,23.1761871215604,2018-09-27-05-00-25
1.0,113.33267138469596,23.176174359363856,2018-09-27-05-00-25
1.0,113.33292088429495,23.176173892107077,2018-09-27-05-00-25
1.0,113.33666346172683,23.17616695086029,2018-09-27-05-00-25
1.0,113.33766151215879,23.17616512436829,2018-09-27-05-00-25
1.0,113.33791099281038,23.17666448089649,2018-09-27-05-00-25
1.0,113.33466734880066,23.176920353234106,2018-09-27-05-00-25
1.0,113.33641390004581,23.17691712630232,2018-09-27-05-00-25
1.0,113.33791097574218,23.17691438662432,2018-09-27-05-00-25
1.0,113.33566535637375,23.177168411220197,2018-09-27-05-00-25
1.0,113.3379109586738,23.177164292392163,2018-09-27-05-00-25
1.0,113.33092480187125,23.177677077793255,2018-09-27-05-00-25
1.0,113.33117429740446,23.177676607338086,2018-09-27-05-00-25
1.0,113.32593496695522,23.177936461950054,2018-09-27-05-00-25
1.0,113.32743189657666,23.177933607232475,2018-09-27-05-00-25
1.0,113.33092478482986,23.17792698368265,2018-09-27-05-00-25
1.0,113.33117428036208,23.177926513227437,2018-09-27-05-00-25
1.0,113.33591479620232,23.178167574320394,2018-09-27-05-00-25
1.0,113.33641381473127,23.17816665554408,2018-09-27-05-00-25
1.0,113.337162348701,23.17816528249141,2018-09-27-05-00-25
1.0,113.32718237348384,23.178433894405178,2018-09-27-05-00-25
1.0,113.33716233163469,23.17841518846028,2018-09-27-05-00-25
1.0,113.32618440343286,23.178685703602824,2018-09-27-05-00-25
1.0,113.33192271911447,23.17867482233988,2018-09-27-05-00-25
1.0,113.33641378060429,23.178666467522415,2018-09-27-05-00-25
1.0,113.33691280240578,23.178665551455996,2018-09-27-05-00-25
1.0,113.3371623145682,23.178665094469494,2018-09-27-05-00-25
1.0,113.33741182758928,23.17866463819701,2018-09-27-05-00-25
1.0,113.33192270206843,23.178924728390367,2018-09-27-05-00-25
1.0,113.33292069675402,23.178922856447727,2018-09-27-05-00-25
1.0,113.33666327402416,23.17891591519405,2018-09-27-05-00-25
1.0,113.32743181143753,23.17918313728692,2018-09-27-05-00-25
1.0,113.32743179440921,23.179433043419102,2018-09-27-05-00-25
1.0,113.32768128378189,23.17943256838152,2018-09-27-05-00-25
1.0,113.33317016287295,23.17942220191856,2018-09-27-05-00-25
1.0,113.33691275120823,23.179415269726345,2018-09-27-05-00-25
1.0,113.33716226336774,23.17941481273972,2018-09-27-05-00-25
1.0,113.32793075647652,23.179681999763556,2018-09-27-05-00-25
1.0,113.33167315374425,23.179674915943508,2018-09-27-05-00-25
1.0,113.33441765688019,23.179669782355887,2018-09-27-05-00-25
1.0,113.33466716117833,23.179669318899258,2018-09-27-05-00-25
1.0,113.3374117593178,23.179664262638177,2018-09-27-05-00-25
1.0,113.32543585646698,23.17993666351303,2018-09-27-05-00-25
1.0,113.32618431831652,23.179935234265027,2018-09-27-05-00-25
1.0,113.33192263388258,23.179924352997322,2018-09-27-05-00-25
1.0,113.3379107709107,23.179913258495073,2018-09-27-05-00-25
1.0,113.32643378910115,23.180184664432247,2018-09-27-05-00-25
1.0,113.32992665448877,23.180178024278828,2018-09-27-05-00-25
1.0,113.33791071969905,23.180662977374052,2018-09-27-05-00-25
1.0,113.32693271450627,23.18093343183278,2018-09-27-05-00-25
1.0,113.33292056034792,23.180922106310906,2018-09-27-05-00-25
1.0,113.33317006056143,23.180921639559454,2018-09-27-05-00-25
1.0,113.34090561974224,23.1711611692052,2018-09-27-05-00-25
1.0,113.34365048309976,23.171156335827956,2018-09-27-05-00-25
1.0,113.34489819507861,23.17115417890714,2018-09-27-05-00-25
1.0,113.34340092725789,23.171406675195442,2018-09-27-05-00-25
1.0,113.3476432573901,23.171399435977698,2018-09-27-05-00-25
1.0,113.34240276685836,23.171658328142232,2018-09-27-05-00-25
1.0,113.34215321681107,23.171908672537644,2018-09-27-05-00-25
1.0,113.34664499381255,23.171900919766898,2018-09-27-05-00-25
1.0,113.34739364667928,23.172149567489388,2018-09-27-05-00-25
1.0,113.34539720313438,23.172402848332865,2018-09-27-05-00-25
1.0,113.34639540567558,23.172401151188918,2018-09-27-05-00-25
1.0,113.33666370059188,23.17266827594652,2018-09-27-05-00-25
1.0,113.33691321193203,23.172667818259164,2018-09-27-05-00-25
1.0,113.34165408590694,23.172909174446403,2018-09-27-05-00-25
1.0,113.34315128717614,23.17290654069484,2018-09-27-05-00-25
1.0,113.3466449083235,23.173150445038512,2018-09-27-05-00-25
1.0,113.34689446361035,23.173150024773104,2018-09-27-05-00-25
1.0,113.34764313768189,23.1731487710838,2018-09-27-05-00-25
1.0,113.3349170926126,23.173421213790537,2018-09-27-05-00-25
1.0,113.33666364940927,23.173417991349243,2018-09-27-05-00-25
1.0,113.34190358248128,23.173408543397713,2018-09-27-05-00-25
1.0,113.34315125300502,23.1734063510003,2018-09-27-05-00-25
1.0,113.34489804125633,23.173403324048476,2018-09-27-05-00-25
1.0,113.34689444651116,23.1733999299448,2018-09-27-05-00-25
1.0,113.33491707555822,23.173671119003526,2018-09-27-05-00-25
1.0,113.34564666633801,23.173651948020566,2018-09-27-05-00-25
1.0,113.3379111805496,23.17391552051623,2018-09-27-05-00-25
1.0,113.33816069624385,23.173915066459404,2018-09-27-05-00-25
1.0,113.34265214720557,23.173907035499315,2018-09-27-05-00-25
1.0,113.34564664924295,23.173901853271055,2018-09-27-05-00-25
1.0,113.34589619921154,23.173901428413718,2018-09-27-05-00-25
1.0,113.34689441231225,23.173899740406025,2018-09-27-05-00-25
1.0,113.33990731527668,23.174161815379687,2018-09-27-05-00-25
1.0,113.34340073930937,23.17415563123162,2018-09-27-05-00-25
1.0,113.34365027805502,23.174155196723756,2018-09-27-05-00-25
1.0,113.34464844512584,23.17415346906381,2018-09-27-05-00-25
1.0,113.34489798997922,23.17415303980038,2018-09-27-05-00-25
1.0,113.34614573339319,23.174150909976742,2018-09-27-05-00-25
1.0,113.34689439521256,23.17414964569567,2018-09-27-05-00-25
1.0,113.34739350987223,23.174148808706477,2018-09-27-05-00-25
1.0,113.34365026096687,23.174405102053385,2018-09-27-05-00-25
1.0,113.34514751899862,23.17440251695035,2018-09-27-05-00-25
1.0,113.34564661505229,23.1744016638902,2018-09-27-05-00-25
1.0,113.346145716296,23.174400815305944,2018-09-27-05-00-25
1.0,113.3473934927706,23.174398714035462,2018-09-27-05-00-25
1.0,113.33965775878347,23.174662074545385,2018-09-27-05-00-25
1.0,113.34015678740013,23.17491108387018,2018-09-27-05-00-25
1.0,113.34240254478102,23.17490709538917,2018-09-27-05-00-25
1.0,113.34265207886737,23.17490665689758,2018-09-27-05-00-25
1.0,113.34439885024626,23.174903615506576,2018-09-27-05-00-25
1.0,113.3451474848109,23.174902327727587,2018-09-27-05-00-25
1.0,113.34564658086097,23.174901474667266,2018-09-27-05-00-25
1.0,113.34664478863179,23.174899782067087,2018-09-27-05-00-25
1.0,113.3379110952161,23.175165047366907,2018-09-27-05-00-25
1.0,113.3448979216074,23.175152661355135,2018-09-27-05-00-25
1.0,113.34514746771679,23.17515223317556,2018-09-27-05-00-25
1.0,113.34539701509846,23.175151806091684,2018-09-27-05-00-25
1.0,113.33890914642261,23.17541314125096,2018-09-27-05-00-25
1.0,113.33915866583457,23.17541269031651,2018-09-27-05-00-25
1.0,113.33965770756231,23.175411790892163,2018-09-27-05-00-25
1.0,113.34115485691393,23.175409113041198,2018-09-27-05-00-25
1.0,113.34290157992668,23.175406030320513,2018-09-27-05-00-25
1.0,113.34789254455369,23.175397503556315,2018-09-27-05-00-25
1.0,113.33791106108153,23.17566485838429,2018-09-27-05-00-25
1.0,113.33965769048825,23.175661696420413,2018-09-27-05-00-25
1.0,113.34090531234986,23.17565946268046,2018-09-27-05-00-25
1.0,113.34115483983422,23.17565901856919,2018-09-27-05-00-25
1.0,113.34689429261083,23.175649078263376,2018-09-27-05-00-25
1.0,113.33691299011726,23.175916587564085,2018-09-27-05-00-25
1.0,113.33791104401399,23.175914763952584,2018-09-27-05-00-25
1.0,113.33841007629836,23.175913856600786,2018-09-27-05-00-25
1.0,113.33666346172683,23.17616695086029,2018-09-27-05-00-25
1.0,113.33766151215879,23.17616512436829,2018-09-27-05-00-25
1.0,113.34190339457909,23.17615750289902,2018-09-27-05-00-25
1.0,113.34365014134512,23.17615444046924,2018-09-27-05-00-25
1.0,113.3448978532329,23.176152283544152,2018-09-27-05-00-25
1.0,113.34639514920418,23.176149731133837,2018-09-27-05-00-25
1.0,113.34464829129362,23.176402618454734,2018-09-27-05-00-25
1.0,113.33791099281038,23.17666448089649,2018-09-27-05-00-25
1.0,113.33841002508899,23.17666357354444,2018-09-27-05-00-25
1.0,113.33940810084293,23.176661768232375,2018-09-27-05-00-25
1.0,113.33965762219036,23.176661318931433,2018-09-27-05-00-25
1.0,113.34090524403308,23.176659085190636,2018-09-27-05-00-25
1.0,113.34439873060299,23.176652954477653,2018-09-27-05-00-25
1.0,113.33641390004581,23.17691712630232,2018-09-27-05-00-25
1.0,113.33791097574218,23.17691438662432,2018-09-27-05-00-25
1.0,113.3381604914249,23.17691393256699,2018-09-27-05-00-25
1.0,113.33865952553715,23.176913026751997,2018-09-27-05-00-25
1.0,113.34115475443313,23.176908546806473,2018-09-27-05-00-25
1.0,113.3478924419258,23.17689693731466,2018-09-27-05-00-25
1.0,113.33566535637375,23.177168411220197,2018-09-27-05-00-25
1.0,113.3379109586738,23.177164292392163,2018-09-27-05-00-25
1.0,113.33816047435558,23.177163838334796,2018-09-27-05-00-25
1.0,113.33915854632599,23.177162029851452,2018-09-27-05-00-25
1.0,113.33940806669489,23.177161579727542,2018-09-27-05-00-25
1.0,113.33990711037563,23.177160681960405,2018-09-27-05-00-25
1.0,113.34614552821573,23.17714977654468,2018-09-27-05-00-25
1.0,113.33816045728607,23.177413744142672,2018-09-27-05-00-25
1.0,113.33840997387811,23.177413290847785,2018-09-27-05-00-25
1.0,113.34040614098916,23.177409693388494,2018-09-27-05-00-25
1.0,113.34639506370534,23.177399259766023,2018-09-27-05-00-25
1.0,113.34739328753791,23.177397581078132,2018-09-27-05-00-25
1.0,113.33865947432291,23.17766274417543,2018-09-27-05-00-25
1.0,113.33890899277579,23.177662292441823,2018-09-27-05-00-25
1.0,113.33915851217917,23.177661841506993,2018-09-27-05-00-25
1.0,113.34614549401714,23.17764958819784,2018-09-27-05-00-25
1.0,113.34639504660507,23.17764916561262,2018-09-27-05-00-25
1.0,113.34215280681832,23.177906402857108,2018-09-27-05-00-25
1.0,113.34240233976146,23.177905963398693,2018-09-27-05-00-25
1.0,113.33591479620232,23.178167574320394,2018-09-27-05-00-25
1.0,113.33641381473127,23.17816665554408,2018-09-27-05-00-25
1.0,113.337162348701,23.17816528249141,2018-09-27-05-00-25
1.0,113.3421527897332,23.17815630878485,2018-09-27-05-00-25
1.0,113.34689412159454,23.178148135728588,2018-09-27-05-00-25
1.0,113.33716233163469,23.17841518846028,2018-09-27-05-00-25
1.0,113.33865942310716,23.178412461960484,2018-09-27-05-00-25
1.0,113.33940798132183,23.178411109167673,2018-09-27-05-00-25
1.0,113.34240230558919,23.178405775294376,2018-09-27-05-00-25
1.0,113.33641378060429,23.178666467522415,2018-09-27-05-00-25
1.0,113.33691280240578,23.178665551455996,2018-09-27-05-00-25
1.0,113.3371623145682,23.178665094469494,2018-09-27-05-00-25
1.0,113.33741182758928,23.17866463819701,2018-09-27-05-00-25
1.0,113.3386594060349,23.178662367969444,2018-09-27-05-00-25
1.0,113.33666327402416,23.17891591519405,2018-09-27-05-00-25
1.0,113.33940794717144,23.17891092122574,2018-09-27-05-00-25
1.0,113.3381603377949,23.17916308592435,2018-09-27-05-00-25
1.0,113.33890889033705,23.179161728374744,2018-09-27-05-00-25
1.0,113.33965745143392,23.17916037801405,2018-09-27-05-00-25
1.0,113.33691275120823,23.179415269726345,2018-09-27-05-00-25
1.0,113.33716226336774,23.17941481273972,2018-09-27-05-00-25
1.0,113.3374117593178,23.179664262638177,2018-09-27-05-00-25
1.0,113.33840982023648,23.179662444930422,2018-09-27-05-00-25
1.0,113.33965741728062,23.179660190314884,2018-09-27-05-00-25
1.0,113.3379107709107,23.179913258495073,2018-09-27-05-00-25
1.0,113.33890883911542,23.179911446887257,2018-09-27-05-00-25
1.0,113.33915835851022,23.179910995952046,2018-09-27-05-00-25
1.0,113.33840978609204,23.18016225739411,2018-09-27-05-00-25
1.0,113.33816025243904,23.180412616982395,2018-09-27-05-00-25
1.0,113.3429012381703,23.18040414848816,2018-09-27-05-00-25
1.0,113.33791071969905,23.180662977374052,2018-09-27-05-00-25
1.0,113.33816023536737,23.180662523316094,2018-09-27-05-00-25
1.0,113.33840975194695,23.18066207002066,2018-09-27-05-00-25
1.0,113.3389087878923,23.18066116576573,2018-09-27-05-00-25
1.0,113.34315075744853,23.180653618296656,2018-09-27-05-00-25
1.0,113.34739374927753,23.17065013821578,2018-09-27-05-00-25
1.0,113.34939026440836,23.170646839170164,2018-09-27-05-00-25
1.0,113.35063813418586,23.170644818849755,2018-09-27-05-00-25
1.0,113.35088771272656,23.17064441878189,2018-09-27-05-00-25
1.0,113.3491406778475,23.170897151933513,2018-09-27-05-00-25
1.0,113.34489819507861,23.17115417890714,2018-09-27-05-00-25
1.0,113.3476432573901,23.171399435977698,2018-09-27-05-00-25
1.0,113.35013893039913,23.17139533747595,2018-09-27-05-00-25
1.0,113.35188599123184,23.171392546662815,2018-09-27-05-00-25
1.0,113.34664499381255,23.171900919766898,2018-09-27-05-00-25
1.0,113.35038847163975,23.171894744559523,2018-09-27-05-00-25
1.0,113.34739364667928,23.172149567489388,2018-09-27-05-00-25
1.0,113.34539720313438,23.172402848332865,2018-09-27-05-00-25
1.0,113.34639540567558,23.172401151188918,2018-09-27-05-00-25
1.0,113.34988927091437,23.17264526642999,2018-09-27-05-00-25
1.0,113.34914054099838,23.17289639158522,2018-09-27-05-00-25
1.0,113.3466449083235,23.173150445038512,2018-09-27-05-00-25
1.0,113.34689446361035,23.173150024773104,2018-09-27-05-00-25
1.0,113.34764313768189,23.1731487710838,2018-09-27-05-00-25
1.0,113.34489804125633,23.173403324048476,2018-09-27-05-00-25
1.0,113.34689444651116,23.1733999299448,2018-09-27-05-00-25
1.0,113.34814224359282,23.173397846499615,2018-09-27-05-00-25
1.0,113.34564666633801,23.173651948020566,2018-09-27-05-00-25
1.0,113.35063792884868,23.17364367879393,2018-09-27-05-00-25
1.0,113.35138666912258,23.173642482674346,2018-09-27-05-00-25
1.0,113.34564664924295,23.173901853271055,2018-09-27-05-00-25
1.0,113.34589619921154,23.173901428413718,2018-09-27-05-00-25
1.0,113.34689441231225,23.173899740406025,2018-09-27-05-00-25
1.0,113.35138665200753,23.173892387923832,2018-09-27-05-00-25
1.0,113.34464844512584,23.17415346906381,2018-09-27-05-00-25
1.0,113.34489798997922,23.17415303980038,2018-09-27-05-00-25
1.0,113.34614573339319,23.174150909976742,2018-09-27-05-00-25
1.0,113.34689439521256,23.17414964569567,2018-09-27-05-00-25
1.0,113.34739350987223,23.174148808706477,2018-09-27-05-00-25
1.0,113.35138663489232,23.174142293212697,2018-09-27-05-00-25
1.0,113.34514751899862,23.17440251695035,2018-09-27-05-00-25
1.0,113.34564661505229,23.1744016638902,2018-09-27-05-00-25
1.0,113.346145716296,23.174400815305944,2018-09-27-05-00-25
1.0,113.3473934927706,23.174398714035462,2018-09-27-05-00-25
1.0,113.3451474848109,23.174902327727587,2018-09-27-05-00-25
1.0,113.34564658086097,23.174901474667266,2018-09-27-05-00-25
1.0,113.34664478863179,23.174899782067087,2018-09-27-05-00-25
1.0,113.3448979216074,23.175152661355135,2018-09-27-05-00-25
1.0,113.34514746771679,23.17515223317556,2018-09-27-05-00-25
1.0,113.34539701509846,23.175151806091684,2018-09-27-05-00-25
1.0,113.34789254455369,23.175397503556315,2018-09-27-05-00-25
1.0,113.34689429261083,23.175649078263376,2018-09-27-05-00-25
1.0,113.3448978532329,23.176152283544152,2018-09-27-05-00-25
1.0,113.34639514920418,23.176149731133837,2018-09-27-05-00-25
1.0,113.34464829129362,23.176402618454734,2018-09-27-05-00-25
1.0,113.3478924419258,23.17689693731466,2018-09-27-05-00-25
1.0,113.34614552821573,23.17714977654468,2018-09-27-05-00-25
1.0,113.34639506370534,23.177399259766023,2018-09-27-05-00-25
1.0,113.34739328753791,23.177397581078132,2018-09-27-05-00-25
1.0,113.34614549401714,23.17764958819784,2018-09-27-05-00-25
1.0,113.34639504660507,23.17764916561262,2018-09-27-05-00-25
1.0,113.34689412159454,23.178148135728588,2018-09-27-05-00-25
